"Run","GSM1402321","GSM1402322","GSM1402323","GSM1402324","GSM1402325","GSM1402326","GSM1402327","GSM1402328","GSM1402329","GSM1402330","GSM1402331","GSM1402332","GSM1402333","GSM1402334","GSM1402335","GSM1402336","GSM1402337","GSM1402338","GSM1402339","GSM1402340","GSM1402341","GSM1402342","GSM1402343","GSM1402344","GSM1402345","GSM1402346","GSM1402347","GSM1402348","GSM1402349","GSM1402350","GSM1402351","GSM1402352","GSM1402353","GSM1402354","GSM1402355","GSM1402356","GSM1402357","GSM1402358","GSM1402359","GSM1402360","GSM1402361","GSM1402362","GSM1402363","GSM1402364","GSM1402365","GSM1402366","GSM1402367","GSM1402368","GSM1402369","GSM1402370","GSM1402371","GSM1402372","GSM1402373","GSM1402374","GSM1402375","GSM1402376","GSM1402377","GSM1402378","GSM1402379","GSM1402380","GSM1402381","GSM1402382","GSM1402383","GSM1402384","GSM1402385","GSM1402386","GSM1402387","GSM1402388","GSM1402389","GSM1402390","GSM1402391","GSM1402392","GSM1402393","GSM1402394","GSM1402395","GSM1402396","GSM1402397","GSM1402398","GSM1402399","GSM1402400","GSM1402401","GSM1402402","GSM1402403","GSM1402404","GSM1402405","GSM1402406","GSM1402407","GSM1402408","GSM1402409","GSM1402410","GSM1402411","GSM1402412","GSM1402413","GSM1402414","GSM1402415","GSM1402416","GSM1402417","GSM1402418","GSM1402419","GSM1402420","GSM1402421","GSM1402422","GSM1402423","GSM1402424","GSM1402425","GSM1402426","GSM1402427","GSM1402428","GSM1402429","GSM1402430","GSM1402431","GSM1402432","GSM1402433","GSM1402434","GSM1402435"
"Random_Index6_32_0001","-3.23987130466399","2.15871895097406","5.56884083255298","3.04936913269556","4.70719843894755","2.43602310623598","4.93849340636836","-12.9377891302456","-3.00654999904699","-0.00529520599590904","-3.30137510706131","-0.860322820778105","-0.403275863213881","6.97428867958712","-0.833135591932992","3.0889216137346","6.48166320785692","-4.72698782754426","0.535674037589962","0.851586045717745","-4.48591545142424","6.78370160818739","-1.50816337641949","0.0292029324539435","2.18515855290707","1.2847314680027","0.485694328228354","-3.3031814540611","-0.665539800776511","-0.637398516754089","-3.71076691573991","-2.91471746026364","-3.76165164781452","-3.21690807237619","3.48562551842956","1.58645240689008","-4.35825584823423","-3.30829382926451","7.05843049916134","0.600403036131591","3.11519170479974","1.89459900168378","-0.850421437375544","-3.32173830672409","0.0188434323387312","0.932653795945941","5.07843947233397","3.24930585900686","-1.78459243048667","-0.794661930582217","3.36316696500884","-1.24169632703377","-0.648684247376434","-4.52734418366057","-3.67862615194726","-7.03688435382272","-2.34358569247617","1.44290856978378","4.99066213764665","0.910386315952444","-3.30660117054798","5.76288190762516","-2.69145280967322","3.67063363367226","1.45602176889042","3.82527379843332","1.588303350534","-5.698705613641","-0.960018738833663","4.45865538213693","-0.227999114057205","6.93482034104457","3.05067430181789","-1.16482576742519","-6.96937859791576","-4.38669193260997","-9.25831256037543","-4.3233370610027","-0.241799048284257","-5.51641695929162","2.43190624816441","0.739414319720496","-2.78146518569924","0.619036013188977","3.6776029068104","-6.65304506240713","-9.04599673041261","-0.549855396518115","3.40038051280625","-5.6913757211479","-1.31439695780916","5.28751718941651","-5.00997187339713","-2.24586663927701","1.45467228865379","-8.57990510023592","1.67747891086027","-0.0910635309475292","-2.30290605129282","3.90595599208515","-4.95263840014252","3.27592121750638","2.84873606584541","1.26964928930541","-0.561980049834539","-7.80279445293911","4.47379458358906","0.826182989929854","0.529035789491954","-2.53863863941618","-1.84118701965547","6.13327438166787","-2.11701062227967","-9.59539292667896","1.18257243131231"
"Random_Index6_32_0002","-3.1396779522085","2.1337508666297","5.47848336194484","3.25739626488852","4.80275459477585","1.9686464803865","4.91186485440267","-12.7244638213264","-2.84308941493932","-0.234641550195323","-3.68273164367058","-1.15986313535122","-0.707269558217632","6.77439219791694","-1.41277775103341","3.01615687542187","6.22407033007724","-4.4486711688032","0.21371840303801","0.838091693744862","-4.20453058451527","6.77291548861256","-2.00956327663824","0.125465504824534","2.45552230362875","1.08929589274497","0.263388081556027","-3.62824607241895","-0.633288423484104","-0.955500761974262","-3.77840976180092","-3.01552837154125","-3.96679387001496","-2.83120143706473","3.01820467457348","1.57411752212104","-4.14173392661481","-2.99601850017884","6.90021233412554","0.114698365928748","3.34176645223995","1.34816118474256","-1.11001939274644","-3.51513212510044","0.239729280146074","1.17531278382728","4.97942074102057","3.31664111516935","-1.78420191076946","-0.384767911773708","3.43124059925183","-1.30934270332309","-0.707830388402193","-4.47604279734844","-3.46935703185368","-7.19354925952915","-1.95663080994439","1.03138782521108","5.00923101764658","1.04649843261418","-2.9380122396587","5.75471743756865","-2.62329347681757","3.64085750506793","1.10587985688926","3.35281579313543","1.5644167422511","-5.78585247302158","-0.950575392774603","4.32376283361347","-0.100007015614619","6.50893992450913","3.19336618526988","-0.920810430395161","-6.68201147637937","-4.39579696428618","-8.78805277219507","-3.85216201513361","-0.386562357779175","-5.06295848384148","2.58606928996348","0.194044310856126","-2.82934825050742","0.921877753107684","3.66997437383749","-6.55180871651992","-8.90271519440191","-0.64165672197147","3.52390247546962","-5.44255456051941","-0.887594582607052","5.23973365609874","-4.85524516199508","-2.18712890454556","1.36998574169264","-8.2708608650304","1.63021527253332","-0.453654749903297","-2.30855758855896","3.35015747056013","-4.8571939207767","2.8664594796272","2.98863557034458","0.783177823592572","-0.737669111612637","-7.38655320841178","4.67084734406672","0.334675985689427","0.930890324919053","-2.70885814140342","-1.4179329033903","6.1946278951807","-1.98044903631485","-9.22340946475544","0.806474851980876"
"Random_Index6_32_0003","-3.11601089909907","2.1387858112273","5.74551293972202","3.45204506496649","4.76113984452469","2.17854491489266","5.44638657686277","-13.0874322452515","-2.67397776999705","-0.45900966212074","-3.75186415078174","-1.37768437454432","-0.657529899609894","6.70689501404187","-1.50846825550472","2.89673545176464","6.31182271524105","-4.86046356959024","0.191829778730962","0.709507204350581","-4.38684018070959","6.63315949851984","-2.04142888796432","-0.181054589577018","2.5819602578136","1.06596942578244","0.35516458219074","-3.77172736373208","-0.66763560444075","-1.17358759630711","-3.79544076105103","-3.23063125390184","-4.42019116812578","-2.98970812823047","3.07978996347857","1.59514845073108","-3.93505958949739","-2.78415235326761","7.04868822969084","0.0324541579605985","3.40765710871298","1.28537359985623","-1.32522960344934","-3.34476904160191","0.283302899783608","1.16837340166279","5.03047194438108","3.61522458954926","-1.72055309369434","-0.482943058482774","3.45766196386476","-1.46948769922577","-0.934003624373937","-4.53421333397633","-3.88095234860521","-7.01913578916818","-2.22297542349725","1.13473144066209","5.35671220720481","1.43410557379936","-3.14189390967966","5.94388265635115","-2.86444429408766","3.6405126069404","0.914848538850808","3.33861536530523","1.3995412975175","-6.01136897739787","-1.18488611611273","4.25633209475931","-0.312354744989365","6.58932452844189","3.24198215721462","-0.931592661632717","-6.57727708779225","-4.30964482933374","-8.88019068288981","-4.05642560080685","-0.375302334095087","-4.88672337997343","2.60086567463054","0.103223161827746","-3.00931977732012","0.973984587901066","3.61608014201829","-6.57092048124736","-9.35265432530367","-0.898044269701775","3.62815205979564","-5.4401353223562","-0.870417050959289","5.16175461583425","-4.89160836709889","-2.16529729715036","1.25520436789502","-8.49769125726593","1.41843209606712","-0.280755527939057","-2.53996600853057","3.37421167337739","-4.9305307137653","2.91771624539297","3.00508350349901","0.857672541808503","-0.653915700336447","-7.65010590094447","4.83871524044543","0.257566582755275","0.882263056568807","-2.90734119757835","-1.53167695503277","6.50783550617218","-1.91819553496922","-9.66619838344398","0.857945330751331"
"Random_Index6_32_0004","-2.94132162778592","2.14019490894782","5.44771600385612","2.98990183330539","4.71257441024824","2.05982753138644","4.93253947017942","-12.7294010630215","-2.75890817863221","-0.115853116513087","-3.53080259721086","-0.939138069325134","-0.463433403436712","6.93718239283969","-1.16020994576768","3.05532433338774","6.21748682816655","-4.70880674787138","0.582454353407573","0.816179916844935","-4.2688156380254","6.8077966091426","-1.80755851776823","0.115706457813047","2.0983878543788","1.230481418659","0.376833996101773","-3.60076103849906","-0.573606726207901","-0.805719194182107","-3.84760247354352","-2.91955675731141","-3.8862610060514","-3.13204908029391","3.04485346619662","1.67988531969515","-4.22035224639459","-3.31022159614569","6.94685328784416","0.0693924616302112","3.18585811138518","1.66639825680948","-1.10900355576542","-3.56523767081214","-0.0565957748244544","0.946620380121495","4.96738356672403","3.1589361354966","-1.96532886139692","-0.742461236527138","3.43144723703026","-1.13257585118054","-0.473476472966339","-4.44753250255044","-3.48957567696313","-7.18809197925001","-2.14914950329126","1.11423811115271","5.05267444612206","0.948106888195809","-3.18105994663389","5.6687424896501","-2.82632168396021","3.63850010569079","1.24268603352722","3.33755969181108","1.54959666284503","-5.59523539133647","-1.01112693485828","4.45153632962386","-0.0828000414012259","6.52265925310643","2.97757485517901","-1.33198459974911","-7.06875895729747","-4.5221184521577","-9.24180257652784","-4.08068639055445","-0.308708622158166","-5.38944100601373","2.30732874756071","0.297265748431254","-3.08917157978674","0.685684036624535","3.72193704966441","-6.72107247279039","-8.95263901328891","-0.522337135861281","3.31995597624961","-5.77613138736555","-1.33369109116749","5.35149441751121","-4.97406085108425","-2.41927298592986","1.39288786919231","-8.57031530697735","1.66341370418237","-0.206226417081268","-2.08669275763627","3.47702258925947","-4.99509024020297","2.92083053822004","2.8009302193875","0.832849251926949","-0.773917783163097","-7.45784637675415","4.53399797580998","0.379090719460148","0.662577886868967","-2.67350905062357","-1.83735320286835","6.15240538974583","-1.99261053456496","-9.67874751327731","0.894894677050149"
"Random_Index6_32_0005","-3.14729752054977","2.40045097895733","5.76081965828714","3.40214423156222","4.98907827739001","1.88278111681256","5.1580123881794","-12.8996694498044","-2.98311921307632","-0.437822496056525","-3.83553159225074","-1.26299240939831","-0.777128825204198","7.03005648952888","-1.47633695358242","3.1980965666531","6.25863042285368","-4.81898828133665","0.169919878753329","1.13611169628849","-4.25720640415804","7.03251591717696","-2.17932414892842","0.299617305774079","2.44272645375502","0.919315753866274","0.39034631224864","-3.91701275663444","-0.483119105907837","-1.21967604669625","-4.05388627392823","-3.319197587699","-4.3432953869459","-2.8965940403399","3.01489976890389","1.57037966388174","-4.1407912977258","-3.20774207704678","7.12593468611976","-0.0785358126383437","3.45740661453372","1.20123846221872","-1.54978606211327","-3.74807873814192","0.256862272460919","0.924695837270441","5.26873673008236","3.32982314873843","-2.11980175964364","-0.541743040281706","3.79305535433051","-1.70796542943096","-0.951058108745293","-4.45411722068296","-3.68209203761843","-7.12622816096632","-2.06555143638722","1.01013890327854","5.28942902394981","1.11312851146567","-3.37964194037984","6.07202865518318","-2.95821486185209","3.97338801992824","0.934330664326101","3.25954651363751","1.58020050461504","-5.90670720439052","-1.34918041539046","4.71114217489546","-0.0522089773817456","6.62928094124434","3.28925565665632","-1.18090832488352","-6.91429579507843","-4.47411368375061","-8.99306117944315","-4.03461386000821","-0.621937038425766","-5.14369821077091","2.57654715032516","0.115764701306616","-3.03304232731716","0.801727994347686","3.96941002066688","-6.78402076398524","-9.2361546130124","-1.04214853596813","3.63451694321994","-5.51897794745884","-1.03082190032962","5.43091789610183","-4.88919086883666","-2.20844648018634","1.57640798000474","-8.40173036249935","1.9858205308573","-0.610914348631451","-2.31597799393481","3.33168294335914","-5.28489419811188","2.83089420090377","3.14018209678742","0.64141469883346","-0.961062648254293","-7.54436098110778","4.74821380380595","0.155187587785589","1.04859427635131","-2.83574950090952","-1.44841310350828","6.40742677752103","-2.09743735014918","-9.72330040648497","0.752533079189857"
"Random_Index6_32_0006","-3.11226621661691","1.97085837428804","5.37913189750513","3.05557269312867","4.69003091641049","2.04744503604159","5.0653161425746","-12.8305429755353","-2.90235722232066","-0.188012932666091","-3.68285183375606","-1.20283297859767","-0.418117913031631","6.70517656910763","-1.40377285054305","3.00569946600129","6.03552218733521","-4.75838281158368","0.312386499863374","0.722968805297121","-4.44954346604956","6.71122245839635","-2.02979455364596","0.0068906300428217","2.12189823313008","1.26018470231812","0.381364489785737","-3.71522719885314","-0.541029071668735","-1.015848768528","-3.77465917468045","-3.02126457999329","-4.04672285474375","-3.03073969905404","2.92086154977354","1.82352599855648","-4.19916292869883","-3.16134793800487","6.84690589422507","0.129456217501117","3.19508785152907","1.36263953518991","-1.11367100887442","-3.54115268403704","0.0179066448250389","0.930369334752849","5.05673291439013","3.27517929847327","-1.90268745172035","-0.681984979744258","3.39845088665681","-1.30478919192087","-0.710532778996222","-4.42880161030627","-3.51488586938195","-7.08562316906657","-2.26759705743521","1.0684739225442","4.89289172540848","1.08855109424045","-3.18749481884279","5.68465340300217","-2.82185683011584","3.62455041756862","1.1257691028129","3.14519463703857","1.61627038086537","-5.70286838815202","-1.10707123798763","4.26438675526411","-0.139247201662214","6.42786863545326","3.09231450612603","-0.935984818405534","-6.90141833909717","-4.68784143730359","-8.9874176585423","-4.065757065205","-0.241985490382407","-5.26444250142058","2.28111149084565","0.169450686809005","-2.99512139339353","0.774748231681582","3.61370475680249","-6.60343422388646","-9.06411115331773","-0.578259552071992","3.40920635305552","-5.49096464078765","-1.06867912923198","5.3382946378136","-5.08429672347536","-2.26169836676113","1.33974109501696","-8.35679606960568","1.60087161200843","-0.399942784924654","-2.16174215794701","3.31289744700188","-4.81642685716911","2.67552455758718","2.73236420740798","0.874422201334704","-0.754785765290209","-7.59848697079204","4.70606392902421","0.291939555080366","0.750900318737811","-2.62042108770887","-1.73276157452193","6.10614036381355","-2.02252660906585","-9.32588772590329","0.824215234778341"
"Random_Index6_32_0007","-3.26087211285285","2.16767944983631","5.58437744831745","3.05511242042947","4.90994016446253","1.97847211037041","5.28833263334573","-12.9369229952458","-2.8175605728307","-0.447216868218546","-3.90662056770129","-1.29202915199328","-0.581516650036177","6.98078696079046","-1.54935432054168","3.18837990579837","6.3408901800585","-4.7203047898241","0.16450387287709","1.05851408453976","-4.25825555752205","6.94417430804706","-2.21307942888616","0.178356798865499","2.28031846064302","1.19409201685672","0.509954944907103","-3.92333852478659","-0.622164742397682","-1.15106210863617","-3.96936648055069","-3.10002335859554","-3.88868915280738","-2.91686056400894","3.10091516974573","1.71944906451055","-4.16281577215361","-3.08002335094856","6.97559425943618","0.00611678047401328","3.38335440634564","1.25696348595185","-1.23569249439457","-3.73527067443692","0.182549471429054","1.00028057035598","5.15001779071886","3.24523565195628","-1.97041425004591","-0.618975110503829","3.61290598157169","-1.42031600869965","-0.798346025270293","-4.58472182824676","-3.5507236038599","-7.16172749831407","-2.18749599428125","1.0718838866793","5.05088979002286","1.31652743030681","-3.24757285337051","5.90276644056184","-2.90182262655648","3.74813177367179","1.02385724151481","3.44086461421946","1.65869296702156","-5.6943566865467","-1.01970096540089","4.50800321696162","0.0542631226604684","6.65786544846312","3.23778220214499","-1.05756528594165","-6.96449375531541","-4.51213067194612","-9.00655765059179","-3.94628674796655","-0.474933324693271","-5.23142295966163","2.42469012183066","0.0741124119411662","-3.1085692359089","0.835379916168747","3.72003472385608","-6.82850792837543","-9.25736987716663","-0.867305126110316","3.46070059045237","-5.53096651377525","-1.26334762542","5.55465164396426","-4.93265685191413","-2.2428908595072","1.54002346100312","-8.27932430165108","1.85527580559294","-0.475691661565345","-2.12134654628361","3.40236979352182","-5.1997466938865","2.93468761475367","2.83609325341637","0.688753602988163","-0.746187550562841","-7.52538727025098","4.65821636309964","0.114329400933205","0.909722958869201","-2.61446772977323","-1.57447177258981","6.20163476785684","-2.0320175456473","-9.65998226060332","0.681310120258018"
"Random_Index6_32_0008","-3.16085585826913","2.10107443303477","5.60055037161256","3.17920519560144","4.80944047245684","2.09768440976191","5.39947044145754","-13.1419784800643","-2.96644402615413","-0.387796330157138","-3.80427099352343","-1.32028958545664","-0.543255624168092","7.05280247209839","-1.54450689911717","3.04884662257474","6.46507069427573","-4.67494100701922","0.223740546807401","0.847723780577821","-4.43269563797082","7.06865537980397","-2.13610380785137","0.0554256405448214","2.23463080709591","1.19854740248674","0.299118910491359","-3.89759000898847","-0.639252052746841","-1.09719431153551","-3.8675667672559","-3.30575537422811","-4.0816174498816","-2.92712344180715","3.20478496618262","1.70585613839167","-4.26855349489163","-3.14480699376563","7.17512148073762","0.108459375731071","3.49458894200568","1.29102182063825","-1.21895698234999","-3.53220768181513","0.175281067892334","1.15132366401012","5.19929467921414","3.37207606831545","-1.80666263062792","-0.560158435648961","3.46941287947361","-1.46133179959953","-0.756143903591696","-4.71939386500052","-3.70374804823721","-7.19002192761357","-2.28236843009034","1.17787536896167","5.32260234983142","1.20633441008036","-3.20616592765187","5.93573093945892","-2.89137257835949","3.79035032389387","1.10171724893043","3.49392915274812","1.6137230672108","-5.84923095364134","-1.10906544139084","4.52025084363797","-0.00287483468282317","6.8263402156848","3.4305056351341","-0.915451520533624","-6.6533756428069","-4.692374350555","-8.85785928865053","-3.95990735835062","-0.409846463109968","-5.44232467254386","2.51661256969971","0.173175093884479","-3.02285544403004","0.833206105091811","3.87858409733399","-6.82332953023324","-9.2631786504724","-0.872029956560844","3.60673246769199","-5.511557157317","-1.12175113689673","5.56405495261348","-5.02603425361173","-2.25263163592031","1.31871402649603","-8.4266707314276","1.63245897522934","-0.36996888161541","-2.29206450646367","3.50035147099197","-5.15724548344344","2.86020078058414","2.86618453183997","0.74983086794646","-0.63732784248879","-7.68988405384566","4.87789375229152","0.303209489277467","0.841966934914311","-2.74625412400363","-1.78233996556313","6.39542387682343","-1.91940308607594","-9.73767071966835","0.837417409675283"
"Random_Index6_32_0009","-3.27371694852428","2.17475728390418","5.68155176472758","3.26160169481553","4.87581201436173","2.13155768887496","5.37441932149781","-13.2721938897321","-2.59901862552259","-0.415296740212859","-3.97090346585429","-1.33970756408608","-0.699337089815818","6.82991053408654","-1.512127011714","2.94214789243325","6.30685656641679","-4.5451582803913","0.0383231683842752","0.853680591353386","-4.21165229788305","6.76331404243318","-2.24546835955875","-0.0102394179560606","2.44147526028606","1.03830904037107","0.447825769099279","-3.89898822942055","-0.553760263386213","-1.18589330269015","-3.83959131247619","-3.2354209412076","-4.20732164638474","-2.81262873140999","3.11233539050427","1.61606576963549","-4.10058561743443","-2.94021355635347","6.9896223476297","0.0862910371510493","3.37591051832551","1.23378985564061","-1.29125963718057","-3.44061101829505","0.184030282748964","1.13982998818423","5.11955960217686","3.45906717542048","-1.73927296384104","-0.536004277744632","3.36455954154067","-1.51878820934577","-0.893704920997558","-4.53240693471331","-3.78603907728265","-7.10638115241419","-2.27710603688144","1.08576008521732","5.16500287416637","1.39127444267022","-3.19732882665498","5.91857630776087","-2.94122404218308","3.75542357993862","0.90297328919876","3.35407487155906","1.54397271511504","-5.91549515905597","-1.37264092805032","4.4317686929751","-0.264154704115833","6.53801874847359","3.3153449313811","-1.01920352369003","-6.7105574464153","-4.53448563997727","-8.98866152673136","-3.97020889975945","-0.330686426455212","-5.13797445297311","2.42788659154695","0.141790424711626","-3.09225884037484","0.907120114530156","3.57180170086288","-6.78338904377946","-9.36576986405026","-0.858654477143026","3.6385046116704","-5.41552974415216","-1.17248139189037","5.44466020893575","-4.7722711361447","-2.2272410235491","1.32259258830165","-8.41999100238166","1.55708614776533","-0.357446537847242","-2.37291628002444","3.38127677570858","-5.19108487449242","2.84580588921141","2.83844487128323","0.791867980293879","-0.541946214039679","-7.5205632124189","4.69913212800105","0.132686668369901","0.85135774853853","-2.80491230534049","-1.53945737004892","6.22394935762998","-1.77122126519856","-9.8441994155976","0.780518357713586"
"Random_Index6_32_0010","-3.07241836694011","2.2379398014297","5.68984409957125","3.32334920978773","4.88918405492857","2.10829907585556","5.13092605805738","-12.8568263343765","-2.86238577804141","-0.356895035211395","-3.74877453695152","-1.21259197779638","-0.557044223796383","6.89863180596321","-1.46710868354087","2.98533572968406","6.32597778869391","-4.72327691001427","0.281254124637124","0.769768891992637","-4.34349361834466","6.88508829378761","-1.92828240275635","0.0979843316209421","2.36848699445645","1.02681512198936","0.477281306342844","-3.74051987473366","-0.477185178743981","-0.861185069807925","-3.91586543565695","-3.14845533210326","-4.04753307829133","-2.89134188666471","2.99865213420147","1.55651543168196","-4.03008742929331","-3.05251187364086","7.14864838056923","-0.0995021722967782","3.3619912431013","1.38746239340251","-1.2712929819598","-3.47493697209912","0.260702620025806","1.17552219678204","5.26484345774726","3.56616716309969","-2.00180859364047","-0.514605528040687","3.65407788876758","-1.37459635609651","-0.735126256478397","-4.38158662068225","-3.64129842170613","-6.93858550119824","-2.08854984122349","1.03321720768123","5.16828253442685","1.25462655862867","-3.23631052894992","5.94190740511755","-2.93766893530042","3.9031729857777","1.01789279233334","3.40349963154156","1.34633261887329","-5.81005594029335","-0.945650797943564","4.51203008964922","-0.10276324744218","6.70988414217693","3.49076047636992","-1.07305292563769","-6.66597093770027","-4.51076206127173","-8.97576400433818","-3.99080993449439","-0.502682747605482","-4.97479643575759","2.62098563136883","0.171536169375118","-3.09182861108642","0.920434678510897","3.79301317094201","-6.60762460824853","-9.15681303903635","-0.994229668875239","3.65292941913051","-5.68950496004475","-0.967940714387661","5.27456442522247","-4.85716596487754","-2.13630931261849","1.35993798429954","-8.46621470613655","1.88173458155221","-0.492019569242253","-2.16511049835675","3.3026742669265","-5.10650900166713","2.90111737039009","3.03038839414423","0.672458337853368","-0.923786597565882","-7.56051675891451","4.87137610160624","0.35481716833668","0.768212138542895","-2.66973374370719","-1.57824617385075","6.54640483420651","-1.97064199096148","-9.5894358268279","0.765956314637652"
"Random_Index6_32_0011","-2.93858618692143","2.03627475168116","5.45526657624029","3.04135359235112","4.79769979548433","2.00405382312883","5.00377805402081","-12.9315954824885","-2.93091349961676","-0.170128790656767","-3.68864850986752","-1.20333448584553","-0.55215251831068","6.79271889348338","-1.398571516506","3.10077982349721","6.1350920854367","-4.61363687302839","0.213094533298889","0.971365200839027","-4.35508636763862","6.88209733023038","-1.97299680736975","0.263878009472313","2.23693256493653","1.18884275031757","0.382077866770592","-3.72111353839322","-0.575381741897428","-0.977325901837242","-3.95652761174516","-3.15509098284151","-4.01292665510283","-3.08087637826076","2.74406202665036","1.81917032135417","-4.370684317234","-3.34916412017651","6.96273662397423","0.12373928128467","3.2249267352926","1.44178533648724","-1.2011098310253","-3.4964057438394","-0.00564984208975059","1.03007229044473","5.03305087570379","3.14392508798428","-1.91095098660828","-0.631807738605559","3.48266972370008","-1.23819422486267","-0.738720775761136","-4.42798185318395","-3.52657750707731","-7.27367615195206","-1.94186555881714","0.820443508184778","5.03091472757806","1.05310655850372","-3.08984545995615","5.67935669611903","-2.94690752760116","3.5707200721581","1.19782362055056","3.21958190135623","1.45574518164094","-5.76703372523078","-1.06310901474231","4.39485193468798","-0.154628164957642","6.50336374778771","3.02066705782886","-0.958634655903102","-7.01525401692225","-4.58655717248129","-8.83724924083599","-4.19130942147743","-0.414051742215873","-5.43734283899894","2.25048523314268","0.190506909272536","-3.08540356172669","1.07683768652244","3.62999211651365","-6.7248056132081","-9.22545271049534","-0.588466581253725","3.35953044253938","-5.57690576272041","-1.16463249530191","5.35948258428109","-5.13359967483166","-2.19882908380049","1.47138710277382","-8.25180319557925","1.67657229195085","-0.415093037589973","-2.26745228044374","3.13593256798714","-4.89628769042836","2.70330101945086","2.79578805143311","0.862331955930704","-0.625119970437239","-7.41674213958802","4.60212070856964","0.241505617815419","0.67180081680496","-2.59654828497554","-1.77974234607535","6.08953041594559","-2.12598273009535","-9.4203826957488","0.85022530110137"
"Random_Index6_32_0012","-3.49020898848917","2.38456207147436","5.6686851679969","3.24896873216241","4.78457717370486","2.09589696562602","5.38886051948496","-13.0402074384734","-2.90848972836496","-0.577470655994571","-3.96161144239283","-1.57367140365131","-0.803103033964083","7.08472993134369","-1.69409664868947","2.92070361222422","6.40082742814757","-4.62002095978223","0.00520463704723862","0.833534148832801","-4.47570493223291","6.89381254709065","-2.28989870925249","-0.107241941571993","2.45588449667235","0.927015598926971","0.166052754443026","-4.02709107103279","-0.721391864034684","-1.30111558174548","-3.81477504436742","-3.3085221150003","-4.23131022089139","-3.0711359859798","3.28497637584573","1.46991441888431","-4.02653033987157","-2.91259697343234","7.07518772670023","-0.00230616888221773","3.48525851911731","1.1575205549512","-1.5227659882499","-3.78854013639271","0.242771199215802","1.13740679373061","4.97597039868549","3.55493133494106","-2.01599936478263","-0.395437141496206","3.49625040568978","-1.64339379963919","-1.06082900149334","-4.61791353028622","-3.77604670885552","-7.31782752553647","-2.23813194224463","1.18307285326889","5.34110681193063","1.34914855739032","-3.09773886643135","5.97299103413818","-2.76922266667382","3.84716347427522","0.884046510652228","3.58151291043027","1.56754605234618","-6.01358686811399","-1.30282443035722","4.34307003244316","-0.149721550691564","6.67185435187645","3.36868504556338","-0.938120491587043","-6.62560251586998","-4.63407170046164","-8.83661448563029","-4.01343953053717","-0.504374747053479","-5.08250199789207","2.73898062967281","0.129932630589302","-2.91382588661833","0.924251131892531","4.0169691668753","-6.82255873895724","-9.3274527512933","-1.05363751067007","3.68020313132921","-5.59625851576262","-0.866492026943853","5.33849416994539","-4.90993360690937","-2.25264269355575","1.28631868683175","-8.47907089097575","1.490899399283","-0.475962689196635","-2.40890993068302","3.48601587637702","-5.208562083431","3.05120200872179","3.10629529363037","0.696602909042564","-0.831340687550946","-7.89939702120995","4.93049504155013","0.148300025667878","0.833006610736418","-2.91577763225548","-1.49603724459065","6.63158993319847","-2.22355553067696","-9.68666683325632","1.01246712828171"
"Random_Index6_32_0013","-2.95019149261654","1.97009990788297","5.54426846471131","3.11016218309022","4.70972484365611","2.01790417057402","5.12132988256871","-12.7997347856778","-2.72913942352732","-0.292230006912371","-3.60326088683083","-1.12512056653123","-0.601376902629007","6.72957230628248","-1.35260129324848","3.07125477854456","6.10048795061534","-4.52081316301998","0.237312998482186","1.02120449091134","-4.19869206490673","6.66707837917349","-1.97473679300343","0.191240844455435","2.35976973024596","1.35359230990537","0.415985171695342","-3.65723117315587","-0.501165371708405","-0.992746275612822","-3.84673723975167","-3.09360074951081","-4.03327767623816","-2.91751148927798","2.87567504763487","1.67626055827216","-4.14815882192912","-3.15794791458632","6.88094419989163","0.117058685437482","3.18161435856802","1.3786087365311","-1.09956617184476","-3.4001418609178","0.0264620661767762","1.02232461805987","5.09813647727574","3.2841659020811","-1.76998305543502","-0.58853263627819","3.46576962781527","-1.28623536328059","-0.711851971766374","-4.27957103802993","-3.47254675962329","-7.02079371285667","-2.1134170714278","0.94594119414908","5.00383805664489","1.22069278988935","-3.05505564631608","5.82334772498563","-2.85163681136954","3.48725989822922","1.15105608907253","3.13406561011997","1.70909275436613","-5.67003130828869","-1.13333059389114","4.40239521729163","-0.163518997329775","6.41889616379414","2.95409513137564","-1.32007700159258","-6.85897119717642","-4.33467716006829","-8.94847155797922","-3.91164756786261","-0.225545809046028","-5.16404547279184","2.14806774692654","0.101657930376549","-3.08654678071989","0.694995477335927","3.49010505845762","-6.59573394686331","-8.92305463325841","-0.609833547493181","3.45149004508366","-5.38074816628057","-1.2075561067977","5.28571730729927","-5.09143679244739","-2.27531384623977","1.31334049147322","-8.310420787893","1.61864276918422","-0.323641810139768","-2.34546778533779","3.18599023818324","-5.19252655980262","2.74266805607301","2.65854242844843","0.79871812884979","-0.527694839547561","-7.43350645849107","4.52669343502786","0.278162894352748","0.785779509123792","-2.5945228447231","-1.75913336494872","6.04639115900896","-1.73446969444226","-9.49021903879332","0.668851028712338"
"Random_Index6_32_0014","-2.98112297435481","2.09238895867001","5.37675066275925","2.97470905174443","4.73336771645027","2.11561507383395","5.02195963817919","-12.9105753585406","-2.85500934775867","-0.332963024025722","-3.62474749893861","-1.17287189295945","-0.603817146748083","6.89074264301561","-1.2972726692571","3.03764367207537","6.37054097682104","-4.51910162493388","0.329052979845197","0.866647257339886","-4.52164918630723","6.77686536803343","-1.88882206393767","0.0794376461469937","2.08599929936386","1.2478971737652","0.497207069932538","-3.64773982597939","-0.601046047844165","-0.892898340202659","-3.86949261603462","-3.00399950396321","-3.90296036214967","-3.12749421645172","3.16006383067564","1.65588970703572","-4.32999023109189","-3.1102909462996","7.08827374954385","0.2437544424645","3.19215404723655","1.55352967245762","-0.998549350656079","-3.51154779151737","-0.0516442467510685","1.09282321870142","4.91364327082353","3.23358845758235","-1.86402701320878","-0.743722356053179","3.37970454212489","-1.27046998248783","-0.612126170230778","-4.41157135117871","-3.45638466180333","-7.21500442533549","-2.12278851879149","1.16742651959628","4.94920064082978","1.05769137028422","-3.21326477966513","5.57383444303276","-2.78469308815313","3.60705493466364","1.25719402873034","3.50673388665467","1.69324762360186","-5.74208504026308","-1.06608292891776","4.32179392942226","-0.00798533068150506","6.70736031206713","3.20505890334005","-0.921666489739284","-6.98850023980158","-4.55988135165131","-8.9616120726359","-4.17691884528678","-0.378199016250698","-5.40291194293478","2.40424434603613","0.261826951672675","-3.07058204551732","0.81295301243562","3.76906475947513","-6.75568753127061","-9.08392116156186","-0.60938858520426","3.32192924548241","-5.59768888622417","-1.25429926197275","5.37277842453059","-5.14640409913284","-2.43919812841562","1.38489709333199","-8.44526854114529","1.6360928678695","-0.357934357110098","-2.24988842737745","3.55224026537315","-4.98065907018802","3.03382460184987","2.73069108031591","0.89486820020456","-0.512237318108144","-7.77789138219226","4.60584769948059","0.267609360929213","0.671383745597206","-2.54415444221951","-1.86411914737131","6.20694803560285","-2.09419608002451","-9.51557166441826","0.960866596481703"
"Random_Index6_32_0015","-3.11034419932309","2.33433186444738","5.67692703009891","3.27545993518482","4.80643188989801","1.86088012244962","4.91079709325513","-12.6174358853464","-2.85830340410727","-0.417580620249037","-3.75752337038133","-1.16813768782118","-0.749480346058855","6.89439865956238","-1.47442995675461","3.04084095596241","6.17226449791095","-4.74831540997451","0.201555617943213","0.907830863312744","-4.21549445113637","6.88340738930776","-2.12346207554115","0.195689789725269","2.50795089364265","0.980385202337449","0.400788646656302","-3.82591708394636","-0.582769437228869","-1.06640254276663","-3.99279144988281","-3.17384607497464","-4.00062503823055","-2.92406257259006","2.9409380102512","1.61278739690314","-4.24363836219502","-3.15833100525067","6.95247541091422","-0.129651956305705","3.48771258107293","1.26847858911451","-1.37776563286965","-3.65025079797244","0.0737139975172414","0.921870524333783","5.15067701520018","3.37389330410827","-1.81253154098951","-0.486642376885614","3.54451886715825","-1.30260474255492","-0.823357792746633","-4.48773204387926","-3.41080482060779","-7.03164441099862","-2.11434174899236","0.930718161609135","5.19776478714315","1.12764882984685","-3.21251743527269","5.84300799947164","-2.92152149436709","3.71277901540989","0.882937246516102","3.14550056140704","1.54782024677002","-5.83718840244225","-1.30610824788514","4.45007285974297","-0.224641410950657","6.55549740802926","3.26118111797028","-1.14184977662353","-6.78376471015048","-4.3757238569145","-8.8748305838544","-3.85338434121181","-0.577449100354275","-5.21466081709759","2.38582009726416","0.145041394695224","-3.09198271281985","0.925064699551772","3.68599784103556","-6.69489490858471","-9.07353111020053","-0.917211380312592","3.62682595520861","-5.56035113981758","-1.1112509383822","5.35699260508575","-4.83147171323238","-2.24623419199555","1.50135386580482","-8.3012131683569","1.65056889411437","-0.502939899736765","-2.15978257609195","3.28843655001423","-5.10954357742413","2.84913266714086","2.97307291632672","0.609832187803583","-0.85886508898481","-7.38193283232112","4.66203167030131","0.180205318125238","0.825249508536948","-2.79533013563029","-1.53266830665758","6.23788612304037","-2.13358880167037","-9.57559431515377","0.605872393979469"
"Random_Index6_32_0016","-3.36343332607291","2.31285539658518","5.65083532408517","3.34400113020593","4.81291066118186","1.99180170366752","5.28860255739176","-12.835528713155","-2.7628705164914","-0.477063854448041","-3.96465106203934","-1.38046858503257","-0.835132355711715","6.9652568480481","-1.66203521962022","2.88957975661632","6.73433573217658","-4.57548576708002","0.058644572811926","0.739585173199331","-4.35035224175567","6.94456071312528","-2.18996614262308","0.0195272696725964","2.5072313593509","0.813024958077469","0.262843990823834","-3.93664655797953","-0.643022461073857","-0.993773351939763","-3.86233768100333","-3.23506450529395","-4.25663867913547","-3.00904524075104","3.33842809467024","1.25235287941136","-4.2278261810011","-2.87378888699595","7.148149771465","-0.0932322507653818","3.2583921508343","1.26740954493722","-1.27980612041924","-3.68648071200291","0.0636008410741509","1.09163248557315","5.102063847506","3.46233036474537","-1.98993660514412","-0.441415224103095","3.38533178689668","-1.54982312075572","-0.883461449274824","-4.70988680693367","-3.63977563389339","-7.35620977127457","-2.17986428490488","1.33650464400326","5.33018011812233","1.25481644611368","-3.19962438544942","5.99255707560624","-2.86212469177003","3.85233187591694","0.906129041620182","3.70945653837596","1.55910226324936","-5.95574331961733","-1.11668717824872","4.39503278472159","-0.364217443255117","6.97538260564978","3.36255962295878","-1.02500875479984","-6.76807786205641","-4.72281251985668","-8.71445853832303","-4.01415331853516","-0.498627711418266","-5.07633762509045","2.62794121465414","-0.0197968460002637","-3.08515274019927","1.01419906115091","3.93930758861106","-6.83240758369176","-9.18880886690383","-0.909444641382815","3.80925914281159","-5.52255286384257","-1.11801243363478","5.38435760736984","-4.72236403513836","-2.37316139076825","1.31966398774385","-8.34081949026234","1.47994782949931","-0.416319273253457","-2.26726959643584","3.57762117449992","-4.94255696669109","3.24371216774834","3.00532861183272","0.536832609289074","-0.735248438041184","-7.59124354432228","4.99596473496328","0.0836548391767032","0.91087844585514","-3.02300160557366","-1.49746340093424","6.4576475006252","-2.2005801495666","-9.56648135246692","0.804143555482724"
"Random_Index6_32_0017","-3.17901441705952","2.13878906359234","5.54910724216579","3.10215715169621","4.7787063344461","2.07316974113869","5.21791871808885","-13.0018589233901","-2.94564966087641","-0.285168244715953","-3.8009863452936","-1.14194075396107","-0.632812973929694","6.89966178823387","-1.47106516685352","3.2073662818256","6.31200987838157","-4.77449992937494","0.223831038455464","1.09207227196138","-4.37407262883757","6.88878689663999","-2.00427532798089","0.17824898052367","2.17621165426448","1.12442493025216","0.515415414354437","-3.7330823633311","-0.564632076058298","-0.887974760969414","-4.05479196739985","-3.12768119810485","-3.97011886327677","-3.00442879450855","3.08634785001432","1.59687760813971","-4.46062893752503","-3.34718158957615","7.0046718948022","0.103276256820575","3.2306574162512","1.51872896164686","-1.16574481319474","-3.5569967962574","0.109235390321051","0.969415571353883","5.23270852469292","3.16871251542166","-1.68957491902613","-0.776859533619571","3.38399081260444","-1.35181558722399","-0.719321728776249","-4.48867821036321","-3.59749186667701","-7.31430206941352","-2.1259753250108","1.08525169009872","5.00182320544656","1.16609225001246","-3.30594657031793","5.77406353258489","-2.98132218301415","3.66819758616903","1.17038011409243","3.31268877905413","1.70621028539078","-5.70440989205393","-1.13911104267786","4.58532636463927","-0.121953926311049","6.59242394999025","3.19714892617618","-0.994036918413374","-6.99556449541047","-4.56583289914598","-9.10821821322331","-4.1699350087802","-0.371241935909298","-5.39528097563666","2.29162176298365","0.182794178258787","-3.09227565764398","1.05522197066282","3.68980091515807","-6.80894924066711","-9.06846222153208","-0.662706318170533","3.41293547927327","-5.49964808382311","-1.24429426341058","5.5232772784308","-5.1097620918804","-2.10324461608826","1.51855378022877","-8.46252376108392","1.84454831997864","-0.471107088421159","-2.08942581259222","3.506427493479","-5.10577291797187","2.8971657415127","2.76174189953131","0.793108538799834","-0.619987703283882","-7.77325688075852","4.50503105971734","0.349728484482348","0.720685147497179","-2.7031537027819","-1.82422499850969","6.15784259951847","-2.11693513567198","-9.70148532042414","0.793216600034653"
"Random_Index6_32_0018","-3.00539120313181","2.010238916296","5.53299767912137","3.06987938614254","4.70096973531834","1.98470443528836","5.14457259869641","-12.9349115430877","-2.75438247756035","-0.272810385068595","-3.8314242280556","-1.14387638363499","-0.631299848579966","6.75776973907502","-1.48092692651491","3.15069609189232","6.13821256065965","-4.43934250246517","0.22512676166913","0.963710377137784","-4.08355508317064","6.67963904953904","-2.07281479720458","-0.0195071448088025","2.37852791476984","1.21306872045812","0.394907183107008","-3.8473960493734","-0.490778175856095","-0.985049358169448","-3.89551621507241","-3.09370483394731","-3.79389548022794","-2.87768297816411","2.92678091607344","1.88087634424862","-4.17334052993945","-3.05724655739868","6.86140457692774","0.164606503920148","3.18413418463361","1.31129354486298","-1.20788716557388","-3.70793151603804","0.127940524872025","0.787718670700369","4.88518345659587","3.24602043390821","-1.68058668952186","-0.711120596482444","3.47174425685326","-1.3714364062029","-0.768391935441408","-4.41832019620158","-3.45235759853275","-7.24872199305471","-2.10218063911622","0.90348422462755","4.99295818272354","1.15767990915016","-3.10948552466496","5.70746667570527","-2.96822267175086","3.62012289840289","1.21806726687618","3.13811333293235","1.78414370253247","-5.78134846780034","-1.29283028664825","4.30500997895472","-0.106260187044654","6.46885436468497","2.94842044424608","-1.16260761030038","-6.69107556335679","-4.50617982642391","-9.13196148917094","-4.11743491919068","-0.341865027204976","-5.08794821080993","2.22793237033093","0.241900317993721","-3.13528615747217","0.847082187711537","3.61556540837283","-6.79385519227437","-9.21411490654464","-0.557348124582997","3.28130825129394","-5.54015917473219","-1.33220634012157","5.25642664855812","-5.02369614861654","-2.36095447803445","1.48467375817148","-8.36651284003663","1.6050736090458","-0.40040237428715","-2.18605812179292","3.22178883065521","-5.14750798915714","2.80149285187554","2.7526015529299","0.822949440513147","-0.612005703989389","-7.54813842915268","4.51698413674344","0.252014616329754","0.945218304169406","-2.63059206622598","-1.70750608841151","6.17466150518266","-2.00387490802579","-9.64168687805531","0.922648535756554"
"Random_Index6_32_0019","-3.2771491680363","2.17405009691868","5.65565008684062","3.17444985198986","5.04271180022866","2.14796829113906","5.41059297871784","-13.0812284834712","-2.81280864482313","-0.360081125045583","-3.81122363771431","-1.3481991226555","-0.637208489388686","7.0891009665385","-1.4606621970912","3.07526004234357","6.49514371754223","-4.61777206326533","0.164022226215593","0.85350917377138","-4.60449048789176","6.95812203209624","-2.08748300397089","0.126668110175834","2.16082926746811","1.17335421167602","0.519137681386355","-3.88404072464833","-0.360156697345787","-1.09947932968394","-3.89836648421218","-3.10080447852939","-3.95387301735217","-3.14387602259244","3.30023306730607","1.69302924841345","-4.27010491227519","-3.13553939388402","7.04191008118699","-0.034877367294018","3.44133732437196","1.34198580259656","-1.24930375631727","-3.77760893850914","-0.054645601899617","1.12380468495204","5.25307280697259","3.50704935758942","-1.82672170956688","-0.71391431349483","3.43245440881411","-1.5503932852628","-0.715139300150226","-4.61056351764857","-3.44225355695722","-7.39788610610271","-2.16394113379768","1.23082618912383","5.17966762466769","1.32836582938617","-3.38366754564335","6.06458115646369","-2.95671151620704","3.852488087913","1.0910436421518","3.58900853629309","1.70597392002747","-5.85791601994891","-1.26951774925739","4.46536006272411","0.114445173239652","6.83045619836447","3.17765670603536","-0.98345456111438","-6.84151259968589","-4.67224384773728","-9.10679502076439","-4.13652397858382","-0.452186888229003","-5.30543227261099","2.44743835166861","0.30870948752982","-3.0798178780988","0.933080674538828","3.80820522245414","-6.89382486953722","-9.29110646613313","-0.851971723367507","3.5304117971258","-5.43655240254693","-1.17462939554684","5.5326761910593","-4.88345011677973","-2.22985765415398","1.43726422516642","-8.36775559372316","1.8417958992102","-0.343168004148215","-2.18310266763823","3.60616445252922","-5.19262400510475","3.13864371447295","2.87993207517953","0.808691107119137","-0.595279686719699","-7.90612842705463","4.85625538142931","0.252683911341104","0.742392155603697","-2.7709106308405","-1.82967993878731","6.43143536121042","-2.10440662637459","-9.93205091554111","0.951997658304452"
"Random_Index6_32_0020","-3.07629604073115","1.81473691873098","5.32941791241853","3.00865607488724","4.59866148793916","2.14046960061991","5.44378807189656","-13.0579965741254","-2.82134220906317","-0.156749139635907","-3.64034592957714","-1.09232526401374","-0.351529102950089","6.83350320958308","-1.33179930436736","3.11785103626537","6.2729877989581","-4.59866308303098","0.365201700341539","0.852474604422537","-4.27448987308347","6.76460628032518","-1.88532071411691","-0.290107165565913","2.16249079173649","1.63017499127664","0.329912171010785","-3.74219489838111","-0.5294676962947","-0.889576976784683","-3.83227852104617","-2.85601510126794","-3.90298724035791","-3.21972464882449","3.22604660324128","2.00270863336372","-4.01398839474236","-3.41602536132964","7.05100225852201","0.294134054355865","3.16432369127833","1.55942991345071","-1.14905802798686","-3.55944713108605","0.0187571844386504","0.618424636082968","4.86529114348383","2.95276787960362","-1.69629785152165","-1.04236774337349","3.32628870155376","-1.38782096430405","-0.465789461310631","-4.49200720915375","-3.59637445367846","-7.26320348299549","-2.38542091926562","1.25041135700494","4.94055454951242","1.1827222950307","-3.22176046779468","5.77494648360577","-3.02910285895621","3.52281803909212","1.30776169017676","3.44096310760642","2.08684521306713","-5.64794239569514","-1.08532795252301","4.20267698662561","0.070892409972071","6.37465760040872","2.89710457747966","-0.985062994337358","-7.00571588354892","-4.40182543728403","-8.91381920380659","-4.23290768548922","-0.270639888812907","-5.23216120384177","2.3338590146574","0.340578418835904","-3.06527900710031","0.45706678870065","3.49209503477249","-6.77203833495726","-9.27237338291473","-0.535185871809528","3.01259642534688","-5.66821467335525","-1.47291178633922","5.10326327344202","-5.18323292300594","-2.36985006081174","1.28436164041972","-8.44808463609091","1.49243394794948","-0.212058641557048","-2.61173698654041","3.61614706906456","-5.06663543037404","2.91722985643682","2.53716523629385","0.864616182855092","-0.306923415005527","-7.690582499553","4.39829338286652","0.324160359073826","0.664454952839307","-2.44021514282464","-1.90495309567187","6.06032897635327","-2.10267787514683","-9.62345117893566","0.996084457340207"
"Random_Index6_32_0021","-3.14610071347995","2.24365442074131","5.68832538241956","3.26144283771179","4.85936142089731","2.05631270787369","5.13852893987957","-12.9672437974857","-2.97544912587472","-0.310464587637891","-3.86076733623259","-1.34889734263173","-0.844281854062321","6.93703712115029","-1.71431673959178","3.17902874783309","6.30950598377895","-4.63883397425809","0.0350740768412718","0.916749613054743","-4.23593210380882","6.89572224916859","-2.11524292885147","0.202443329338659","2.34077595320531","1.01692552582989","0.524639605587952","-3.87072255615578","-0.508511767803954","-1.13866902109046","-3.9435932911556","-3.26607077906566","-4.08156021671008","-2.79281993938311","2.89147104011319","1.73884903515348","-4.18613774094245","-3.06298831093534","7.06054547609876","-0.018029890234394","3.39789914281429","1.36538776251423","-1.33673531457544","-3.67672110836827","0.167808674712762","1.05172234335364","5.16698061597226","3.39289811979859","-2.00926889244047","-0.567110175475026","3.56040340477555","-1.46697893554475","-0.878147117159353","-4.66478938914016","-3.59726462310988","-7.29789381657459","-2.24599628105438","0.890712764679273","5.22527421442752","1.3218913883084","-3.2277374825964","5.9699497260377","-2.9053847470984","3.74099136153571","1.03367226163974","3.27896269214592","1.68552613293032","-5.74173358083352","-1.21626155191623","4.53159219056833","-0.0944461014366154","6.58546449091183","3.42197118478938","-1.14979626200079","-6.88801031534061","-4.6809251319687","-8.95401617915917","-3.9439452223481","-0.419378098728767","-5.32385687800154","2.40157560228379","0.118106599870764","-3.16523995516354","0.911558437323075","3.66512063876291","-6.81089290184067","-9.22918680115597","-0.770612420265752","3.57557534315384","-5.4017984115069","-1.26884001923799","5.34431161058167","-4.83511288398188","-2.11866369180477","1.48111044390111","-8.39840956384488","1.69059207641287","-0.440529997984023","-2.2429655247977","3.19651226971569","-5.20838608702378","2.65753290382682","2.92733193797488","0.694203635231013","-0.662069833262933","-7.64544719013126","4.78329063814609","0.195069699338241","1.13478044178527","-2.76537478385766","-1.56955411660863","6.30071834789416","-2.07307513558715","-9.67750007429865","0.743727030502112"
"Random_Index6_32_0022","-3.19899928538001","2.11790339599117","5.45092842748123","3.15124336353314","4.67454835512311","2.11970398982395","5.26832654676281","-12.8932196498524","-2.79356674489792","-0.160940277129106","-3.7505045874453","-1.15281304474649","-0.503798422606242","6.8380044418114","-1.41282263327581","2.95774433171237","6.21702712795966","-4.7312156009882","0.225992559836486","0.823778142234683","-4.26650143489582","6.67782344646865","-2.04997020238145","-0.0306436153044713","2.23407575014021","0.981604682997501","0.345401994925557","-3.75249192996623","-0.707965222277841","-0.912235016676655","-3.73914208742587","-3.01623561521994","-3.95227842807149","-2.9503317418334","3.05641589800615","1.73430348582994","-4.30929173565359","-2.94226021162899","6.77789563793449","0.029408769764957","3.30332377716529","1.40476385344631","-1.30020646103594","-3.49840760172626","0.102093153314818","0.941997744142301","4.98995793881928","3.33580804968054","-1.78428708381447","-0.485580707984526","3.43857632111012","-1.26132743686559","-0.617138726711383","-4.36774745239901","-3.53045010554015","-7.04066021497089","-2.08278989630025","1.06170361642617","4.96851016151027","1.25115677124084","-3.23363608027956","5.94194537082407","-2.90434003068308","3.62929244610686","1.16743996068311","3.37072232847013","1.69004206282457","-5.72996618846308","-1.0892503597013","4.2545060349076","-0.226699395869611","6.38783298113696","3.18950482909727","-1.14450450904483","-6.65458825630979","-4.32596272619116","-9.12725695341567","-3.86545973432537","-0.419844536541258","-5.14008761878454","2.40182553887862","0.221659074151272","-3.04330485674794","0.883234820484381","3.66496341826875","-6.59709215997817","-9.10433351787325","-0.830988462227502","3.55111819424142","-5.79782894345608","-1.25484980842826","5.26306714741735","-4.95382980369763","-2.32758983039948","1.43375315500176","-8.52800308226008","1.65734328319683","-0.341624912818253","-2.07959770441661","3.39457486918507","-5.03279739575233","2.87465031951923","2.85479992999968","0.807672873336359","-0.757251665078592","-7.43391837565065","4.61162714494311","0.26820536890431","1.011884556329","-2.65533916851658","-1.65481891486333","6.22984108750819","-2.08769891535189","-9.66743727211522","0.955284627077291"
"Random_Index6_32_0023","-3.08703422075742","2.0540652920735","5.50205776526596","3.03441916772071","4.80066291648193","2.06833545213742","5.17169646021079","-12.9885011531215","-2.93127991545265","-0.163147113996334","-3.55308784274673","-1.0974081558997","-0.586858500826599","6.98694570349674","-1.21872367885487","3.1395241935575","6.27088781443537","-4.7165648373391","0.463356854281202","0.857457977897648","-4.38807484312576","6.85144418403983","-1.89528939319197","0.104846049738389","2.13727204966325","1.20450781848984","0.462776355707249","-3.73038317892652","-0.516060924844085","-0.926353859026383","-3.87508997650655","-3.04090273966436","-3.92671186675933","-2.99742791435815","2.96301605211447","1.71255799414407","-4.37234699000882","-3.19094981296376","6.9055412366874","0.10575632200054","3.31559140774051","1.4708263028997","-1.16044870292693","-3.54157529666179","-0.0824823532738704","1.07187341315843","5.0833418457998","3.18157753618493","-1.92532534840407","-0.792817520085456","3.40437355258268","-1.32212891376286","-0.548361190279559","-4.51206556306764","-3.42790769582829","-7.29469970720614","-2.11750605950851","0.988526960191114","4.99425260116307","1.23105587863509","-3.34395743152576","5.79344722593832","-2.89941526985079","3.61605300333597","1.20412575289525","3.28389275691233","1.7201157210637","-5.88451278511648","-1.11689485394312","4.41517880272861","-0.12982057503472","6.57998333489911","3.09834765892831","-1.11534101955614","-7.04191259807475","-4.58410886730927","-9.17049298937781","-4.13026857825634","-0.345449148769815","-5.25896405084197","2.25631798467822","0.314826456333181","-3.02648206340846","0.820505918658706","3.65156569385248","-6.67613469589986","-9.15051575004368","-0.608901474938862","3.37940157119828","-5.52607409902693","-1.26310143886203","5.43472428587679","-5.0512438852964","-2.43602020079736","1.3838002315006","-8.52893345674121","1.65176389685588","-0.279813722304483","-2.27928113458298","3.30660003290588","-5.11209027440083","2.83366322258358","2.82220402426874","0.804402859507935","-0.712963672743455","-7.64742488680083","4.63741283648608","0.292422937275422","0.880987469036056","-2.61843988779825","-1.73210117710979","6.18109118173255","-2.08219849917273","-9.67211785906884","0.801797788046671"
"Random_Index6_32_0024","-3.15133630373979","2.36983601051159","5.75367382346724","3.24839705830992","4.86953894293685","1.91813675887257","5.01587654753666","-12.8355863017539","-2.82771612308691","-0.281893868906704","-3.69957232068698","-1.09866697580378","-0.533046477518965","7.3857184695301","-1.40379298534403","3.06946764508847","6.40261143675427","-4.67801021789068","0.291859009136293","0.789001612117115","-4.19104472523484","7.19721299977819","-2.10228334029226","0.235962624285245","2.28951893813899","1.19767523952249","0.563340988299413","-3.85272834021095","-0.428168317157251","-1.13842325603366","-3.9616985957924","-3.04289673066192","-3.9712934514634","-3.03241651061901","2.91124963689282","1.59836505763238","-4.19960434059145","-3.27713586478576","7.17217169484723","-0.130122257301071","3.48482446871655","1.30610600425076","-1.26619277545931","-3.69236466139525","0.0457054501715362","0.894885562988972","5.20767184701989","3.48287979272573","-2.1732514446125","-0.5114936670263","3.68065475909671","-1.31833032939252","-0.746632855292618","-4.77128174169574","-3.53020351603623","-7.20999106561579","-2.21561871356673","0.990276256732518","5.44512540489271","1.24530097347583","-3.20947070625802","6.06339981310595","-3.03544926493561","3.94493936048551","1.04794154004866","3.29127660430547","1.56278479424878","-5.72771777748556","-1.24453256335137","4.37765510360212","-0.236613476359959","6.74567929998682","3.26440122675842","-1.17926713940483","-6.9289962193757","-4.50024401070058","-9.36571010691167","-3.87711735042471","-0.643367701937851","-5.14783819629801","2.58455698611593","0.104456051826424","-3.28751609503053","0.796217859981102","3.91212183398749","-6.73409567778106","-9.0941893637721","-0.909241831769579","3.82526019363768","-5.66932745823444","-1.00101145493553","5.35346070431216","-4.92913774699555","-2.41334486282376","1.43038148399964","-8.60950485692546","1.70562974943683","-0.357423284182285","-2.075768996361","3.31507077257752","-5.20779721520283","2.78332952764583","3.04824478334793","0.669617351213777","-0.830597281338324","-7.57244431622455","4.79537324447477","0.110744490399443","0.955025540942052","-2.78152881634206","-1.59852248833866","6.45871452592421","-1.9306931723944","-9.94568473053321","0.78412451926961"
"Random_Index6_32_0025","-3.11983387805899","1.99548025214513","5.58050638900014","3.1321123860093","4.87377870616114","2.15637406653688","5.263641195535","-12.8100731117896","-2.99504100987554","-0.241687193776283","-3.7321314407648","-1.17698149738951","-0.602730399238905","6.91338063379238","-1.40797778119061","3.28330588915645","6.21631096214979","-5.00325348532102","0.257597504997724","1.04942645645723","-4.31799425346353","6.86082215495625","-1.99442700296761","0.0887785117965179","2.25630166688664","1.20440368817733","0.390601233514023","-3.66735939625196","-0.426443762895712","-0.90995092050004","-3.99652487630408","-2.97601988465164","-4.15647610247446","-3.22416711347525","3.13060195461311","1.51894961269843","-4.41596175999642","-3.13212993461002","6.97004940837081","0.137427146545746","3.21173151122268","1.51442654619204","-1.1500617693298","-3.46616041894051","0.153375100861298","1.02441786468441","5.1264082495992","3.19654394785652","-1.87647920030332","-0.782874127795354","3.35200610472013","-1.37766632902536","-0.639847325048588","-4.57195048247713","-3.38499662972801","-7.06629809727993","-2.02072853189706","1.16452219927823","4.97843834445595","1.01460421167396","-3.28777022199446","5.82969816666091","-2.79684807691276","3.60091928265268","1.17043200125235","3.28400888458689","1.66464481055853","-5.78219398726985","-0.910912069164047","4.43645334045021","-0.0458358651928834","6.46920753064008","3.11855240205203","-1.09062073775203","-6.91620918601711","-4.36181928801613","-9.106351188031","-4.26135294393108","-0.240847683392129","-5.34051158943813","2.31974766616923","0.470655957851291","-2.9104023799417","0.854311827366507","3.67542075399828","-6.72937857738631","-9.26545365037655","-0.713706217918294","3.35781395734358","-5.52928056873328","-1.1788786407781","5.52252781148262","-5.10133906347289","-2.07024901159114","1.49873098660044","-8.29406148288733","1.69146890805522","-0.397470122708992","-2.24463080768744","3.53809858214342","-5.04433327058525","2.79769537660647","2.74216950585216","0.82363916978883","-0.659477216444716","-7.72893354665589","4.52717709662555","0.469263235110498","0.720872486956908","-2.64386666839654","-1.77140507411398","6.30961342588654","-2.10742631749323","-9.7733163051046","1.02550098551693"
"Random_Index6_32_0026","-3.20236810285594","2.15745253028562","5.32362646731291","3.02764387953628","4.76897682452797","2.15365035475555","4.99432652390492","-12.7428520162704","-2.75088836991965","-0.221535347890802","-3.67213573808823","-1.09630175277369","-0.554533040578499","6.83865169231123","-1.39647769854304","2.8112488748272","6.17872227880756","-4.63792646865399","0.363395603297033","0.701135827635719","-4.15196179525015","6.71732888310717","-1.99327844380923","0.082962049215372","2.14398967641169","1.15572359398651","0.278975208559921","-3.76405784955947","-0.685207431602137","-0.972128502677479","-3.71567025266423","-2.92792372848063","-3.84383086276516","-3.12547791317662","3.16197756854405","1.50505937975679","-4.11474780308536","-3.14480640899315","6.84183881485594","0.101896058529095","3.30726690790107","1.39128042834307","-1.29926965310505","-3.50141898057186","0.0757697901452706","1.12183576690949","5.01776722119386","3.30882106199958","-2.00707867343518","-0.600420021713728","3.42300852823148","-1.27729511840582","-0.569930903778603","-4.6612935449228","-3.37481669073329","-7.0695410971734","-2.16817837875163","1.27020729684485","5.0150824440819","1.3051812365603","-3.06956120342032","5.6781612312155","-2.89179777625962","3.69806514798206","0.994984782591499","3.48407443732749","1.7298131271392","-5.52411715834915","-1.06503109563465","4.24657693899983","-0.219580493575696","6.48725950982429","3.20391047317535","-1.15630282834239","-6.66405515757013","-4.41658821480094","-9.10058940757565","-3.91094678015484","-0.430190464941858","-5.18249396496459","2.44501751759865","0.208131034403724","-3.0502861199882","0.737891496626139","3.60917267914738","-6.64011190831167","-9.09140717103909","-0.767307041655939","3.34201065964317","-5.57977364138605","-1.2398804091142","5.32654770990382","-4.71719222150138","-2.30960304867689","1.26553172991506","-8.33765015925208","1.75044937654246","-0.224845445198828","-1.97523056400949","3.50738149541747","-4.81810714698566","2.92680897549853","2.69467809722343","0.785504366463763","-0.702945964345974","-7.66745594762141","4.58536541238544","0.279827690102924","0.875163275119486","-2.60320656095727","-1.57941257896495","6.24870749068114","-2.08893234463829","-9.65085353957815","0.864921885461199"
"Random_Index6_32_0027","-3.40073917081082","2.29424429207671","5.53250276887924","3.24286444951077","4.92538330045929","2.23236937770764","5.21369653008865","-12.9244516456566","-2.76804564226163","-0.362928070393852","-3.7711096472675","-1.32789212544768","-0.606712739663888","6.98257581193049","-1.46165430678486","2.88256081923237","6.36717172786656","-4.69102185100526","0.24947981569866","0.717872252569785","-4.38887464067793","6.9621442484988","-2.06434551318794","0.0154898891656403","2.25172201606583","0.952855359435132","0.0375503999835124","-3.84389333072614","-0.789146529990691","-1.05628427915169","-3.82700948113542","-3.14487870914967","-4.25747420513169","-3.26307331062773","3.15872852878231","1.43662868191246","-4.27575639910404","-3.2670475526077","7.05964060334822","0.0940721321195789","3.54910469998044","1.43137620534259","-1.32808541791104","-3.63008934082595","0.00049001349355183","1.06591663586192","5.39682706231642","3.47598421413029","-2.07826926063832","-0.610611699956426","3.49379522908139","-1.29841931653324","-0.810169680115547","-4.69356077332028","-3.81644202961323","-7.09786008033578","-2.18500396357904","1.15269571695967","5.2362582026339","1.25882330885269","-3.09348679241354","5.92134477484555","-2.79222232710562","3.79276043825926","1.04142000220145","3.45210707149611","1.54746490406168","-5.7967333774055","-0.867494178500172","4.42945540472739","-0.16507587945137","6.72045927136359","3.47591189773266","-1.10756790546029","-6.75971405787227","-4.56228412680747","-9.00601600105784","-3.97655725814587","-0.307584730431894","-5.19822275344207","2.65957596677111","0.177304782394979","-2.95423208771411","0.764421673966272","3.82097363302835","-6.66028369226189","-9.26030073934138","-0.93601994301425","3.51110602706515","-5.5767698404405","-1.00434401679601","5.22134381542358","-5.02212812867054","-2.49209702763464","1.32785776275273","-8.54954188115586","1.52268633449526","-0.350247814486541","-2.36233452224258","3.46593620000705","-4.99312225781354","3.00408524197306","2.99915864365432","0.881794443806734","-0.762729970003478","-7.59249986781458","4.7753740401792","0.307575244641877","0.858257387158215","-2.9597459852828","-1.61724423733913","6.53651703266333","-1.95244300005005","-9.53070054829508","0.83041373758417"
"Random_Index6_32_0028","-2.99447619532573","2.16916046982171","5.65973212217252","3.2780334561982","4.98925666220931","2.10622586836344","5.54283283705579","-13.0892265757667","-2.77724401080595","-0.374029796600365","-3.72800125485563","-1.30474970502401","-0.612570008985661","7.07096442357128","-1.47039304004779","3.06256511493139","6.56312967734413","-4.75198186269369","0.249020036527519","1.02704671447537","-4.33071357824228","6.96601453415882","-1.99773672547291","0.0726561993428584","2.35370540362615","1.13196820449272","0.527667778693188","-3.82529219410283","-0.434863802628475","-1.05515217490857","-3.80779691151226","-3.12511633411385","-4.06505110551935","-2.99926631551161","3.36412546630552","1.69074613248297","-4.02409869378776","-3.02641221666634","7.22118838255353","0.309649285775229","3.44646328197882","1.39217107927525","-1.14194818810093","-3.71960824652286","0.228404983580788","1.48980298861339","5.12865603665547","3.48314647240251","-1.87718868438984","-0.602001719607773","3.49960568355383","-1.5176510217018","-0.719465906410767","-4.32245399252845","-3.44637707981054","-7.34446400745748","-2.12810835669162","1.22665026512025","5.21457792979703","1.44515385415125","-3.27036867091273","5.89609016431856","-3.00671630463474","3.74122155444878","1.10298610137924","3.52848498096217","1.57621266578187","-5.75225702815085","-1.07623096074767","4.50013752611474","-0.0756670699331733","6.79843174003091","3.34432601655907","-0.78562610634424","-6.56385219977262","-4.52830008235779","-8.83595034944291","-4.04202135288352","-0.35674828613671","-5.06671275739613","2.57290704609784","0.231117881272611","-3.0562916736251","1.08250757208221","3.80110442302603","-6.95513365197695","-9.33756098645782","-0.915382315439825","3.54457157546633","-5.28756828212499","-1.15487657204469","5.56770188248831","-4.72105251240536","-1.99730329719798","1.58486936445095","-8.41222439041126","1.79442896894053","-0.299403295130416","-2.17325544122662","3.58981287454208","-5.11060859169198","3.16941280332152","2.96856274588202","0.850445196503294","-0.615481237873559","-7.92105575673314","4.72161693149655","0.349522022638488","0.73487365420568","-2.70564598906646","-1.56525529965507","6.41278947021962","-2.1795826499194","-9.59969624963905","1.00037055451017"
"Random_Index6_32_0029","-2.87507148658408","1.9919965237767","5.43344147950298","2.91830702547495","4.76062216475128","2.013226176471","5.03150532771949","-12.7626891530837","-2.82900289603128","-0.169746887742038","-3.62345915101792","-1.00756043883379","-0.524689149990381","6.90659723235695","-1.33562885251163","3.1389657780138","5.93376590454363","-4.58386659564956","0.434260232631833","0.837928468314712","-4.22418247911693","6.73752155951824","-2.00903658572926","0.0660773665470916","2.07896685332735","1.26452138065062","0.290305412621001","-3.63973811165509","-0.53071694294627","-0.840195087215219","-3.75767042397729","-3.04386396585596","-3.87305620999854","-3.03328049161462","2.9018082796296","1.75234786798868","-4.30997043243539","-3.29376016701957","6.74368408870333","0.0383199687989239","3.05559253853596","1.47392362584075","-1.14463255672741","-3.55880031379445","-0.168390168227978","0.715304177043686","4.96529093765109","3.02586957337073","-2.02548164480091","-0.849726747369077","3.51147200053557","-1.07978599302082","-0.533397840237761","-4.46918866003263","-3.32276794654323","-7.03782739172111","-2.2450133120141","0.956112870008156","4.88494672775378","0.98504954243307","-3.12601044129705","5.67329612573292","-2.89959211493415","3.50235717546787","1.14013966607532","3.0177704737929","1.73879084907305","-5.69765358537051","-0.939232498121233","4.20970853005777","-0.035981412150309","6.39191367125188","2.96591997296819","-1.14214472058888","-6.8249180300816","-4.35930838181672","-8.86652308294487","-3.9559771606193","-0.354207887632114","-5.20858468301379","2.16142710533948","0.0814508515775541","-3.22706311750946","0.525233035604347","3.47767509302685","-6.67396425262823","-8.89925668191512","-0.550338025455895","3.30390264159061","-5.85953429833261","-1.38283444693794","5.21173329229076","-4.97732505864638","-2.45889692487857","1.30250279263918","-8.20006016943179","1.76348868993806","-0.306538822668242","-2.0610787677476","3.35760557533456","-4.91528527071606","2.70381130110456","2.7063763015826","0.681289692450356","-0.772519829218261","-7.4305570694423","4.43548360839329","0.201341617180097","0.677152969797894","-2.59624497267956","-1.83497402377904","5.99779238261706","-1.92979615899027","-9.50853767569953","0.580025039397185"
"Random_Index6_32_0030","-2.97051151713188","2.10438546603147","5.45459581331595","3.06195267186983","4.79719233403677","1.91068682714417","5.12257050811922","-12.5345034145164","-2.83205583933231","-0.207941314506527","-3.61172756864016","-1.04574451631739","-0.437718729135616","6.91828942054273","-1.3144622189352","3.2516120134473","6.11876020733939","-4.81043474516347","0.424453090177074","0.974103189859082","-4.25234197942637","6.79654655382771","-2.038265630048","0.192220201822734","2.1365369569207","1.15275574855883","0.428165519092563","-3.66307993089297","-0.467824180519897","-0.877137802949766","-3.96063866226054","-3.00235446923429","-3.94894283185969","-2.9437678095892","2.87489824664753","1.86115775198675","-4.29991789648006","-3.31533782619335","6.90605697733876","-0.0160221055658292","3.33136840346165","1.43943073260505","-1.21302343946642","-3.51944826872429","0.0720827583108194","0.760810052426197","5.12212475809816","3.18300449534264","-1.79937557564265","-0.755355138464831","3.58265270186368","-1.08750257619036","-0.632108758430362","-4.21424596145171","-3.40233088731922","-7.04874143519443","-2.08191729403733","0.987940569597306","4.95442117293437","1.16988871781968","-3.28912948313228","5.71734399640357","-2.98454871620782","3.59770313751437","1.24256717786163","3.11931450134714","1.70781775730419","-5.66491472533112","-0.972919028191977","4.38368363822171","-0.00958898112714009","6.51745542533906","3.07029245518518","-1.12086697790739","-7.06432936909959","-4.28643070411945","-8.96176884210101","-4.07518230023338","-0.396820041011689","-5.24251164387964","2.31373758155203","0.110624979549248","-3.20579462172879","0.713386337306944","3.62344659655811","-6.64658600012211","-8.75570220160455","-0.655524780155986","3.34612007927529","-5.57439162921652","-1.25132329152538","5.32615933305865","-4.95363748415011","-2.29084911156811","1.42557133596045","-8.4118206047557","1.75098312028645","-0.366018863175175","-2.17074385346689","3.38903177383482","-5.06082751566031","2.77023356310641","2.81585049725331","0.715826936146577","-0.767909730051166","-7.33099253486039","4.53975029334774","0.114019968477194","0.677853816477455","-2.67142119354967","-1.72192000466519","6.03754082286293","-1.90962707259213","-9.57695097208083","0.569544724925007"
"Random_Index6_32_0031","-3.22473060961354","2.03735672716538","5.40235367441122","3.07985005159275","4.63080393636742","2.06848834260444","5.12323808286782","-12.6782539166916","-2.66951818268402","-0.243170553753904","-3.66825624859442","-1.11061366467795","-0.57667329085911","6.73434667103713","-1.43359585374031","3.02765557444188","6.29729051791134","-4.43873775057225","0.249873785896667","0.822255994052151","-4.20953413832931","6.71011722206181","-2.03418253986981","0.105289418426717","2.39225616236286","1.22358522076483","0.403660318004514","-3.76042710659224","-0.562426679741328","-0.900006427705115","-3.71715179960407","-2.96292617377061","-3.80029813523475","-2.83439005292867","3.1338500227433","1.53866626352705","-4.08566854532943","-3.03210926072016","6.77701609807323","0.0985137231456404","3.26465037165661","1.35517667083936","-1.17077121635366","-3.44561766391192","0.0208179452766061","1.21937423909491","4.9442003067811","3.23724336878571","-1.83436535613224","-0.513022494746877","3.41958581511371","-1.19184836742021","-0.549851656798487","-4.45786723333694","-3.45626097655581","-6.90535819303024","-2.03032422126232","1.21915673253249","4.8923377827947","1.22335055236867","-3.01145331481937","5.80684226266949","-2.76769039819633","3.52801294323238","1.08395888930386","3.36349333845757","1.61770079227264","-5.53674163640556","-0.992328567582538","4.2147133434573","-0.122538473174006","6.50827138473745","3.12351225300635","-1.16060109283648","-6.71275712912089","-4.23364117040103","-8.94597101963359","-3.7695795314864","-0.233683599525206","-5.09137776077618","2.31556248408865","0.176168265574891","-2.95004283160891","0.708990995369326","3.56130163843726","-6.5960642451995","-8.87830209274393","-0.760484658432138","3.55206244627434","-5.51089234040178","-1.22817287640679","5.34011593666703","-4.84651796852176","-2.35348351977917","1.28825405772253","-8.33522957675437","1.73500716892539","-0.319136021269478","-2.14894933904812","3.39587359600667","-5.00515323411363","2.80800145532188","2.82241894765113","0.693716657724352","-0.612514887975394","-7.34963444437836","4.59672800045813","0.276064102495949","0.84023230456487","-2.54587708906603","-1.56630557262446","6.12110779380749","-1.81494546958882","-9.48309153058231","0.789910055523445"
"Random_Index6_32_0032","-3.00807108169999","2.07055166753743","5.28758706983771","2.93147282039417","4.70401488010207","2.08598366917952","5.30996019382093","-12.7703572321354","-2.81896550085648","-0.232662596683365","-3.72830041410493","-1.26095649572496","-0.494099624087455","6.93517520954913","-1.67206264593071","3.03380709351277","6.17259360879852","-4.68687183313498","0.33181373909261","0.98797608214864","-4.25885862655327","6.75639650958809","-2.17701537238053","0.118390878240639","2.19279651534944","1.18683268658838","0.416224967778732","-3.863279037348","-0.557459009200822","-1.04598992927649","-3.94646922893646","-3.05341204822318","-4.0659286216184","-2.8901099197383","2.83995266092841","2.00273063110998","-4.13070659914865","-3.17097967361727","6.95504373783979","0.0360005699473968","3.24403411036071","1.47009434510546","-1.4593492789036","-3.78124061690705","0.0738376329549077","1.10908135464873","4.88291209657375","3.20272066594651","-1.60116020072163","-0.685361499919035","3.55284342544858","-1.29818688282928","-0.687239021412955","-4.51228046954783","-3.30723192270924","-7.43059283842751","-2.09274705829311","0.754562162142446","5.04408237428445","1.28137827254356","-3.15804401606882","5.86568889407547","-2.86335317722277","3.52756061592775","1.21735305177773","3.21565490900114","1.97987570555058","-5.61674363726359","-1.13143908785361","4.27649676537021","0.0478028626257579","6.46932501032857","3.02452593815883","-0.981778675821628","-6.79360875544339","-4.52936462009688","-8.91307204423311","-4.09020539342772","-0.48981336565636","-5.1290957777499","2.27677538058209","0.256924560384523","-2.97915094397874","0.870082319280447","3.66527371061844","-6.82363822456657","-9.10949761020213","-0.792300623634819","3.5119571826905","-5.56943383858687","-1.2779552272098","5.38891070683951","-4.84527491240751","-2.34473405614221","1.334458743667","-8.37671066264459","1.65581021369508","-0.349073259069607","-2.26703479099316","3.16334429059268","-5.14279340572724","2.74949877493132","2.73897422051661","0.766640500825287","-0.760315685593495","-7.68052350393733","4.65958662528387","0.407080370485124","0.724564139578523","-2.76235556245302","-1.65939473728473","6.16391501928023","-1.98852811904741","-9.67374836018076","0.926417712597422"
"Random_Index6_32_0033","-3.20755937916925","1.87680136828917","5.33555308500668","2.81666740243911","4.66687056614869","2.02714275084388","5.18757289516141","-12.8620101499782","-2.89334667279635","-0.234795527577719","-3.60642829100809","-0.944727899487866","-0.506462694889697","6.82154029595906","-1.19422261342587","3.12293497697231","6.44009083863328","-4.60178361274065","0.407771975911892","0.982968241934539","-4.39835181606218","6.79464245156553","-1.7969309014504","-0.00366546497208383","1.98638543970792","1.24866350207549","0.429447132035058","-3.62959849364521","-0.604858008038217","-0.815913577397714","-3.82378093900535","-2.93527822914663","-3.88971535516192","-3.45653215118763","3.08570599506375","1.56206216315674","-4.50434295802815","-3.20944105660598","6.91526738687113","0.139448690684828","3.02766734286054","1.60473452354458","-1.05892908134418","-3.57760035753121","-0.0652299823890648","0.933256973135427","4.86395127877883","2.93238596185506","-1.79780025909676","-0.981097950063252","3.23832810648332","-1.12560695663412","-0.578217923688691","-4.47927613740455","-3.60379685873457","-7.25802333046639","-2.13315110202927","1.28071048783714","4.79615122066342","0.718989326075856","-3.23037500292449","5.45829202282044","-2.67646135700227","3.43350911907414","1.4308492125846","3.61250570217626","1.84339536157332","-5.74647418577169","-1.13439707105653","4.33058640425342","0.00531060467554173","6.60199701973163","3.02420803753884","-0.963187707162031","-7.05215902057478","-4.4523679223052","-9.03436506497548","-4.05807541633886","-0.250093539728839","-5.68079426094219","2.22083832641587","0.211092750805147","-2.93375130614016","0.738041199067389","3.54497734825134","-6.65529257416738","-8.97320535925319","-0.558019097388855","3.02117472089734","-5.8653033987622","-1.48421295000315","5.30282515229049","-5.06298409844621","-2.38898097791091","1.33521986196182","-8.46799228671342","1.60200498138078","-0.354370234765871","-2.27836134202738","3.51872150189905","-4.9759310687878","3.06988044439217","2.66514696740149","0.924274288974431","-0.81244283386346","-7.55849554273788","4.44289081092244","0.384907826990672","0.550446352400697","-2.57717885687923","-1.83440226874225","6.00242333763129","-2.08288053761903","-9.59202857113747","0.900878151558266"
"Random_Index6_32_0034","-3.01208691032799","2.01271799057782","5.59897207174586","2.99528207650285","4.79299706926861","2.05272742905678","5.05026355922644","-12.5790906426599","-2.55141957019119","-0.266602690664057","-3.55042880229007","-1.00338107144948","-0.521395325992838","6.76217794991629","-1.29863893991336","2.74810811358074","6.07270189057382","-4.65989471177344","0.413440465390307","0.632988489604443","-4.17445768125616","6.6521108387183","-2.05969633332399","-0.0611806237532559","2.32958309985222","1.02274647855506","0.198761956351929","-3.73547478253607","-0.756063452065635","-0.841964543204499","-3.66775448513093","-2.91923266200721","-3.90796984536374","-3.03227157533774","3.02088035563507","1.74085968253483","-4.24997727282482","-2.9654382124194","6.62683229340355","-0.0322926056854643","3.19720241960257","1.31601094822389","-1.11346995295772","-3.33438300915252","0.0758368947864693","0.841301297032714","4.9860395865154","3.13273935487536","-1.79815062414422","-0.629090009938331","3.41043452896329","-1.13393528424734","-0.66544921980442","-4.46632951411833","-3.48848715213706","-6.9694197309648","-2.26331219373562","1.07920839622306","4.93700246928032","0.973922221443105","-2.9874433274303","5.79487291008786","-2.69933410985649","3.5691285796119","0.988833219512214","3.26954382707686","1.55959395559322","-5.62144856243846","-0.864728190675555","4.20501456998473","-0.2730302817405","6.40276799720754","3.21242135679573","-1.19840624311497","-6.81121081307646","-4.38019138809036","-9.1311790128841","-3.9122081331542","-0.273570943067137","-5.03383520766714","2.31157007951906","0.0462281255588184","-3.05983836456639","0.580211189290206","3.41074358649872","-6.37013019178266","-9.01844624751078","-0.748157220911848","3.31846846836111","-5.71956497643663","-1.12349786655822","5.03240442482575","-4.96458450354382","-2.52148446458573","1.2692443684061","-8.33878244743668","1.53619334392938","-0.322842746977384","-2.36494053665464","3.35901301625044","-4.90516180650512","2.74236596681783","2.80338701682569","0.593378525950964","-0.738482828479643","-7.34099131071234","4.53087965944854","0.152746177994556","0.831069907547662","-2.6342961894498","-1.6387218656037","6.07811445041455","-1.77675161006881","-9.51401811491998","0.535529111895082"
"Random_Index6_32_0035","-3.21826469276217","2.26025356977722","5.69937492875737","3.23766481979597","4.83738608861298","2.26032601470006","5.2490080067267","-13.2844017424559","-2.75034649866258","-0.329839306681209","-3.93062927696242","-1.46522249223186","-0.688609589603179","6.90961798321678","-1.52599106838581","3.09191791007923","6.60437099283345","-4.84275917276784","0.17212749137086","0.766931647199821","-4.88100038763306","6.90895763987252","-2.07627944903935","-0.0451116852584844","2.44935641836842","1.19813142224236","0.255904306899102","-4.06862318757097","-0.569520548787164","-1.36893788195412","-3.97310858206613","-3.33159924822217","-4.23210638804293","-2.93357082084943","3.04368652416476","1.80924084379675","-4.09421029274356","-2.95506231088003","7.18726596967014","0.216883129264973","3.45438983252912","1.29027108958407","-1.36325985062224","-3.58443043460032","0.122186870266663","1.2448327151588","5.3140831923276","3.42415018096692","-1.77076282531514","-0.650102154273848","3.32525893276657","-1.62393996819885","-0.96773690085479","-4.53277231774195","-3.67272218169287","-7.136847158199","-2.44354708132601","0.930909019898128","5.27877465691581","1.42735341526489","-3.3478706193948","5.97813862932717","-3.08765893400994","3.8283555890089","1.00577936900812","3.38264232837991","1.35717535718558","-5.82468510821403","-1.2976515327259","4.46285753495765","-0.137730907354526","6.84223896684601","3.32038196968967","-0.998550019145348","-6.84626962715002","-4.30800997896856","-9.09039501612115","-4.12748754521578","-0.308114516357019","-5.15372757553788","2.50990794444515","0.259534491572112","-3.10621597645736","0.764742712245713","3.79892603171629","-6.91868726157609","-9.56638595804187","-0.861174222656293","3.72815013526916","-5.36492884193335","-1.17666847128877","5.42401976904473","-5.09600499305038","-2.48714391571382","1.33157397098602","-8.27134583019988","1.55008865495529","-0.458586485339233","-2.414172703294","3.21922322900307","-5.22510921034658","2.98273643042724","2.93540058666359","0.873915699244929","-0.332334626830022","-7.61445901924026","4.77467760164117","0.327576763577672","0.740880367006702","-2.87409709479985","-1.60919353866568","6.44760730900266","-1.89480881528988","-9.85451729175428","0.956692028518289"
"Random_Index6_32_0036","-3.11873789268538","2.21219816608975","5.55310727490578","3.21175995239649","4.84090712677203","1.96932777889492","4.94740004721466","-12.69626367066","-2.9951824057787","-0.363676870149771","-3.72772486710214","-1.12178246344291","-0.608481123200552","6.88121725555562","-1.40826352421444","3.04767523376755","6.20645370803953","-4.64069368126641","0.172084547650978","0.964908602716012","-4.22429428840486","6.87768561193025","-2.06834461017924","0.286759403055802","2.19812325216318","1.04195277458248","0.390050616059514","-3.71272188548824","-0.609310872748676","-1.0368659073485","-3.98031166287827","-3.12325587362305","-4.06077253061603","-2.87058649787823","3.03881290008634","1.59968915166438","-4.27128001691046","-3.28893471289562","7.02028412430565","0.0789358868598788","3.33913279894156","1.35610060547742","-1.25409369632305","-3.52482275568057","0.0998307503726879","0.914596901176271","5.12239121710792","3.17899063798532","-1.88909776271233","-0.579565927751247","3.44857213336257","-1.36039638472753","-0.756734550115296","-4.4642211795665","-3.57819589365517","-7.19292920539366","-2.1381260931721","1.13383598597764","5.0791734101801","1.04740746992673","-3.25579438559138","5.75210669593778","-2.83685494806172","3.7625345958078","0.987465733944958","3.39233089357255","1.58879485268841","-5.78031699834613","-0.981957855611835","4.54488544697981","-0.231758427016131","6.62887176810409","3.17077651203033","-0.981887349691376","-6.89325828668454","-4.49367287902103","-8.73912941098582","-4.00160345410715","-0.556585161760358","-5.22942622872269","2.46916766889048","0.207261335079601","-3.05190523007658","0.903066708123777","3.75303847181827","-6.64744812374345","-9.01892132360305","-0.766489470367921","3.45715349926648","-5.44685763159559","-1.13766625979996","5.30317840677648","-4.973495776778","-2.16287588933181","1.3441220096791","-8.26222158402428","1.69509023495445","-0.49234696551448","-2.30214613820147","3.52645628442501","-4.96797282908954","2.86258877418678","3.00764505322394","0.797441513544037","-0.77132169939474","-7.40271216016629","4.64217255700577","0.300755683532905","0.711131890290172","-2.65479214776852","-1.57065952787689","6.11224343658271","-2.1698616921298","-9.36343097231831","0.778051506741987"
"Random_Index6_32_0037","-2.99535118216594","2.19545596012666","5.68961000811081","3.33321582952498","4.80824467836521","2.03327752634621","4.84811251261673","-12.984547930787","-3.16043544335351","-0.19160081013938","-3.73636326832106","-1.12058075303614","-0.825837617257825","7.0766829471991","-1.31490333459926","3.07938431205723","6.19783254575944","-4.56689947687778","0.262383627844158","0.997971761048764","-4.37467561106329","6.9141415981604","-2.03539265839258","0.171407772165488","2.17738313152539","0.922699062094392","0.225957148703811","-3.7819976358105","-0.547096001894278","-1.07650121268658","-4.06083335148628","-3.19043216947656","-4.18622560960973","-3.00053939562863","2.94628861138716","1.54036921293208","-4.42568185526791","-3.35738567645713","7.05347245651379","0.218864712831427","3.30185876779702","1.45713405404174","-1.28440942915878","-3.60545682330865","0.165999283507213","0.977033889715092","5.16069091633994","3.13679913604889","-2.11158589745224","-0.676717383563089","3.56038667788242","-1.30124786530534","-0.8565488249873","-4.44172723711271","-3.57033375972765","-7.37142373731419","-2.26818843359215","1.07358406309344","5.10233461130384","1.03767879547559","-3.35079156191245","5.77420494287877","-2.91049662256428","3.83990275098702","1.0730371066591","3.16539401185736","1.44408120289962","-5.7354861442391","-1.12403113711721","4.48762791329248","-0.246386125874513","6.65795808787246","3.06405530970878","-1.05784502833186","-7.06323230587914","-4.41970978684","-8.79332052611698","-4.20105158788406","-0.627457941786788","-5.29688759507555","2.39361280735826","0.276164996022334","-3.25587940975025","0.914903759411723","3.86722079968674","-6.73000805801898","-9.19365517767796","-0.783614579217136","3.43759975551486","-5.55133423442117","-1.12160232726659","5.39470292664397","-5.00930956710424","-2.12579820534116","1.4762181708419","-8.23766613573841","1.69885252914922","-0.529689170789602","-2.31616665665201","3.39704528661923","-4.95895155122288","2.75364249090726","2.86838824324996","0.786988348679964","-0.642361519305824","-7.54047866585103","4.75999314496135","0.240248567356645","0.538531598974639","-2.82670709418667","-1.62554231091076","6.27299329190139","-2.24853265744162","-9.35426476885952","0.803025608819543"
"Random_Index6_32_0038","-3.24586038129426","2.09177715098827","5.44490710497805","3.13250193286223","4.69802695319253","2.07008924345772","4.93538688004365","-12.8030481833491","-2.94335790411846","-0.267471012521614","-3.61524599259979","-1.09840282765897","-0.475603470108267","6.93705870353072","-1.3229499763226","3.07061176581785","6.2194304038031","-4.54752998371393","0.389602850159486","0.993513166253187","-4.40809941666591","6.856336980494","-1.88730280816129","0.124533703447212","2.13014970657238","1.12011214106175","0.380118230281452","-3.67320418982182","-0.55277630598378","-0.980924004824098","-3.87658077675504","-3.07159939772844","-4.10593059278851","-3.06289221048155","3.09818064320038","1.66979373844181","-4.44541710573544","-3.19683496091831","6.91419762214567","0.062410076459733","3.28158771586117","1.47705437154352","-1.25253590073079","-3.50214912991668","0.00238465136319742","0.880376809941034","5.03777096827627","3.14002100364331","-1.89291291131502","-0.664803997438873","3.38679030634301","-1.36305623029742","-0.711681295537751","-4.44339965750712","-3.68083180719747","-7.24652205371336","-2.30372094579295","1.14723368877799","5.08629541097158","1.14929167801543","-3.18755064962122","5.67689029538456","-2.84879111802886","3.71329734008756","1.14733502108599","3.39151418317464","1.57054868038981","-5.84556653305151","-1.13427715977954","4.31551742350901","-0.219191895549358","6.53431936510422","3.09838030328019","-1.11888002782743","-6.84220516135809","-4.53580559478467","-8.81305555896631","-4.11721150056071","-0.523171413528872","-5.33523862796838","2.41059907188458","0.36179716492286","-2.97957584729226","0.836445320405736","3.72525133483149","-6.63805132113059","-8.98194356803241","-0.747452295643069","3.42220873768506","-5.29628471929838","-1.11109040106751","5.36801992246597","-4.96772822340291","-2.31167904488103","1.41499606692945","-8.48591815686469","1.65228804761883","-0.360756595489724","-2.24155329749163","3.51294975342647","-4.85324086599914","2.97511399996748","2.91034215303866","0.888876536756631","-0.787370903742577","-7.44423807706874","4.62033291686307","0.433275974797004","0.774237330211763","-2.81260765719808","-1.63348400997673","6.0754902755337","-2.14465710326624","-9.46373043631723","1.03235975541254"
"Random_Index6_32_0039","-3.24826388120521","2.29082709270428","5.5862985985667","3.17383020922453","4.91981110216166","2.17834333363802","5.21292841073055","-13.0374967693617","-2.92502335438607","-0.36613240451786","-3.81476244066267","-1.28798044351946","-0.703658622174048","7.21127776775087","-1.54601679564795","3.03569475687111","6.46303152597125","-4.63206021709113","0.269004021494648","0.834629178576813","-4.53190054531419","7.00470426082767","-2.01518935971079","0.145264288279233","2.25542730285216","0.928412311417111","0.502513004954298","-3.82153404124263","-0.576010720313556","-1.00437678803389","-3.8612102033999","-3.11152557461855","-3.977323195451","-2.98026360644613","3.11645750473743","1.77048643299503","-4.35947158462962","-2.99226390120608","7.20264855422633","0.0913560509314633","3.41629219255013","1.4759931762107","-1.40833607023154","-3.55647758361454","0.11882751184776","1.21018802354895","5.07148925769683","3.45283213491048","-1.86997350857836","-0.575912936829497","3.59820233510359","-1.38671604963397","-0.815911424148275","-4.82035023857287","-3.70770864039382","-7.56736351400661","-2.14467399024657","1.00419540425214","5.34386149684011","1.32383124792983","-3.34489462199062","6.07657614378307","-2.89749828975322","3.92692999060563","1.12072967864452","3.42499068636478","1.71293162075652","-5.96592993396742","-1.1087024642579","4.55378790254225","-0.0249304159404379","6.81695433605255","3.25687660644142","-1.03240286772608","-6.9121510653798","-4.79739505043451","-9.15632545192597","-4.03621932792981","-0.589775577796064","-5.34243199809739","2.46197240821878","0.226841350564021","-3.0749345032431","0.990993461849641","3.75120352823015","-7.00426779371873","-9.46565210199989","-0.828655603026469","3.71667066237193","-5.57768463638101","-1.15840403068072","5.40492012356495","-4.87029486633645","-2.20408190130678","1.3991755329412","-8.63372311325818","1.73315585119585","-0.457884560387433","-2.31086208655661","3.43131717689385","-5.16709226952364","2.86553488675217","2.95497862867982","0.779365391714638","-0.912682943570925","-8.00575136005703","4.89495223047841","0.395955866023599","1.01518206883612","-2.80343724344814","-1.57855727158888","6.41292796583185","-2.16931696264253","-9.94927371739263","1.01224010470535"
"Random_Index6_32_0040","-3.26364846241312","1.83546613806223","5.30789102558074","2.84140099399808","4.57777958852314","2.10379875227778","5.02155178557056","-12.6752524362796","-2.61776641877946","-0.271271632697011","-3.61983366094757","-1.12481719621379","-0.485742029343078","6.40899201486997","-1.32825362734523","2.60910998846555","6.10371552808132","-4.68228007202379","0.407228390783206","0.544081120797013","-4.33017934561787","6.4403372162515","-2.10984625120391","-0.213947755532253","2.47305614278188","1.02393688144084","0.150822818660774","-3.75959602598321","-0.620396389624657","-0.890939502460121","-3.69699173897301","-3.07814201597861","-4.06072449214723","-3.16749618599027","3.22664916280322","1.5877845122945","-3.99992890316445","-2.97264922042985","6.53879564165961","-0.0544093701557581","2.96813435189108","1.35777166453201","-1.36117960051246","-3.62271462272112","-0.0414934470926206","0.939343665420724","4.88169230035514","3.06012229700365","-1.70029316268058","-0.680481823504818","3.29744516432733","-1.16672134664539","-0.657092379768276","-4.45953485227438","-3.59846062562485","-6.94904513664543","-2.43464743198286","1.3717471721222","4.82709984291331","1.00414477119787","-2.98657737588954","5.64862256593333","-2.78944876431729","3.43416651977451","1.02940240491306","3.43503872306472","1.52730405171514","-5.61156402885557","-0.961310015052256","3.98400251620263","-0.0954327348349208","6.32441762556363","3.07358477742914","-1.10531744080027","-6.65783025137554","-4.30932219993912","-9.02215524019845","-3.79925894890297","-0.295443944001142","-5.17639889336823","2.28722054281539","0.28188025789688","-2.93312116341456","0.502437756952286","3.34974898254675","-6.47537327846534","-9.01942048205773","-0.78038095285406","3.28448158367708","-5.79891916159686","-1.23974408068305","5.04688391296903","-4.80568506893483","-2.29603643045524","1.08465678086649","-8.20384289651997","1.4294698270741","-0.289159763326612","-2.25172647526318","3.51427790467788","-4.82350410940062","3.04482876656284","2.54296855961406","0.746307541028206","-0.805328026613904","-7.3444159680702","4.59614327671309","0.335748097492438","0.714997126298434","-2.82233118169387","-1.58091255353374","6.11291493724511","-1.91913340741302","-9.47961850772341","0.837864592823557"
"Random_Index6_32_0041","-3.17739179685987","2.15917919281924","5.52743014463047","3.14996250066673","4.76768786144746","2.07586396693884","5.04960473836628","-12.8396488337557","-2.85320744949421","-0.259917069518316","-3.71587097637408","-1.2702799035739","-0.592067135992938","6.83140470352657","-1.42911410376816","3.01836088737199","6.23222437760209","-4.68390780896929","0.154533433117766","0.807401371780375","-4.31410803748691","6.75938705856235","-2.08092028604807","0.0331944589931889","2.29286346438339","1.05648610298977","0.369401323227116","-3.80594615013572","-0.629986231931653","-1.04329847668345","-3.83240953389098","-3.16679078485857","-4.03901280954882","-2.98952685584733","3.05078096998804","1.67173393567964","-4.18347405576916","-3.05335592357939","6.82066265518537","-0.00595120567499715","3.26012710712322","1.30253822674472","-1.31270073910818","-3.46213691100359","0.124732234696999","0.939701763537801","5.02793643490468","3.37136020773567","-1.94476686242249","-0.539003695458156","3.48286893598134","-1.26486472181947","-0.751478021859395","-4.44328360910704","-3.52120754746436","-7.09081062201465","-2.08252724413346","1.10678982667061","5.05827987077757","1.15463474230818","-3.19291180619816","5.82575357508157","-2.84390560673471","3.64359990772993","0.963639742557173","3.3581415220816","1.58567207283761","-5.59602997911302","-1.21070289892724","4.32940942139775","-0.188140813763255","6.59456541686789","3.1781123564201","-1.03097246897264","-6.80144885058236","-4.53068252414448","-9.01086625883246","-3.96909694759375","-0.419853915729193","-5.08019977506071","2.4081576325308","0.278646360459245","-2.96324492836812","0.826787926045559","3.64844585036846","-6.71761460649813","-9.11893571646991","-0.795863368843341","3.54013085539696","-5.52742584733762","-1.04616854676799","5.28645468054246","-4.86302790515701","-2.29940843130366","1.31273465817318","-8.28973914272928","1.63495175540211","-0.37460461487705","-2.11835060475774","3.36335808664117","-5.02358116974558","2.87607274497682","2.84924539040906","0.772679874947537","-0.69004697427882","-7.61201396926475","4.70484115017876","0.281558131903294","0.773061625562782","-2.69464741057875","-1.6524292950362","6.23458788239819","-2.12868716904108","-9.58350047019508","0.859596872639668"
"Random_Index6_32_0042","-2.79483147712092","1.99751943192593","5.59885581505041","3.12587993004083","4.80228927588949","2.10661600407935","5.17965581920298","-12.8670201111179","-2.61256150459367","-0.28836681400219","-3.52741185883382","-1.08448725582292","-0.56197590424035","6.70272921941453","-1.35695209057873","3.08025458178604","6.07574843677216","-4.77176350662166","0.381614948422931","0.786165739868606","-4.12049805329791","6.71651911661063","-1.97371234534677","-0.127324014867614","2.32172316543248","1.11196744931289","0.379257107893651","-3.70062585883906","-0.602228620126321","-0.980980860374712","-3.7880210999107","-3.02654967634275","-4.03800518909262","-2.98620614530896","3.04737095083795","1.67161035258604","-4.27566894967102","-2.95747913730041","6.76876672946609","0.0736094971609969","3.32086227792114","1.50455810902435","-1.17813945912608","-3.387697519653","0.197605491343558","1.10113001692621","5.01848040250959","3.28031323249439","-1.81781099596198","-0.675650944470775","3.40468171856599","-1.16976815274578","-0.637732512751154","-4.36143473366605","-3.53981411019461","-7.04933158555833","-2.12045749549554","1.1708425780964","5.06597764571924","1.27395133608825","-3.06524853717929","5.85823639906465","-2.8099398790895","3.50095795091566","1.12223923569976","3.19461408539751","1.54110810980731","-5.86766216252502","-0.868690992441308","4.37859345510053","-0.102000603086549","6.23446465881569","3.08886223172093","-1.11972598842624","-6.60601519713364","-4.34541238697534","-8.82971524084099","-4.06778345854462","-0.240633254777704","-4.96771255197217","2.29498750122524","0.123368583092678","-3.07404897227984","0.849487947032304","3.53938299897003","-6.61503860499141","-9.04853904715438","-0.552789545127654","3.43273392593444","-5.33293460907118","-1.15945291776645","5.29823194576609","-4.86295922269316","-2.32924349126752","1.31715992267528","-8.38743207092459","1.57078340200784","-0.302731901399924","-2.41985829608646","3.45862498097748","-5.02483013143558","2.8591785556839","2.70073915471463","0.724901112312482","-0.487397907470417","-7.29983574680504","4.58950093910819","0.295719190993111","0.718940867728621","-2.77609291783107","-1.6671461719922","6.1646572063392","-1.83467048967028","-9.53700507142454","0.79103829521303"
"Random_Index6_32_0043","-3.19479762341428","2.23933163424289","5.78060574562864","3.35452213335771","4.9484124114103","2.10029170728927","5.1246243392646","-12.8374134425332","-2.66122169988661","-0.339064436555766","-3.79111855680337","-1.23986560933713","-0.75271565352616","6.71086367520249","-1.54119003156157","2.7322063139658","6.26746271421964","-4.53387040800226","0.193602539512153","0.732554196966542","-4.34566767412277","6.80507696727893","-2.2224444850328","-0.012048275868056","2.68734043684602","0.886698004731175","0.143080961069259","-3.93625071674591","-0.587533406403199","-1.17842417719154","-3.8401448563929","-3.46607282800457","-4.19532658612652","-2.99544644878427","3.1018846094595","1.64719821880816","-4.10074323176615","-3.06211832994865","6.77839456475973","-0.0999295522866292","3.40110860353298","1.14924379019021","-1.52002994111416","-3.51148834313163","0.261374559613295","0.904007743809344","5.18832347704879","3.4159479253104","-1.7184012486145","-0.294413332238365","3.64373705639206","-1.45917617801276","-0.959822759035627","-4.51069913887231","-3.71483525847096","-7.01182593399976","-2.07847307837786","1.22019144080098","5.22564398199822","1.14310814894583","-3.01540721983243","6.0269568150134","-2.61551405570115","3.94232531825008","0.839862230210441","3.36628921479413","1.40400149565115","-5.75906686518021","-1.18214051619062","4.23300211174285","-0.173559398854283","6.54669658484126","3.32117881574332","-1.02115477686403","-6.61140846083844","-4.53222599639486","-8.86094263267123","-3.67668137463593","-0.508889295695241","-5.00529302965837","2.71301902530256","-0.0037091735758891","-2.78370232731793","0.960941669656044","3.71027128738693","-6.57552065703987","-9.18727008487141","-1.02029503618886","3.63494040349491","-5.69948724426631","-0.751675685472179","5.22534644392386","-4.94303589104168","-2.18203694740097","1.30639869813575","-8.35201437697849","1.56439353879278","-0.368478044560964","-2.35383592886731","3.4639846481689","-5.02612477635569","2.95186369027396","3.03436398541533","0.604747961398074","-0.882046677616766","-7.35583678187696","4.88853697797968","0.229863705523491","1.18047002424287","-2.78571397731875","-1.40145268429327","6.58713158707912","-1.82720695773964","-9.51950676356988","0.854216038773883"
"Random_Index6_32_0044","-2.89561657905535","2.30325667806871","5.88735248449076","3.32892172917518","5.07824342154401","2.08037710382601","5.37195453739105","-12.7803193437933","-2.91966343252438","-0.289945666938795","-3.86158399261158","-1.34181370482773","-0.716502189560948","6.9248006678376","-1.46735262338475","3.2108095027331","6.07663514885561","-4.88373950956704","0.192507634885034","1.18794209397836","-4.08515871847352","6.74798492015816","-2.09462532955802","0.247996686358851","2.58935922785553","0.961929714284504","0.514405117430578","-3.83564045087102","-0.439250079921807","-1.20408554195024","-3.93848620978239","-3.29508837536769","-4.25106666228972","-2.72947249984617","3.08479162344646","1.66532872696809","-4.20077468630973","-3.10882414589179","6.8502436197221","0.0416241309058767","3.35511243559268","1.2873989314837","-1.45323898940875","-3.71390394585871","0.330403165748152","0.962893475789966","5.23901881485658","3.22208919593244","-1.88411182630303","-0.453222762468783","3.75865627841641","-1.47308982597459","-0.885940018717311","-4.49708992373579","-3.62181316757417","-7.13179420852341","-2.11717391085983","1.04558495538889","5.23262134774786","1.25866777690713","-3.42005237224106","6.11156912865","-2.95026256068551","3.85086169257687","0.901283606556803","3.17087558903048","1.5168931495637","-5.9064224879924","-1.20229899997503","4.64454237296184","-0.0530566614702754","6.40334090622738","3.28386018664745","-1.02980461927733","-6.77728754438027","-4.49912112796089","-8.76761753521122","-3.99036870035993","-0.546510925102705","-5.03726852619839","2.41198183932896","0.0464664244177441","-3.08996090137011","0.947818409829577","3.66521961136807","-6.76964750719166","-8.98800257227581","-0.829343747823427","3.57862790969665","-5.48406043102648","-1.16610310112889","5.53696157972863","-4.83900231486022","-2.02160853325677","1.4872299314008","-8.36198636832216","2.04823781571086","-0.472186243175122","-2.21260046430658","3.41876457347548","-5.3200653148275","2.78891379247722","2.95596998857916","0.657809801096707","-0.727065093332674","-7.43262267218259","4.61499689972924","0.232073074331819","1.03934589525911","-2.74583265484069","-1.30706300158299","6.18370208590431","-2.01148945087172","-9.75836716275956","0.721927209464376"
"Random_Index6_32_0045","-3.13728972043377","2.23260105506711","5.49671885205949","3.14154222967485","4.75287307912309","1.97939995774673","4.88769894894937","-12.7063233498465","-2.86641978977315","-0.252811297473037","-3.66279781568213","-1.06165079543825","-0.616105665042969","6.89051633636944","-1.29134392459866","2.99391195837891","6.20571891151517","-4.75897969618484","0.349743679016163","0.840485884650732","-4.19551512807987","6.78223204214744","-1.92567424790869","0.107837157263399","2.21892727072274","1.01949722642653","0.377035509036376","-3.65495516695864","-0.642184866351412","-0.86795957046399","-4.02866104958123","-3.03771532577616","-3.92483669979765","-3.0776908713484","2.98354544203128","1.61552529694688","-4.28234241409541","-3.24400485985637","6.91834746894619","0.0644080455242667","3.278163992649","1.50116295383655","-1.15792753997726","-3.51032572959107","0.029036195009162","0.60429140490163","4.85615206207442","3.28038172959537","-2.07251774400123","-0.570501964751733","3.56368730431376","-1.25900668514444","-0.653294196797715","-4.45740487133355","-3.76452829993716","-7.22695939678148","-2.35949041158982","0.941848838705981","5.00914200824302","0.985556858199927","-3.23332802667303","5.69356475577113","-2.82063200717194","3.69536856576632","1.06807467518552","3.12001916049531","1.5338096247546","-5.68463353297391","-0.987170377541962","4.37291585238593","-0.277408958604924","6.54274331184397","2.99619562720987","-1.39483141006823","-7.07438428824162","-4.45244203091752","-8.97578473466597","-4.06254619756964","-0.539976125168802","-5.01531269305201","2.42892657762797","0.234413386301897","-3.12925210508871","0.622737533005067","3.74142203802497","-6.70817631584353","-9.12003383047501","-0.773782394369454","3.42060388734695","-5.75156364602587","-1.17115310679033","5.2251061885762","-4.90507806425128","-2.4967835000222","1.32967236515202","-8.34632521688703","1.77979847547588","-0.418069593243054","-2.49210321086472","3.35484796630131","-5.02139057214012","2.80848698129282","2.89540209804684","0.764242306465968","-0.837765085032912","-7.51605189015108","4.51243028542722","0.272561719150626","0.532612185374041","-2.61125585438141","-1.59144846620863","6.19842474813759","-2.09112806748381","-9.5025368578201","0.863624489100549"
"Random_Index6_32_0046","-3.02423486058672","2.16469261706462","5.55963767562378","3.2032610003669","4.86142470891503","2.07546390337064","5.27726512146858","-12.7839255511829","-2.7729071256144","-0.176160672032342","-3.62624022895787","-1.06152645333425","-0.598321294343549","6.84570968555253","-1.28518654135375","3.16388837814672","6.18965918068811","-4.69251992905456","0.443033017697217","1.01474298961957","-4.29349611880102","6.8114827743629","-1.96948924020251","0.0655068271030337","2.29718213690511","1.25656964452814","0.312094826600274","-3.67399887400497","-0.445935572651661","-0.980052604143139","-4.12961493294188","-3.02796720840391","-4.06466516219691","-2.89501874733613","2.84638880989307","1.92974033754157","-4.32542935312136","-3.16487069352233","6.96443336210826","0.173862616172439","3.31699614409793","1.43899161269044","-1.12616907268457","-3.3742200614455","0.106327918006493","0.950443323950962","5.16921186559449","3.24258303956247","-1.75499232371884","-0.746590603835507","3.53185931931497","-1.25892698109204","-0.756127798038532","-4.35986056964604","-3.50523409653646","-7.09233767508786","-2.08442563385915","0.895753522886066","5.03745565858429","1.24325239159215","-3.13493940930715","5.72102247722812","-2.9178526649543","3.62432416141789","1.09152673295583","3.24497826232181","1.73551194110364","-6.17394808960392","-1.02232283591827","4.38623749339305","-0.0307096250677247","6.67635772099799","3.33032118413456","-0.851931760228839","-6.8082892169821","-4.28136769044767","-8.74725786349012","-4.07052047418993","-0.408687848082505","-5.26937991164456","2.32162329095791","0.290684041702375","-3.07024658663568","0.699720518543863","3.59367953731589","-6.45644995395098","-9.13288964967313","-0.806414308134348","3.39347306061773","-5.65768112673899","-1.25991789360681","5.39880668432821","-4.96577576125316","-2.32287654117106","1.38397128998865","-8.28559427770812","1.71851476763474","-0.456089489255189","-2.42467899199882","3.26266859718409","-5.13758947009898","2.70185984451777","2.84442864913228","0.819155312574442","-0.649848695151662","-7.51987044784684","4.63133028574013","0.329894130702682","0.926821919087451","-2.56143415372546","-1.68910318799501","6.21993576728934","-1.80959578472439","-9.46350324582365","0.764254322181511"
"Random_Index6_32_0047","-3.19118939126112","2.19027235484958","5.67328140087051","3.38085316527433","5.02305564848557","2.00659344870252","5.29103311251703","-12.9996271880433","-2.73089110819788","-0.531323589823673","-3.91974589791519","-1.41131342753705","-0.81990123082558","6.83969617201846","-1.63230310532609","2.99714448903761","6.42174133488142","-4.74862162805588","0.103852394677258","0.876352255606463","-4.43489131584573","6.93370385211713","-2.21096215782218","0.0545954986986844","2.40052082662135","0.92786728688792","0.249060077185179","-3.92147437748734","-0.567903714084887","-1.26261758048758","-3.9187027650003","-3.33506434683232","-4.16024095164591","-2.95995131048278","3.18387060735694","1.62093207358948","-4.21038510616241","-3.06087235844009","7.0078547792684","-0.00870491305629761","3.61692978082279","1.16939936296786","-1.24704465458404","-3.71274740655377","0.30782942599241","1.17937924637157","5.30127713526371","3.52870041502299","-1.98119473072245","-0.312590902695546","3.60378857780911","-1.48584970461125","-0.790071737087026","-4.51990166308933","-3.89150948980408","-7.31720987153181","-2.00992625936482","1.27108580206757","5.24684744361066","1.21789532263273","-3.09057219368898","6.03366674367772","-2.6767108804697","3.94458368928392","0.946450758609958","3.4257443252017","1.34681848024924","-5.86403116004008","-1.13778980398515","4.65031846555274","-0.10996720483908","6.53507135743822","3.47739471151597","-0.922962322529047","-6.5954579561567","-4.92392997765515","-8.76784335155695","-3.8850139874286","-0.463345358763642","-5.14552805160811","2.68037784287344","-0.0312268610355044","-3.03375857745437","0.959679198363487","3.824505215643","-6.72729134554845","-9.27536680238935","-0.980718337959078","3.72068096149349","-5.87255420024682","-0.873492215253004","5.34762557626885","-4.88295177680961","-2.14434985302921","1.47024486661254","-8.64918331030023","1.71947733652823","-0.528860051173251","-2.42396381394161","3.46936893379569","-5.09596711594874","2.94517894553376","2.95107240445317","0.689371271525321","-0.799401935509363","-7.6774983100007","4.81302041059055","0.0635614745138445","0.697950489251428","-2.86628173033328","-1.6034283965747","6.49559459838813","-1.89028291951925","-9.6564717456372","0.856097391248285"
"Random_Index6_32_0048","-3.07810675977506","2.219403444752","5.84413808031706","3.27419941133589","5.03153060557024","1.89593331986177","5.17247866830058","-12.6546117647941","-2.94959847091947","-0.276767175242954","-3.88403161694933","-1.29389931505598","-0.535358366231963","7.01032928354469","-1.40851029402207","3.12112235007208","6.20699009215995","-5.0436515151849","0.335869960806687","0.994243519273265","-4.36151299198845","6.96478563638128","-2.16919972712531","0.162618162381561","2.47197728980425","0.993919953437615","0.439160485465429","-3.68534328084357","-0.168742544363987","-0.971694197289189","-4.01516275310677","-3.11645374571969","-4.2475838225805","-3.08378023595719","2.91073549002979","1.67147569695732","-4.26016920536497","-3.13175955605479","7.02489043419497","-0.0402920016695429","3.31568622704486","1.41594897788113","-1.43359660253041","-3.72922201298499","0.250376624437601","0.860642903710699","5.16644943923097","3.33214015315717","-2.06569168452991","-0.572132467762533","3.77990777951289","-1.26663633343553","-0.7968954312015","-4.24281402364589","-3.63329271022565","-7.15299877567492","-1.85036876911159","1.02872788762258","5.23359669456013","1.13729882965072","-3.33840198847463","6.08140768116614","-2.88528697226442","3.86612014878128","1.10424510383391","3.29968115138736","1.58609573416891","-5.9623877572293","-0.879180045879172","4.47435586526658","-0.0385156202749854","6.68591585356022","3.25378471785733","-1.24205231950293","-6.89043802753717","-4.47494176360698","-9.07627261222857","-4.0385362362797","-0.45316221542101","-5.16054608522874","2.45052662281738","0.0741791256880844","-3.01391723662034","1.01716421254755","3.87146574026812","-6.88833107624076","-9.24577446987045","-0.734525565427595","3.67515984222721","-5.78497177246145","-1.07730529238834","5.44514558358278","-4.75982341078835","-2.20861646931939","1.64365950914744","-8.61657129700673","1.7512145300461","-0.41616325203099","-2.26336048619058","3.46796954678821","-5.21426809678788","2.85806993142378","2.9554664705825","0.69296665944699","-1.09210232679606","-7.5428448307359","4.83104257875548","0.202512067476844","0.850068490143902","-2.87272693121135","-1.49323849773496","6.28422449175914","-2.1591689346944","-9.59372224969976","0.770027436480361"
"Random_Index6_32_0049","-3.21607351837297","2.26381743354905","5.73394173668671","3.22886462971047","5.08351016351744","1.97508513651184","4.85926421650051","-13.4148563062761","-3.15946965225979","-0.340319267369856","-3.80329140707009","-1.18800355135966","-0.929288545610237","7.10995337999611","-1.42935590338575","3.14426432681495","6.42959990230172","-4.67353622150539","0.0685842121983385","0.86029058028343","-4.41949671997836","7.03627926313841","-2.00073286967849","0.165931784922959","2.32205070891787","1.12173922181588","0.335922376489618","-3.73694404124103","-0.47203132870858","-1.11934923053231","-4.03267810368622","-3.22995112686118","-4.08012341006906","-3.18830774561474","3.36676270945905","1.69503996535966","-4.26530809296031","-3.25891512426831","7.10674738308497","-0.0226119208441606","3.34579297964518","1.41571198260027","-1.04234596304081","-3.67332785080135","0.105930682016459","1.01617464863664","5.37058134180128","3.34909234095642","-2.143752672972","-0.603989794908055","3.57336447903938","-1.3511707437278","-0.807910768689306","-4.558773612942","-3.68727291770602","-7.51283382805895","-2.25781268426622","1.4285132024158","5.16535287777174","0.967594249811786","-3.10463467768795","5.8627451186161","-2.8683136625","3.80135887683368","1.10415155967955","3.48736874401414","1.29538123407805","-5.88607409941695","-1.08438081532349","4.73437042496235","-0.230183848623502","6.75567440966784","3.33083928752486","-1.30918748151405","-7.24112784797272","-4.83606121991356","-9.29249965054194","-4.22233162608387","-0.45005969323768","-5.41337089942673","2.47124711877208","0.259038373201184","-2.96458063292532","0.753945819972868","3.73311324489689","-6.80545359393743","-9.48361240826701","-0.816585812960185","3.50245294587617","-5.57236199563992","-1.16182065886614","5.47420570207761","-4.93074037237602","-2.3323117434249","1.45911098311573","-8.70004582875522","1.69231709776433","-0.48274692658741","-2.32225605136176","3.76892923077158","-5.24916402090553","3.12401076311974","2.85456357262947","0.749401447565039","-0.613713877706084","-7.8223530964636","4.71872282979723","0.251840776791203","0.697457129406698","-2.77061455230166","-1.59188295494622","6.37094299141882","-2.12606475071377","-9.86396728666078","0.871602517318629"
"Random_Index6_32_0050","-3.04577491693651","2.02485293399468","5.49862678148069","3.12564255010571","4.72206909657821","2.17436993692672","5.16813347021089","-12.9703583224412","-2.64129891422798","-0.205423382460181","-3.61647794942735","-1.16120266160703","-0.639333629093698","6.66894638406798","-1.21201195742229","3.05151268553795","6.29031015547187","-4.62581220713875","0.371047879705002","0.9738331353173","-4.03506561799759","6.68789633336189","-1.94423117676507","-0.0038958030219316","2.45556754461506","1.21944563061453","0.484188822531529","-3.6873395381583","-0.509869581909273","-0.935457749751593","-3.72559591734931","-3.02789253591251","-3.93490435088389","-2.95842943091124","3.01211327399282","1.61912321799632","-4.20241554779686","-2.95064766636684","6.87029148971766","0.195604184027583","3.30238313763332","1.43729071340283","-1.23828913522949","-3.35252394785836","0.0366869198727261","1.15096162468382","4.91696994605224","3.2314874589188","-1.73196939039871","-0.589356224845689","3.42456668977792","-1.27697648445829","-0.655692574236039","-4.44713667914447","-3.58778287317194","-7.01663128024403","-2.19876894206063","1.01778245316674","5.03116930683047","1.33968877741539","-3.12003544315375","5.87667205186941","-2.84238042858842","3.55181542725585","1.11334937037733","3.21538848778002","1.54007119312116","-5.62347645938605","-1.14028424949814","4.36128711126397","-0.159871448744327","6.42469829805211","3.17267343913701","-1.07807460052324","-6.78092401398721","-4.27692844895806","-8.84636717993201","-3.84895892876577","-0.224071248342049","-5.01549195346818","2.29215291646722","0.273433075275355","-3.01384230419004","0.81707933416542","3.61516816191139","-6.62279471261124","-8.95190717502462","-0.707065591745171","3.5273181904022","-5.31671595787525","-1.29099335093248","5.35466542739583","-4.92735300338686","-2.22758604226462","1.41079983489749","-8.08689979955822","1.5891948324954","-0.159169130563861","-2.13119214554468","3.27690815902642","-4.97404043644581","2.65803237420141","2.79800264853574","0.864642563791673","-0.473991133367437","-7.4443403278128","4.69662753341098","0.302416169640466","0.842383175192723","-2.61105016685231","-1.66189829075562","6.16980444360646","-1.80914048714598","-9.65498977347793","0.905982086560039"
"Random_Index6_32_0051","-2.93274776560012","1.9205469165483","5.44878870687963","3.06154507366163","4.6060315474943","2.07925165461765","5.24064361507113","-12.7098455935095","-2.56670290586547","-0.120162423413322","-3.61024784202902","-1.01595665632763","-0.400837069001547","6.69851805709039","-1.32917566949005","3.06807504369766","5.96261777113596","-4.68141729946895","0.422732299840119","0.730292226477489","-4.09055249546036","6.63654646949663","-2.08316486625065","-0.0265559858164319","2.25181948741052","1.19245253738318","0.197133289635723","-3.74769524395988","-0.69119983072348","-0.892733685463089","-3.74874295585851","-2.84417221362488","-3.98684742455171","-2.74032872936919","2.8901987673544","1.9646894825803","-4.13972189661908","-3.03145574470625","6.665437012315","0.0219597279162043","3.132621020536","1.46775177105225","-1.38440274664641","-3.43008084872555","-0.0175974004629708","0.790638053101366","5.03780926216736","3.00325707696057","-1.6204141250561","-0.715587353788064","3.48214319017836","-1.07764009615033","-0.41726928113137","-4.28990816017841","-3.28977157907104","-6.65932366320007","-2.16485233110401","0.856234046189987","4.90680689068967","1.20591069132339","-3.01866894806604","5.71877191354171","-2.87829186795504","3.5087339252185","1.24727399834753","3.09180317079538","1.82643103997382","-5.57765748379714","-0.990612127939136","4.14381177171233","-0.029267077027786","6.28786971852335","3.11233078120921","-1.09692193589392","-6.5939656759549","-4.00227100848428","-8.87617563924766","-3.96002788087415","-0.285074877073961","-4.99039141084309","2.32969915979474","0.012440320329526","-3.10486862955868","0.605418178907753","3.45617482558118","-6.45039403730056","-9.00540888095057","-0.585859238643598","3.29452787157646","-5.76724334559169","-1.26256897730415","5.12948108259137","-5.03475670780148","-2.4092596823146","1.19645684939474","-8.28463933918474","1.74566470137743","-0.18615445678234","-2.34820549833394","3.20955754631673","-4.83467242443538","2.75244106596715","2.71840760191743","0.761868629184689","-0.786721797888033","-7.28744112366603","4.47079607631179","0.247192885322429","0.867447614948282","-2.59421506454979","-1.72633871243718","6.05376902474912","-1.70842906110518","-9.30179974050307","0.64913164447887"
"Random_Index6_32_0052","-3.15650137165143","2.01326344896289","5.3664256870998","2.97255296862869","4.56758391816366","2.14721913808878","5.03558816764912","-12.915002830205","-2.81563310322973","-0.108448378145056","-3.59997244171536","-1.19059309330282","-0.480149491326817","6.84845182716048","-1.34168248745297","2.95321503750186","6.28882980196124","-4.67508418893585","0.347893441399206","0.687437686642348","-4.51915740387693","6.70303182956292","-1.84824063961439","-0.0165058977833208","2.07601453875201","1.16080473977062","0.310103565520203","-3.64760065590143","-0.628235273970209","-0.910969752160703","-3.65008687400883","-2.90529301949784","-3.97365107104514","-3.28147836676926","3.22914962833801","1.63560300068714","-4.28259072262865","-3.10785276583638","6.93296333108631","0.299550368871291","3.17173158182734","1.47189624887482","-1.21279176440707","-3.54337480750304","-0.0961835424101384","1.18540901777835","4.87545768087315","3.22456848752049","-1.90396293885383","-0.745152311638546","3.1894244147798","-1.27140659648994","-0.640312481415333","-4.42876221140708","-3.54409916213354","-7.31324026620885","-2.31025553595912","1.2577544508794","4.92020044831906","0.953738537701876","-3.13502446998653","5.75136180258468","-2.74282382765305","3.50373361176314","1.19183062841632","3.44380586774886","1.65671157172824","-5.77141757035731","-1.18087190423713","4.25035053785694","-0.162713417226773","6.56521757693312","3.12438854663922","-1.03834246225866","-6.75786360569644","-4.49507030950555","-9.03893900685214","-4.12409518696054","-0.340064291785009","-5.31046445767083","2.36070484381777","0.400453841603808","-2.94463989707661","0.798257647323886","3.68303031420872","-6.76243150242923","-9.17801241571483","-0.687828821991276","3.241781088966","-5.54741886936977","-1.21217178079518","5.26247711041916","-5.09911194378645","-2.34036444267741","1.28058651017622","-8.38815688042808","1.48873594671693","-0.294819352464958","-2.28436324428141","3.49314992519746","-4.96647435879533","2.96532386526205","2.77087818637207","0.895114356886077","-0.648787254843867","-7.65308799060462","4.60354474374012","0.383065173213339","0.642156737066302","-2.71641456017471","-1.8133153455449","6.26948072792759","-2.14222755703908","-9.50285479879711","0.982986266245506"
"Random_Index6_32_0053","-3.11042464608322","2.03414320149736","5.39857305900397","3.13091209544862","4.74458600595842","2.09265812919119","5.25163218682149","-12.7547504579211","-2.72512188932916","-0.351583995030078","-3.6808071911701","-1.18368919740523","-0.493124741071411","6.78559120730816","-1.42724992264579","3.13640345533794","6.13242521608861","-4.68394404564307","0.286261760042412","0.840195864449137","-4.4354008811266","6.72330853832179","-2.04579916824791","0.155699878509983","2.08238210512269","1.0668319741726","0.400809159299362","-3.76183137883264","-0.55749091328805","-0.924530239059434","-3.81442417149375","-3.04275034862882","-4.0462671400873","-3.04471650387863","2.98197191034486","1.73126189715037","-4.35631569535424","-3.12386100119367","6.85017344616266","0.0995044496875764","3.27761683074859","1.34942617341813","-1.21467633044673","-3.53550174360672","0.074788635869464","1.04545259032172","4.97498405875601","3.22859542404499","-1.6724698254155","-0.80128243114557","3.42882012294167","-1.1611222886034","-0.709897569944507","-4.30199174040398","-3.43195951483064","-7.08012975727647","-2.03852646756676","1.00666339069908","4.95232171432112","1.18808686294715","-3.21175362663372","5.72785190940131","-2.83293403337951","3.58131127673784","0.918013553938669","3.15927204330876","1.76456552564798","-5.76077818067371","-1.01302714056083","4.21699991907967","-0.0271615868007946","6.40541105868054","3.158028633484","-0.81042949852387","-6.7531892369047","-4.51410060198561","-8.91638059773433","-4.04271021165063","-0.346114309820507","-5.31738840138615","2.19193608629011","0.140224544668405","-2.9613465660149","0.843305759489602","3.51791443153434","-6.66350029397101","-8.98122157740421","-0.728626197560526","3.39637553209589","-5.64319281646063","-1.30364291669367","5.37776272864544","-4.95140772479009","-2.17768668362643","1.48994956266852","-8.1571223980624","1.65265576142314","-0.383185869870534","-2.12431355559666","3.34587793132695","-4.96543713292791","2.76441558657409","2.81358141253897","0.794843201799335","-0.68155746312379","-7.6587014160773","4.58907980773101","0.312779196511548","0.830434946667997","-2.53820386189799","-1.64872420368067","6.12182996885376","-1.99462844308123","-9.52524225538667","0.696549297102767"
"Random_Index6_32_0054","-3.26504962545467","2.18792159556272","5.64986068545279","3.30058030500155","4.6204972732278","2.05203160231625","5.14209081710958","-13.1217820925233","-3.01656560297553","-0.590040065757816","-3.90350974448414","-1.35598835078419","-0.895879372710281","6.72565247187697","-1.51610537212294","2.98122373112779","6.3744780579227","-4.59944534013249","0.0347359232192878","0.900678958467594","-4.37844254700226","6.79994701572075","-2.20121559079995","0.0422414325553939","2.40200400836315","0.927452649584659","0.307008752137286","-3.78921728575344","-0.657097266837213","-1.07838406525392","-3.82588399922387","-3.24721643679843","-4.22268847144397","-3.05495696541103","3.23261551232614","1.39122455620535","-4.31112771932271","-2.86489546010744","7.05055730348577","0.104037977754505","3.20100403287096","1.29012308895592","-1.15504411190559","-3.40181416786548","0.352992966577641","1.20431809670064","5.09749461225213","3.38313528045694","-1.91656443283424","-0.54466019257966","3.32991861493159","-1.65246049639395","-1.04941916421558","-4.51006404314156","-3.66173802934832","-7.15904724087947","-2.10148423798396","1.25353651296727","5.06033315938054","1.01363460740499","-3.18029523995608","5.85872806857857","-2.98485688019049","3.54968541193293","0.932871362256216","3.34539671621142","1.38464369670151","-5.86041084937288","-1.13547602237009","4.5196356749577","-0.386626341942254","6.53688644762709","3.27328536732038","-0.849439591743742","-6.6337389870859","-4.74197951437406","-8.90456933594456","-4.01685133332457","-0.268698053797556","-5.19460150322326","2.41684140564406","0.0847048288873573","-3.07673267783608","0.984655362278441","3.5980717284227","-6.6276636477818","-9.14336381067829","-0.848820410740619","3.55594396770791","-5.4224205154804","-1.06764434266267","5.1695177728035","-4.86579357598623","-1.80775645608513","1.47309077865802","-8.41658636881838","1.55365527601838","-0.554260059254763","-2.32417962473767","3.58908879803129","-5.18237407983055","2.84221633603797","2.8800360131108","0.732570195317096","-0.592757102450227","-7.52125988746388","4.67631183999975","0.177060078059935","0.797672261307629","-2.85500263365495","-1.61041355120271","6.33656997128327","-2.05415845757398","-9.59081236849","0.81998479949224"
"Random_Index6_32_0055","-2.94283440868555","2.10784373708276","5.4124970491382","3.1429213639621","4.70771892313687","2.17857041667435","5.10206338148709","-12.7852547831835","-2.77224199415362","-0.0533481485048726","-3.53434567013202","-0.972744448906855","-0.39788395547991","6.90992998138547","-1.208381077721","3.14065833769797","6.18785065252522","-4.69243030726084","0.398186909329646","0.892155084356515","-4.97185223981762","6.7948697929657","-1.86511582037891","0.0277016051784944","2.22740611716645","1.28917758038368","0.304384990696113","-3.58390279730678","-0.686515884265553","-0.893929604777836","-3.81561595765144","-3.00107617311398","-4.10548559044568","-3.17175701845943","2.89819627033515","1.94596227118584","-4.29573754983382","-3.1012092244036","7.03565670929751","0.284816104780266","3.30782123868579","1.50635764520316","-1.07102393144894","-3.47382126688748","-0.0271451533377786","0.835708950049481","4.98884442768578","3.27625133615871","-1.90276671380293","-0.753136110027475","3.49082548519464","-1.10839618528827","-0.690650034612397","-4.31774032197941","-3.56152993301018","-7.15660332019255","-2.31148922705259","0.943485786128386","4.99454765600269","1.06046794123042","-3.10815765544552","5.73780211005766","-2.71090957656484","3.54220344719638","1.24819672128871","3.17587976134687","1.57111542538308","-5.76615566356638","-1.06100210248596","4.21128430778126","-0.0789620686553261","6.4892542241534","3.09782441805485","-0.98255195711401","-6.8737577414676","-4.11216401755425","-8.95913357272797","-4.17791461692293","-0.358618996199195","-5.14875319455252","2.39807334917127","0.149857056545931","-3.03240488084211","0.871552592887779","3.76721769194087","-6.57971073939236","-9.17890965208385","-0.60673808162106","3.50338555527325","-5.73261398114969","-1.13696054094348","5.26256196180982","-5.12357617537714","-2.50765043516677","1.37701052136589","-8.22839709342637","1.55957003080256","-0.179965844296539","-2.40936461934765","3.34339258919059","-4.90228742100795","2.86966274171177","2.93301487197591","1.01353614392205","-0.562893481333923","-7.48326853055066","4.52549377852187","0.330010862249419","0.651675066674859","-2.53292970459046","-1.72444159800564","6.18758233967764","-1.91763165642259","-9.41088881903092","0.887710706067596"
"Random_Index6_32_0056","-3.04674401102195","2.38476778162588","5.89143646094569","3.43455391307671","4.91606661925394","2.06130376181973","5.08290507363229","-12.8483421952607","-2.70780487351619","-0.393381337232586","-3.82171702495958","-1.24520870973415","-0.861145337075967","6.75520343622438","-1.37498105539431","2.97522677773726","6.51668645997739","-4.55091757204396","0.0955971702937819","0.971467798553326","-4.15530067076365","6.85489798191477","-2.06431793519022","0.238367833692023","2.45878207013112","1.26581853436964","0.519413806369644","-3.7324587946701","-0.397014873766017","-1.16761895585014","-3.8823603807115","-3.37912091078844","-4.07570417217998","-2.84247457902243","2.99017907002036","1.64176520180561","-4.31999139346382","-3.13297688718203","7.14905983310079","0.0902688232718061","3.62615433397867","1.27789202015067","-1.11412377787481","-3.42132021953817","0.224234573943959","1.09121547275595","5.26269731354408","3.58509633195354","-1.50849790176739","-0.410325916033291","3.46564776830233","-1.58559053405314","-0.927384696881949","-4.50026886231019","-3.7564533307715","-7.11354045181677","-2.02738147702739","1.05137642271998","5.28629445442193","1.12805637485796","-3.25440430746332","5.91991306380758","-3.00319766268063","3.67591593006665","1.05626143026155","3.24436696636594","1.46105112966937","-5.76152343210201","-1.15229122994625","4.56824925302943","-0.283187800358466","6.67470730297884","3.61577720336498","-1.1584614509633","-6.65295343840489","-4.4658375939966","-9.05890461775443","-3.93934287919529","-0.191495608425409","-5.13427694210462","2.59971752948586","0.0604640940926311","-3.21913382309973","1.09150858012272","3.90083671008713","-6.64841974344358","-9.04629908403774","-0.90222346236069","3.77431689932528","-5.16792523450605","-1.16465508319047","5.44442159819207","-4.91310955262333","-2.10919689583908","1.58924197668619","-8.47876161737008","1.7816284271489","-0.385661188353343","-2.39629083576015","3.3600640815298","-5.15530688587067","3.08857326918484","3.05639615038244","0.7377077006809","-0.461290481933021","-7.23625837073185","4.73338312711073","0.186326757421048","0.768954184967393","-2.75212296090474","-1.46257364194871","6.25594582919401","-1.66453823430234","-9.53507806036544","0.782192704919114"
"Random_Index6_32_0057","-3.05760653960729","2.04368070288262","5.49498283999556","3.13485483054033","4.83610241909793","2.00907924920003","5.00364746619663","-12.8602851971541","-2.81116948075607","-0.25370270977507","-3.64565849404677","-1.11471456278279","-0.544213639877429","6.83867588001988","-1.33712885088138","2.8972839345927","6.29249061910896","-4.59109350252348","0.26382076675565","0.730863305492144","-4.15408885236117","6.80112946044674","-2.04505472142919","0.102352471299562","2.35542943231146","1.11102764063079","0.35268544706609","-3.77135762540644","-0.303518808615732","-1.0408267785733","-3.94666817626519","-3.02138737647618","-4.14677131751963","-3.13909098947986","3.09540243510985","1.62906183335464","-4.36147757096305","-3.13663774333661","6.90011180737223","0.00206621363419449","3.29806378724055","1.34509595024278","-1.16995980696618","-3.49623403170673","0.228727331134557","1.11767574342088","5.13122364302368","3.21899774586198","-2.03850194762116","-0.594289413719399","3.40388212382863","-1.30391379778911","-0.735759276078174","-4.41276564011179","-3.41729303619763","-7.13061831291476","-2.02560943717047","1.19519693986195","5.07481547434105","1.17957366204518","-3.05098905727596","5.81862563108342","-2.77722010789898","3.6154031948374","0.978819972452396","3.36543050645423","1.40780604974659","-5.6238858621958","-1.08387929674952","4.31327506289879","-0.307353372120655","6.49502135453185","3.1820226901444","-1.15326445071055","-6.8975569072135","-4.38670872911462","-9.25941205694269","-3.87715816113318","-0.293877753566336","-5.39367295751097","2.31700647760793","0.0960736610409852","-2.99137323098152","0.826399167237342","3.55268274188811","-6.5788780987096","-9.08913891326729","-0.706087319890433","3.45534151389893","-5.51372062516649","-1.22393194466379","5.39176138032479","-4.85783577988622","-2.25282945804302","1.40672369891465","-8.13710233199744","1.65131056734267","-0.359167238500535","-2.12411582898411","3.5133493330622","-5.10283683290864","2.80851991274982","2.77091778041037","0.718630292999831","-0.681036442261563","-7.33832172339695","4.63125344522091","0.29999685056578","0.999102357680437","-2.71506860783709","-1.49490649413296","6.17807586544528","-1.92494046785993","-9.62383318154204","0.729078159372397"
"Random_Index6_32_0058","-3.21781691512797","2.33000374392508","5.77133709075662","3.14197869846321","5.00333374041267","1.92146592669899","5.09500594032118","-13.1115672954924","-3.04865999784999","-0.321533971023289","-3.81816186230611","-1.17451260792816","-0.527819985670466","7.28461327721606","-1.40505472383419","3.26648433164053","6.37526872363439","-4.93697454295094","0.131744964546131","0.929336249462759","-4.21193887747954","6.93477791676987","-2.1701094382557","0.237650511232064","2.28381327741591","1.21896965287608","0.564991905661118","-4.00598022667356","-0.415594647534737","-1.11423398471204","-4.16223486358836","-3.0906937952536","-3.80084998206111","-2.90085857733355","3.14130180249818","1.76537062261741","-4.27805328594071","-3.36082730438293","7.0212005717799","-0.0410342771928771","3.44345319226491","1.3937753691588","-1.29923299259315","-3.8108563895368","0.0893780692548861","0.782046344630823","5.35238891090867","3.30788453206528","-1.98084287744972","-0.671220075345796","3.69449436615403","-1.34988018437619","-0.679128905867296","-4.59011182936477","-3.47293707359039","-7.43090121728082","-2.26144124481251","1.03053792923853","5.27602007185221","1.20298740584081","-3.47819723934596","6.0104680272606","-3.11666310194522","3.85517196254284","1.23165599463301","3.38549353464663","1.64213118976127","-5.89661736445357","-1.17989213077623","4.75882606684282","-0.0552554462748875","6.7940569296873","3.26946655517312","-1.21103260459639","-7.22182018580253","-4.5349554117645","-9.35251857735466","-4.09611403151999","-0.611376047252904","-5.44485658716452","2.42904661474464","0.25154497189056","-3.20448583709054","0.896333301003899","3.73835316152416","-6.98765707875076","-9.33589939828113","-0.732313368403862","3.61641943541984","-5.62718254340079","-1.1321126935916","5.43166155782902","-4.90671964261083","-2.22719552925075","1.58502760135947","-8.78645229175822","1.79693707542659","-0.471574586480325","-2.00518994963216","3.54877237638233","-5.30644438924225","2.9695516008323","2.77160723987846","0.755424250780569","-0.797681655643953","-7.66920613821167","4.71211004935336","0.248597971868148","0.756445940272655","-2.79466930965325","-1.54132611842598","6.38032033914332","-2.08332149234466","-10.0158794980108","0.862874358428445"
"Random_Index6_32_0059","-2.94580409230728","2.02599611686124","5.53971597141028","3.11928153315741","5.09796442552834","1.84340758312625","5.2788182749292","-12.8406221757281","-2.8881283824964","-0.425882907045995","-3.80097454068914","-1.27758645367327","-0.720134640162417","6.96057951076281","-1.50347656745835","3.27083291181161","6.25390699928293","-4.74279091764939","0.209644427272705","1.10332414514132","-4.44551881212374","6.93591132988594","-2.23542751309171","0.238340178754822","2.32186272760801","1.12270995895559","0.636151911618039","-3.84577731825082","-0.411653953079568","-1.02837479350239","-4.02205224792145","-3.0796943194759","-3.96221793619259","-2.85023266751103","2.92793565461279","1.89705356013715","-4.40981040238265","-3.20404631166574","7.00209255938207","0.0335366080270866","3.42162554076224","1.32151842223415","-1.11442962207605","-3.67989720245796","0.155500659178282","1.02968511809706","5.16824423311121","3.27027082307435","-1.75597318026627","-0.591114470904051","3.49568802869765","-1.40745823603576","-0.812650997285314","-4.33368804981746","-3.56027447071798","-7.32095835860207","-1.97827148754701","0.861993955964375","5.00700296342268","1.24099927117692","-3.38007064902588","5.80226936032838","-3.1601361895689","3.74925100118641","1.12481447247741","3.14090744815079","1.47561945117687","-5.79852931300664","-1.3329660503451","4.49992101459779","-0.171866428326322","6.56321743679301","3.16521646083353","-0.900596543236399","-6.8891880699579","-4.47797309927649","-9.10771434202538","-4.05258597018954","-0.489405958059657","-5.2893910609525","2.30873329191961","0.0250913882883336","-3.40713825607524","0.983498172095926","3.55503205045832","-6.85594356727706","-9.12111344945413","-0.698432415073189","3.58211039323806","-5.49757259556176","-1.21283478554999","5.51748049534205","-5.03730341429199","-2.07038060893769","1.50714248235255","-8.65351934877017","1.92028669191329","-0.417921278836498","-2.16937508361904","3.29088984062946","-5.26859558008185","2.8067666555344","2.80017243270779","0.840847551946559","-0.79664990588666","-7.57165429251138","4.70891162803299","-0.0521941365448705","0.811869682224858","-2.68461199857086","-1.67826112450246","6.08668887793836","-2.03042923579872","-9.67050730580067","0.5268098063975"
"Random_Index6_32_0060","-3.23260443031844","2.34690666471369","5.94257618900054","3.17196801665579","5.04415894282072","1.95213455485239","5.31869489102626","-13.111099593557","-2.7717682335866","-0.487190573708715","-4.01755684554671","-1.40983017512611","-0.729021165100775","6.98814319137052","-1.71202780785141","3.19125354316001","6.28162047728999","-4.79337896397959","0.00738155384460265","0.908889239715225","-4.18837757233098","6.88628367792969","-2.27500844377133","0.06921114051177","2.53061341558048","1.10213241235619","0.430454198506926","-4.02602311104484","-0.466235798272098","-1.24625184000689","-4.08370181568002","-3.41716691011835","-4.17495658286805","-2.91837598891124","3.06689271117338","1.68471433452792","-4.08948281686318","-3.08397347141785","6.95420314339392","-0.124800001213499","3.46596235365478","1.22684240544382","-1.52546326676001","-3.97747475267553","0.400499228324003","1.03959530304919","5.29555879554199","3.50092431248002","-1.96067261363301","-0.380760982188096","3.7914508444579","-1.65393980025158","-0.942879501484733","-4.53770522692034","-3.59054897077989","-7.2156387469019","-2.04320102236726","1.0481205016605","5.24346770235878","1.39593075574055","-3.23706299215311","6.06796391349942","-3.10045149548302","3.88773514207292","0.84531432900345","3.32051960978905","1.39125608155922","-5.94876022089704","-1.14870203926162","4.50221223556448","-0.117916147219739","6.72085512787459","3.21471641207717","-1.23950801002796","-6.81905849366886","-4.55200315244702","-9.16161742401759","-4.0333746401018","-0.637080891456883","-4.91123110418372","2.44435833225844","0.00231598305254561","-3.24082577946575","0.956083521632511","3.77912395869471","-6.9692042050808","-9.42830119469007","-0.961477449952172","3.67646717943037","-5.79101677168827","-0.972337858858375","5.4427624219731","-4.65483003828248","-2.0065254140433","1.48128648947801","-8.44603502793109","1.89565201130219","-0.565117344516793","-2.0847868395682","3.42406044751194","-5.20559387089504","3.05036518099888","2.92420193806458","0.558148045431559","-0.792445330961461","-7.61186681394437","4.71488319980414","0.0177967264133607","0.98952826919678","-2.84292179783117","-1.44397793280199","6.44226343300629","-2.04426343815747","-9.86667478693764","0.690743229694624"
"Random_Index6_32_0061","-3.26838016721896","2.1354768740656","5.57925338740469","3.17506983981834","4.82922544268554","2.1551012726444","5.26569881773794","-12.9433552769108","-2.73932618032508","-0.281449396832496","-3.79588149667181","-1.31910683227934","-0.631732629479707","6.79326331641202","-1.54459215267783","3.0063831434705","6.33436415607251","-4.64155556845164","0.166393334947693","0.822494215949264","-4.4080000301672","6.79322191865676","-2.14244876622744","0.0556462408311288","2.38139505060851","1.11907662482637","0.308180023702282","-3.80785309195405","-0.674858519630626","-1.03250080741504","-3.66387523568388","-3.23924670662603","-4.17290475783964","-3.07137435722102","3.28661085000887","1.44148396060632","-4.10120662071151","-2.93511816362202","6.90867622147997","0.0731537515837153","3.30591430688807","1.28551996908418","-1.3407260913876","-3.71787717924458","0.0156526367484745","1.21532365002709","5.02801705090602","3.31973109209398","-1.7659267981494","-0.54510527878174","3.35630591132881","-1.47096789897887","-0.892763414576175","-4.42405356130156","-3.6482987177708","-7.08414594131672","-2.15490411595198","1.19159037182076","5.12497567068732","1.21757721068421","-3.05334827506338","5.9494618415402","-2.84608030105093","3.6418172790051","1.04085769630422","3.52933746412795","1.49709523963458","-5.81100489988727","-1.22312075936132","4.3330451666737","-0.0932695932628403","6.58668023031287","3.30584193360618","-0.872414833687419","-6.67897861050359","-4.49692786964436","-8.75356444578002","-3.90801780241915","-0.518802682000283","-5.18591090686934","2.43808045131181","0.197844936665324","-2.95264365289136","0.942741188927179","3.62773404925383","-6.66477319367622","-9.14596410335627","-0.94219037822664","3.51031839822198","-5.4645918318413","-0.992687484728124","5.33806524766826","-4.91304110160624","-2.15145462310897","1.37485498609784","-8.28310119715388","1.58531415098483","-0.412233467377687","-2.33272609885226","3.56911387376352","-5.0022767142968","3.09641325249616","2.85292113955969","0.810908257570588","-0.617507349993459","-7.84084493868265","4.66948235013539","0.217962078191012","0.861499669932553","-2.79085791083498","-1.66496247717499","6.3308666853199","-2.06742420798708","-9.46226501841859","0.86633186886954"
"Random_Index6_32_0062","-3.24052231390929","1.97871655881667","5.37990192058185","2.98430559181404","4.69535740730133","2.18994248874919","5.35482603005424","-13.0458762925655","-2.69090158748503","-0.283648828218757","-3.80650860643741","-1.38500504914457","-0.492721969602751","6.79084014720391","-1.44948637673839","3.0589569452784","6.28071204390643","-4.58364407739357","0.233497942949373","0.868909629532773","-4.3905184467397","6.7983354649","-1.93631364101762","-0.120611761747431","2.27608502810074","1.27771859767092","0.420097101561128","-3.88087846962219","-0.685650902902046","-0.999463469093306","-3.63432553299861","-3.08198722949144","-4.03648548063747","-3.24792225384243","3.21216381687744","1.64949658864243","-4.24486732897062","-2.9517924458663","6.90502949978595","0.29343228450618","3.22424841516236","1.40005494764822","-1.24646210859196","-3.46915251022843","0.0815587218251395","1.41520986296031","4.91683070580888","3.19495833671917","-1.74819303751789","-0.710731442661559","3.22747639205542","-1.36575301536769","-0.680217751345499","-4.4927997541287","-3.38766769898235","-7.06355024548765","-2.13037104896879","1.24188793498727","4.96452920513853","1.14789026995771","-3.05587610452782","5.76145394279146","-2.74558469606442","3.43459321400157","1.27675833208552","3.4164876970164","1.79185429608894","-5.69620050681087","-1.23212535062569","4.23389328699429","-0.138397559624743","6.52296855197834","3.02836030086543","-0.899091072923702","-6.6782570772093","-4.51483393222955","-8.88605155844876","-4.00196611170393","-0.175793940523646","-5.2978796931061","2.2788553879327","0.428258482689","-2.86692080137574","0.792463061116655","3.4973921938989","-6.70267200278579","-9.08928632360986","-0.572038304958248","3.46018436976363","-5.38257076185153","-1.15189358432068","5.36541814273781","-5.15562202301807","-2.32260354458993","1.39589321465871","-8.2312066829984","1.50152171295169","-0.276708661732899","-2.11458975835544","3.45687078396197","-4.87929900124629","2.85975641889956","2.68740094258239","0.940828625078317","-0.516510888841853","-7.69798170107463","4.63904411872156","0.45130240478875","0.74282020661519","-2.77991947823767","-1.86725202835932","6.1867346841579","-2.08591834054214","-9.48021036395969","1.07259340336565"
"Random_Index6_32_0063","-3.18690160590676","2.49063982901474","5.88316601653359","3.21924926692948","5.29294885054876","1.58192829679503","5.14317227775205","-12.6854555631064","-3.25641349354365","-0.720906948698716","-4.09897760742912","-1.39266508073458","-0.995583468285671","7.32272192204169","-1.75578899342579","3.35649962138183","6.38432047703264","-5.17431080672345","-0.0725221746557617","1.35231138585351","-4.08864197038112","7.06436198946868","-2.49782716986145","0.338223510319246","2.3243180631831","1.24089667972117","0.668163937898488","-4.26552881113759","-0.106463148656362","-1.49561109006828","-4.32178896174076","-3.29115193125575","-3.87379627998005","-2.86274519746057","2.99983558872833","1.70852827234094","-4.57713073579528","-3.20799098802629","7.12660125752925","-0.253840627571911","3.49959098273695","1.07895126907501","-1.43374836755626","-4.07472443787322","0.369728336166621","0.873456361759329","5.3417708612669","3.30262991235929","-2.09107035295866","-0.722409140032668","3.97796165003789","-1.67696714790399","-0.959064910440942","-4.54922478252328","-3.36844738026813","-7.34727814732709","-1.79940226977639","0.909305218810531","5.22234829727124","1.39033459064435","-3.83463484784637","6.11713717492144","-3.53475504896689","4.02511955479425","0.896043693916385","3.34104744108516","1.71277548606517","-5.95126731352407","-1.40490438947376","4.71480050503666","0.271943308767457","6.74840131759666","3.33508999482668","-1.2844320327079","-6.7920290537173","-4.64798746071067","-8.80940145627098","-4.09081945306626","-0.914480503080356","-5.23335627036567","2.41793817339878","-0.124388644264196","-3.65665008131584","0.994820306081713","3.82617002285902","-7.21477356611444","-9.0307244373562","-1.14225862516032","3.64677352334285","-5.50261921316079","-1.21170400145048","5.67297590958734","-4.84950569425583","-2.01609507079418","1.84553144715627","-8.31699492056587","2.25669640646769","-0.879898207721214","-1.81339963179131","3.44757851302486","-5.63705449166774","2.91386799299991","2.92621612258634","0.38040856629039","-0.915294517475472","-7.59653724245906","4.71365953477658","-0.381081284763404","1.12446097309856","-2.85324246579585","-1.54984806059542","6.3520520198255","-2.30099178681685","-10.1673448564945","0.364495267553116"
"Random_Index6_32_0064","-3.13690387252438","2.16286524068535","5.59399175618967","3.01965014238722","4.79213663700368","2.2107295241077","5.15595839419346","-12.946623523609","-2.74195546626366","-0.290069465530174","-3.66680557158259","-1.16791110199827","-0.579208274936352","6.8392582876916","-1.3126916480683","2.99658160653523","6.44269103471272","-4.6026176705302","0.232271343720587","0.712547514912431","-4.22813318624431","6.75808860030506","-2.03248093350968","-0.0162552016159967","2.23726962037045","1.25202254983748","0.294113876572998","-3.80268920921616","-0.627223931159064","-1.0246038134267","-3.84814277923534","-3.05958508726708","-3.96112846839356","-3.04463173133555","3.02054289540953","1.88036345181633","-4.32442903744014","-3.10997791542744","6.92055719999999","0.220573915534658","3.265620168293","1.49640826516033","-1.38545995455075","-3.40582604420962","-0.0207804965927915","1.10939015982277","5.11861426630729","3.26169903649067","-1.81942482613636","-0.558389028949724","3.42865164032543","-1.24073441265213","-0.545286371702039","-4.4207842864658","-3.4747373024002","-7.26492448546341","-2.15794070372348","1.06326721673708","5.09925737651227","1.30634285564879","-3.22781082038261","5.83114730243615","-2.77898751347621","3.65009921620346","1.17850654036548","3.46037364736687","1.53702078954999","-5.54963616253587","-1.1014106246714","4.32302227171753","-0.215841825782431","6.6201588553252","3.23254582794009","-0.944686894938199","-6.89144170115489","-4.46524049105624","-9.00155885005371","-3.95552614862214","-0.245686993353715","-5.24547302458155","2.37037631293411","0.153496022992625","-3.03142000605314","0.859524960210508","3.62621198342295","-6.58372376840498","-9.09818292308103","-0.764508193107044","3.49353580293138","-5.49985212966513","-1.27528053876636","5.19140385522345","-5.13712338765323","-2.47710841799951","1.30588171300104","-8.44746779801222","1.56617920869945","-0.298808496148153","-2.1466720697968","3.35370706352844","-5.06860757375409","2.78972632477681","2.80122267321586","0.833933615854943","-0.500188893831741","-7.54201493678029","4.6229066291653","0.308267149459546","0.804477078003321","-2.82959128327431","-1.78179884843387","6.25388813679762","-1.84053666340402","-9.68216661024272","0.798641806693385"
"Random_Index6_32_0065","-2.87218277164224","1.93568478226041","5.43276274624403","2.99919479263628","4.65412950060705","2.05132290623302","5.13437215414443","-12.9159072409171","-2.94991695284112","0.0123812894780375","-3.62117882617887","-0.832954187754888","-0.450259359524507","6.80864634706356","-1.28379681824852","3.25096299249213","6.10877490506934","-4.48298391492368","0.361755600190424","1.09346435422357","-4.29816886517847","6.7034816377136","-1.96363545883878","0.119065857260587","2.09636865630778","1.31612412017455","0.375628006707728","-3.71813945289645","-0.581184488674295","-0.828698161284658","-3.89688753233472","-2.96956333750981","-3.81005119220094","-2.98329109120934","2.85178624305178","1.72167232939823","-4.45681142287454","-3.32463688871275","6.8418237864079","0.288491502842488","3.01118787596983","1.55158219529245","-1.27854217445879","-3.7067139158555","-0.181573750634691","0.693506138214398","4.95168721917108","3.03021307917906","-1.86445445006759","-0.786798405254213","3.45465291677923","-1.00297654575323","-0.536474494279476","-4.35949802695983","-3.29717405750309","-7.23679024958799","-2.17852656417919","0.933453100451227","4.94633737215057","0.862410379498135","-3.10203598583016","5.61288223744227","-2.8400718644839","3.56851300698718","1.46334033143824","3.16333174039092","1.88911099510526","-5.77063871772785","-1.13137739981485","4.25466653590058","-0.097069748140529","6.45219975786768","3.03005140588451","-1.05838910789961","-7.15205882150023","-4.32226813420475","-8.96381375321129","-4.22482120010782","-0.432628494409989","-5.43655729476067","2.27173752976504","0.0699635412667026","-3.10194652137863","0.871383725521862","3.66013125454642","-6.64224093638858","-8.89173416127577","-0.496046161253894","3.14549196788459","-5.60374060134947","-1.28021932147472","5.42366975056707","-5.07656805080941","-2.30844929914629","1.45929069708431","-8.40580841837077","1.66034867483119","-0.245621675547918","-2.05461400799965","3.26038683714314","-4.9365135536567","2.72289988575656","2.65676676840428","0.844453736285705","-0.765541543259717","-7.55298010825208","4.58788598094334","0.285977622656076","0.589787331891874","-2.46414426641169","-1.68128600285396","6.06665899686118","-2.18991742170356","-9.48989935001375","0.800264617875465"
"Random_Index6_32_0066","-3.16354873917547","1.85955569210894","5.47586161492817","2.99282944639336","4.71735987644801","2.21491995501825","5.21355605915533","-12.8643847661926","-2.62294926880493","-0.32893057076865","-3.65693828176765","-1.22348492471427","-0.56102171715423","6.69020354272726","-1.45480152299754","2.85678799856766","6.37337831425851","-4.62308186126666","0.226804323376435","0.702944339063536","-4.42203795758594","6.64807611226682","-2.00858850525384","-0.194858121385145","2.34524152054442","1.14298991960769","0.408052537163168","-3.81943229273397","-0.631593279262245","-1.02190604297495","-3.66312567741405","-3.14393302051319","-3.98556574306563","-3.34314968406045","3.31566236329564","1.60743891043586","-4.16052258716083","-2.87338279679249","6.84279081280864","0.18649560509862","3.12483304493422","1.41857831290441","-1.30763454355264","-3.55543301258782","-0.0887498535173767","1.14511473156365","5.01727265140036","3.25084277582648","-1.83145452898943","-0.714662050348121","3.19569649447562","-1.23433831717649","-0.690586996135215","-4.61108716248884","-3.78722838135256","-7.19829801710617","-2.11029641111749","1.29458145637788","5.11537609021136","1.09214940625329","-3.13306184029726","5.8057570622873","-2.71061253104417","3.44445272026054","1.25123709898636","3.48237496292252","1.64315841594873","-5.79553764057563","-1.02993070431483","4.20574342097978","-0.142787004226364","6.42342300064592","3.07712950864998","-0.986798257802587","-6.85782017830076","-4.5167191950455","-9.06844558739821","-3.89204998629041","-0.160894354124682","-5.34576172847984","2.35857672016952","0.205644187461937","-2.91153577186421","0.613256487885498","3.53644932590276","-6.68139122431305","-9.17495910356441","-0.705159952646513","3.43298998268821","-5.59823811754396","-1.2091249718804","5.21062435006537","-5.04078589888083","-2.45450111883512","1.21981201214924","-8.48659893133485","1.44398029668193","-0.166132986651206","-2.45291044821275","3.59928018650718","-4.87128274456387","3.05342398893093","2.69205725915681","0.910751191869008","-0.608320609939319","-7.5374424642658","4.63037687436276","0.343241441858588","0.519951257411125","-2.75952804062594","-1.77942306355374","6.20504359493277","-1.97185611805172","-9.68036576702735","0.960686295727345"
"Random_Index6_32_0067","-3.21302948580258","2.17129553473077","5.52587640101737","3.19154383517265","4.75314364233581","2.23251524988287","5.28551320679288","-13.0777190400998","-2.9033013718098","-0.231720615190679","-3.60847192626456","-1.12895624122542","-0.594496547739933","6.89876590769993","-1.33951846157687","3.2029787506083","6.47067037085217","-4.61874822599382","0.31966128073702","0.948859919042433","-4.41002556043561","6.86805445302552","-1.84394035787911","0.138595085362134","2.24589835729979","1.13728283043926","0.466835954242875","-3.6934031422976","-0.638585440730407","-1.0136412910911","-3.87245155330756","-2.98946874489711","-3.91486306650323","-2.98478636755499","3.14372876180332","1.55561770288404","-4.39742151637748","-3.18628688416375","7.01233897690706","0.168200401063961","3.39008844596408","1.58934466191603","-1.22868763589574","-3.52756631630841","0.0147200159559716","0.965710803293933","5.08406999020877","3.33121514166127","-1.90293202201179","-0.597132537387825","3.33730572997238","-1.38334504628275","-0.706258439702551","-4.47302869039585","-3.56166520363485","-7.2283555440582","-2.18460867457006","1.15907963274176","5.20440828994186","1.20948651715138","-3.22940355164635","5.83754013073967","-2.90398630041082","3.57581352067806","1.19808469070037","3.51159015963073","1.60153084149166","-5.85350694045071","-1.13353740025098","4.38320893954896","-0.0205423566872607","6.62112649502768","3.26254311801596","-1.0834933551784","-6.93915094540605","-4.57178616348679","-9.11776087863594","-4.06223165299363","-0.302091130846861","-5.35899500607529","2.46405382927634","0.488256249584412","-2.9373157328055","0.944501048049705","3.76741583742202","-6.63097540004076","-9.19204311093309","-0.813674153303049","3.52241358896628","-5.37093235720066","-1.20034891514648","5.4961491413768","-5.05258761890471","-2.22792470845255","1.48330629894868","-8.73728570847373","1.70757896801191","-0.291752185992277","-2.21612558737648","3.50563036650137","-4.98769211617922","3.07096996403388","2.87688929738458","0.929516941279333","-0.562782253415193","-7.63389311794678","4.63743201259425","0.55066152755457","0.722308167217335","-2.75294919870106","-1.7196177057872","6.20491757122285","-2.11360730115672","-9.71181890615539","1.14213816122718"
"Random_Index6_32_0068","-3.16292337501317","2.04940821291074","5.40175969473108","2.9586351715957","4.59779196675544","2.2483619745868","5.32699801501555","-12.8460936148612","-2.65086792290586","-0.158399742559862","-3.61818366922431","-1.13529810860877","-0.436007627669175","6.76188999834364","-1.2227993988273","2.89741972910186","6.21055810962549","-4.52008482817166","0.338655664084347","0.838003302847561","-4.45669038631504","6.61369521335556","-1.98446429190295","0.00365646802200642","2.27913849933253","1.14741785305937","0.249155816091499","-3.72273344733876","-0.729006864475755","-0.954806945856633","-3.65272208207208","-3.02211469378351","-3.99327445493009","-3.14344310396772","3.11473441231352","1.60292092563274","-4.13801038585032","-3.0617566133254","6.82304661403649","0.239500240319685","3.13768890009265","1.45702933653639","-1.30614585987899","-3.64222192446752","-0.093374239133845","1.02607042274544","4.89506257932397","3.24494963343817","-1.75531029636435","-0.605379961884095","3.34510648895971","-1.27693687669822","-0.60791351464721","-4.50702457381626","-3.49350481470865","-7.09844407593256","-2.13231032188931","1.03849557639149","4.98342550109496","0.99828557577355","-3.05006159887571","5.89334850189925","-2.76483085751822","3.60110857954041","1.16587318370076","3.27788650822334","1.77715640603101","-5.7235020743462","-1.26390134489415","4.22308182104328","-0.281783424505961","6.47499272126676","3.17720961567642","-0.868797025529872","-6.75332273389683","-4.44929430048441","-8.98323977063958","-4.04549699163185","-0.337358828694579","-5.3290598975539","2.3404620874382","0.418078438404784","-2.82278369352006","0.774735856607568","3.5898637178904","-6.61928588797531","-8.95800505734766","-0.778861494512615","3.44051146799649","-5.61085034165823","-1.14884005581759","5.29182480412241","-4.77116324283786","-2.42170813434718","1.24765963540381","-8.2505898648959","1.50961739486272","-0.196687480443947","-2.15176655030007","3.30273388246838","-4.87414464154593","2.80709138134988","2.72925489041884","0.937663240031355","-0.574795676604217","-7.7775122116533","4.64400473583919","0.419448505119568","0.941158277820481","-2.65373981984047","-1.55759904971266","6.16298542709866","-2.00373522837332","-9.62744425089568","1.02825699974526"
"Random_Index6_32_0069","-2.93478168474926","2.12675411926585","5.70277259048757","3.12357300896843","4.86079676178","2.04662032805057","5.08761454967178","-12.9525709218339","-2.84401313655163","-0.203689228190793","-3.58542446219819","-0.973531337884662","-0.566707733954575","6.78575868154051","-1.22231755797721","3.23701416550104","6.19546149242949","-4.96506984798607","0.458567361012275","0.800003622121719","-4.25256753167383","6.7331207868639","-2.04947105362871","0.115688900609635","2.36962040853093","1.42771135373634","0.401399652311155","-3.71278200190094","-0.457065344983469","-0.936581624416954","-3.93723761365129","-3.1882993423254","-4.09466441419471","-3.17114885520983","3.16607790052865","1.72652479163256","-4.45291656206493","-3.03947689640453","6.88734968781906","0.111685375419943","3.24454110475972","1.42649173827047","-1.31000112202941","-3.65526705531853","0.12328464603554","0.880022733720536","5.11578645843605","3.30202637027234","-1.99452819834219","-0.830723537315806","3.44681141082536","-1.26410420192318","-0.727078074177259","-4.52611635512227","-3.39197870024765","-7.12764101937858","-2.30146062634475","1.18946820859154","5.13714046684873","1.09044434071609","-3.26908505540761","5.83651784318189","-2.97580840712722","3.56047537006337","1.10894370435297","3.34056592923477","1.7476744050525","-5.80197994039586","-1.19709509434278","4.30092756464444","-0.0932854337681888","6.46981712846067","3.03636182418603","-1.23259040533966","-6.93560704834943","-4.27906992381511","-9.17360022062132","-4.45023635199766","-0.393272467750847","-5.310102605005","2.24158357486522","0.102118664468258","-3.10446391499486","0.714565108527159","3.54019892541019","-6.70914489006431","-9.06478941402884","-0.623471955895805","3.31599644261623","-5.61885928543996","-1.20953680880567","5.27770095185434","-5.00477643584871","-2.1138785098997","1.43276482326235","-8.21937250824505","1.77708218554617","-0.343112005910242","-2.2454932316551","3.61340619565967","-5.14515426870069","2.9775909921092","2.71750648002713","0.762980931978953","-0.605233476077224","-7.60386940549461","4.61720696004674","0.342912809731744","0.753179981863347","-2.66304598924865","-1.7340405461941","6.2879699980191","-1.794856498362","-9.68654222490125","0.648045259887729"
"Random_Index6_32_0070","-3.01444214368522","2.14673990015807","5.7424963991185","3.30343436858243","5.07283255722925","1.81092458273069","5.16996996516271","-12.9794786167115","-2.88421769730301","-0.388417846674771","-3.84397934490377","-1.23208511620526","-0.790190198840072","6.88341896177226","-1.45592675246109","3.18901239259139","6.14782184378677","-4.6893380733245","0.132001204760408","1.12430872822674","-4.04645008433451","6.88550814104608","-2.16696143010831","0.271736709557519","2.46895361164277","1.16024792148097","0.619588324465246","-3.88950558585778","-0.436894748432332","-1.1002907666612","-4.16100475574304","-3.17646885223603","-4.07733350102883","-2.84919509092166","2.95468858405047","1.66939431167942","-4.27861246786969","-2.95165042139542","6.89674348461832","-0.106642371707033","3.36111825057378","1.22735665544103","-1.34135225414717","-3.65171354016456","0.231213491060778","0.846540098098836","5.1894683110793","3.28646001888271","-2.00993322632711","-0.462115354687278","3.72138740178212","-1.49041322260566","-0.855685024715022","-4.21724344675319","-3.43028438583173","-7.03853233627883","-1.93853889665388","0.976547133326695","5.17754700405441","1.33736086501426","-3.28868270562462","5.9276576200928","-3.07547551367799","3.79021104228466","1.10259703647512","3.10119788027342","1.50134780636464","-5.7684661902109","-1.21310051535437","4.59124653375584","-0.191332490426683","6.5272340510482","3.15316186007641","-1.03773510918187","-6.88816130930364","-4.47277777907956","-8.92504259840944","-3.8967302570719","-0.344092670559115","-4.98967358676448","2.39634991963427","0.0199117686030792","-3.2658532986989","0.939730623295949","3.71025000554137","-6.72759445536096","-9.05517569694969","-0.764494249821303","3.56737740926307","-5.46796786488655","-0.993976358306039","5.4406588752291","-4.93777590641716","-2.16012173325128","1.61415400949232","-8.3555866997896","1.80604953244873","-0.518912568172685","-2.12086465283745","3.35067810997047","-5.27494907347421","2.79962843963398","2.96522319964145","0.607205889774387","-0.767378900039796","-7.35610762865744","4.65815824823877","0.167037968440557","1.06011427986329","-2.59190170089424","-1.58649172569419","6.28790739533346","-1.81030989845856","-9.67083669912406","0.678946296343601"
"Random_Index6_32_0071","-3.47676938883681","2.14028406160331","5.35777646588494","3.20554515516646","4.83849593209725","2.21135796225817","5.22600262441333","-12.9039001000445","-2.74482479283687","-0.438235389044843","-3.77186261259248","-1.366283768651","-0.683582962759661","6.76569587197808","-1.61553072658201","2.81963509933895","6.46653840288635","-4.50041038749172","0.182567653915613","0.666680018896509","-4.56520945876947","6.6692139858921","-2.07131306647278","-0.225981854480554","2.47370274411582","0.96526031449658","0.181339053001483","-3.81119266804613","-0.616394486640602","-1.06285176381414","-3.61662335203782","-3.1016782553653","-4.05663484138776","-3.13858473034022","3.48321347663173","1.49860923933237","-3.93098686470247","-2.91469191943125","6.90726022819091","0.13775104069672","3.37839139523747","1.26606551171429","-1.57835204984308","-3.61585787672786","0.175207071562309","1.20065705033119","4.96330498196414","3.44089401243774","-1.80328910271839","-0.33459154526337","3.49433043151195","-1.52241480856128","-0.835510986459097","-4.46110433140804","-3.80687403439331","-7.29834564046788","-2.33774048390545","1.38311982710011","5.10637189097825","1.17303893415706","-3.01216217281963","5.97413239280919","-2.63129706238076","3.74350306615328","1.03838778690554","3.61363476028985","1.62047420557663","-5.78154164931817","-1.16878001886654","4.25991448586212","-0.234457340063716","6.62238143523254","3.25867959300447","-0.991158685067769","-6.65364778459582","-4.59996872205943","-8.9163455586595","-3.83116741574126","-0.505772342748563","-5.01446351997444","2.53799644086979","0.319385337425585","-2.69832633527705","0.888882409140286","3.66974760411987","-6.73480318204578","-9.36590450102625","-0.903296120298201","3.54220465169359","-5.66194987475677","-0.985793110029608","5.24151338526969","-4.71003124663366","-2.20691927303327","1.30778718916802","-8.24538021089927","1.59165173179021","-0.339930319193689","-2.28105425908437","3.63739230483567","-4.9560455913153","3.06297300669624","2.87312544390331","0.777192049643998","-0.761700586492261","-7.77417889803503","4.78875849565761","0.298512281693822","0.954117997478231","-2.86140158562106","-1.55381812487204","6.43459167646276","-2.07915520084019","-9.65920454667147","1.01442667175245"
"Random_Index6_32_0072","-3.17525692160614","2.2893656756889","5.75744112251619","3.38331323097519","4.82233810125501","2.12624250826916","5.2659437042508","-13.1533597019176","-2.62665696489514","-0.490282671130222","-3.7515852455213","-1.36439371910914","-0.709688257992963","6.82321458340918","-1.52670041972404","2.97098688850759","6.46516610578226","-4.81457262833261","0.168472494004063","0.791954566058826","-4.17665396135986","6.80815987548534","-2.15182451779297","-0.0268534860030042","2.57863599027697","1.05272129553636","0.285081310886661","-3.91194938680087","-0.591750120388553","-1.10748890757217","-3.73857478167889","-3.19478959268755","-4.24144925153136","-2.79648292830652","3.22824188879467","1.67303273458673","-4.05425615281227","-2.87375547904151","7.0130577936966","0.180960568229184","3.47624992781195","1.20396133925441","-1.29378355308668","-3.32394828560118","0.0573426880396439","1.21649449549467","5.17675980356696","3.63207744001866","-1.77864834517118","-0.362229493234698","3.45670524093845","-1.50811949152422","-0.834735531993504","-4.51757976464341","-3.7409620830547","-6.97413332122369","-2.12558443207032","1.19739248986778","5.31859984222853","1.51304689462903","-3.06858307376139","5.99454674216005","-2.90703631862302","3.66028483186842","0.871231747846571","3.43990074406234","1.39052804939583","-5.79889629694393","-1.1789077669384","4.42384318920159","-0.306056790915106","6.53499946815717","3.3397461161862","-1.09882246296484","-6.71632685175706","-4.43903770022592","-9.05439436392323","-3.83693323519944","-0.146834757971493","-5.03892833170629","2.5199340153793","0.0104379252975116","-3.10276984836972","0.839668092095698","3.63008260877023","-6.68899419810973","-9.3185080857871","-0.760829636366732","3.78507527198688","-5.24117291996184","-1.00620658324433","5.27719733327761","-4.75584275768664","-2.15692830427445","1.35474556502633","-8.36237893201367","1.5501705637842","-0.249681364490997","-2.49849556396507","3.43649089584156","-5.03129695160453","3.02973103145609","2.99927016399644","0.730290453055429","-0.44452615142128","-7.36054828509313","4.74424773810141","0.135811391069941","0.923823084638774","-2.84725791039164","-1.54238879835531","6.34969839599353","-1.74822567384075","-9.7339541299695","0.787980314376622"
"Random_Index6_32_0073","-3.02844554756241","2.22105682059422","5.85658959025812","3.15058632660382","5.02722804206444","1.88984942214888","5.07044529552818","-12.960404987181","-3.00573552899405","-0.300145431623237","-3.83693064687351","-1.2016324994375","-0.7099691747393","6.91240770819635","-1.57427867209483","3.25300612094577","6.14721769973141","-4.84413242392828","0.196540338168196","1.09002824840696","-4.34727474226708","6.80770993136992","-2.16866140483486","0.2833512631712","2.36471040437168","1.1344669623988","0.544225938804552","-3.80908928716286","-0.307522418693222","-1.06410087608271","-4.06670665721072","-3.13266303465669","-4.11973000488016","-2.89207341327171","3.0443455186451","1.71954460042955","-4.28069474094717","-3.21334647463463","6.93717031256831","-0.0272920994804815","3.32774980220029","1.3936150257523","-1.26933002139691","-3.83434506775548","0.227249283476597","0.935068710356467","5.23371854548983","3.19026768559583","-1.98018638065862","-0.687849727549188","3.68482675202358","-1.34788291445444","-0.801592081071886","-4.47000809754434","-3.4024327291632","-7.255584132982","-2.12505533990694","1.09924192197324","5.07882981366086","1.21500511878434","-3.39473998116602","5.81676229158057","-2.9815311682499","3.76084141260433","1.01162479605328","3.27758020484389","1.61937900158527","-6.25043366557976","-1.21143963560407","4.58256844322184","-0.0457296402335924","6.50760399322312","3.09496373652282","-1.21091877726196","-6.87439326089334","-4.39794137678723","-9.16962730552557","-4.09423494636939","-0.675646810069957","-5.09859785704834","2.35353882044731","0.132783766047027","-3.17886483053277","0.89823939511461","3.7038999695472","-6.88330180899759","-9.22082534278066","-0.754096128221378","3.46622253845636","-5.55732602416683","-1.22667846577955","5.61206691888729","-4.88221206915864","-2.14500545383256","1.55069188940688","-8.40332015600118","1.95020489663191","-0.508436808675989","-2.12874450475225","3.49582989938823","-5.23222833099434","2.94406098403797","2.78638778398902","0.703886126136679","-0.799295485912384","-7.64454251392513","4.61040399480961","0.0798096363529293","0.852795804420137","-2.67070307340917","-1.55057064695002","6.17700678170307","-2.1305046532145","-9.72467734098626","0.641883038535688"
"Random_Index6_32_0074","-2.85274379545776","2.16291976814991","5.61462322534245","3.11349607702068","4.89417363195047","1.927439704185","5.09517702382331","-12.7507289892638","-2.82799950937116","-0.326220889528271","-3.57725809855588","-1.077587683695","-0.712795873619764","6.95394107785449","-1.37497968675022","3.22852336407773","6.10567352026058","-4.51680911001939","0.29212662743487","1.01401346444684","-4.11138528367544","6.80718512803438","-2.03205027473009","0.1408651407887","2.28847429423418","1.22469084252946","0.422074278789019","-3.67712289370239","-0.42256421850917","-0.983773407752609","-3.97998598138998","-3.03194251159538","-4.01413552556699","-2.91201041886234","2.91760494947255","1.63638655212044","-4.24609195949839","-3.20200348511993","6.88969251067013","0.109059913426159","3.37072498940445","1.3915610080324","-1.19951152958673","-3.55951011476717","0.0485432768303621","0.717173490699109","5.08576042920363","3.24330851675517","-1.89966356557198","-0.613663320167523","3.71915327427347","-1.17564264867146","-0.723846196963072","-4.41794240751786","-3.47416645432859","-7.20114060425155","-2.17967625948053","0.912375822072732","5.23391802974664","1.10041493349878","-3.12108049064928","5.76132912886636","-2.84523542882431","3.67016028890139","1.19709741173056","3.03985650106417","1.58495921249431","-5.83471490928027","-1.04090374347036","4.37546065683614","-0.123037476356735","6.42916452472583","3.1221556029397","-1.17716296439667","-6.81885986397536","-4.3230549489209","-8.98017117774","-3.99280032029933","-0.528042198334159","-5.03827291078667","2.37338738334972","0.172449467571704","-3.06149066418857","0.765281848139925","3.74213678453957","-6.78541687744839","-9.04912711968254","-0.661438246951434","3.45885209083818","-5.403162936809","-1.17151868023497","5.37022890068805","-4.90355932475646","-2.34875731846873","1.4948320961265","-8.48507577341155","1.73027053508664","-0.325367326663641","-2.45022706735442","3.30731188346738","-5.11487093270915","2.76028265608015","2.92483287659121","0.754270414952057","-0.640210327093008","-7.36684494311944","4.61886170429142","0.164025857662164","0.895754354885098","-2.67036626255292","-1.47830845006047","6.13884422893947","-1.85715089569739","-9.61779813969098","0.786390442559363"
"Random_Index6_32_0075","-3.00048009929432","2.14163404359661","5.55008323844247","3.14012268233462","4.90311407567577","2.05753073313609","5.29348881718966","-12.9298266172116","-2.88864928649407","-0.255297016581826","-3.62260334289684","-1.13061035209313","-0.562977211796484","6.93092643960415","-1.42886663070665","3.23202868576653","6.15274921287429","-4.83628143150533","0.334782666187146","1.0289422841735","-4.47327646693462","6.83866496799846","-2.05346374576629","0.0871790199767189","2.17318603309604","1.37735353002084","0.398110609980997","-3.71345493109792","-0.505902554412094","-0.980374141349034","-4.12736668133387","-3.03434057952889","-4.10891922860931","-2.96811233960384","2.98591221090476","1.95439527773427","-4.4592468333933","-3.25189805204899","6.95496406818912","0.247580285475865","3.29459438563289","1.45080577625755","-1.25912149131045","-3.66791402590747","0.137386047224183","0.742649555578586","5.1276853535311","3.24117964012718","-1.93836381938558","-0.852329735829023","3.55700241486945","-1.36181466006146","-0.701679569240647","-4.3844017527914","-3.36557442081755","-7.26028331381518","-2.05811382755455","0.932172530076666","5.10640719904911","1.39899139922646","-3.26731296062007","5.78822754552571","-3.01760375068055","3.69950582694583","1.24823308653257","3.18137475112152","1.93294897318209","-5.7827400206787","-1.09349352763583","4.38877201926389","-0.0408498404904217","6.58332828476166","3.18561934338248","-1.12878487098053","-6.96667480312295","-4.4990621196128","-8.90494008301842","-4.28260488592828","-0.32445585749893","-5.14539607600667","2.39808196611212","0.187511168748136","-3.1929337962887","0.996580874839137","3.66572174689567","-6.93092855758564","-9.33027076870029","-0.614556034534227","3.40721422737596","-5.72576796193398","-1.18468126466984","5.32116282429439","-4.95145618550603","-2.21472891401412","1.66444083195706","-8.35966984615287","1.71482244275184","-0.33795455330028","-2.42937903122305","3.4275690460892","-5.15902564147337","2.92057994263873","2.77493959428037","0.811378230536512","-0.715926574941266","-7.7444552017396","4.66308204188854","0.171031637487117","0.838099870117391","-2.51862822509182","-1.79555773626435","6.1904262568562","-2.03015976067444","-9.67351456429577","0.77636938077709"
"Random_Index6_32_0076","-2.99359227524184","2.18403425617071","5.631448629038","3.09630668479575","4.84814727792756","1.98357353266215","4.96030650311977","-12.6741796140454","-2.84087143147263","-0.236265730559249","-3.67613902455718","-1.0916183485911","-0.618821359208719","6.87967917190223","-1.33985349880852","3.15562004270065","6.31907971750262","-4.71589081856513","0.265911504904691","0.902653126775175","-4.22278437525686","6.75977752174965","-2.03694844767115","0.121782202420782","2.27098457888319","1.03555180195606","0.339330387795378","-3.71909001241149","-0.504857740110059","-1.02018116885745","-3.90284267933295","-3.05376773142995","-4.02784447726067","-3.00222938787477","3.24789152817501","1.55974743297675","-4.31597211706685","-3.06705045598863","6.85252040720909","0.0450716129062152","3.29823204875087","1.38318358352373","-1.33041862118934","-3.60575020051926","0.0776801067839811","0.910827316836572","5.12837907521484","3.18990485804986","-2.02456186051914","-0.58234532565127","3.58743439837884","-1.27803732365431","-0.729793292101163","-4.45139581182202","-3.44937235200835","-7.12987346510204","-2.17646283096852","1.18426647263325","5.05405300769255","1.10818655814533","-3.28225718617199","5.80919152351051","-2.92936984219619","3.65803411377007","1.13505974740065","3.42798707144688","1.65460101606258","-5.73001153890799","-1.16824509551945","4.39155293457267","-0.00501509915550563","6.52192621849381","3.16960984476249","-1.10386892498019","-6.91963334120082","-4.35224796465369","-9.04626863208031","-4.04135625243117","-0.444653231623213","-5.08090406028761","2.42131592044601","0.221595948142603","-3.07782912897928","0.814933605913165","3.75661984535775","-6.80907223891668","-9.10612086870379","-0.769481677939523","3.39479792859276","-5.52848596575227","-1.17112733140162","5.29762080717056","-4.91607992003668","-2.34248050162958","1.44465273736683","-8.42050394813309","1.81779167838715","-0.366438968552579","-2.21508904083256","3.61129145177242","-5.01274707132092","3.0487636784828","2.85311065426998","0.758521575709632","-0.690741981609495","-7.43591756550834","4.62585233422885","0.242324350255272","0.884398454420123","-2.80982754678469","-1.59831676022596","6.16065443897161","-2.10812270791335","-9.596758747017","0.831386243214588"
"Random_Index6_32_0077","-3.38298967675222","2.15469397589707","5.57236079029337","3.12846129191179","4.90070672225563","2.2691607151678","5.15097772412945","-13.1494817476686","-2.85638016493394","-0.252758205163923","-3.61170243909195","-1.23693378980378","-0.550542455298304","6.91627279268341","-1.21169388019384","2.9981423145062","6.68080863052503","-4.80679940368961","0.220745891409413","0.860446208919653","-4.41264801974409","6.88492159988471","-1.98881582316131","0.0387085455996569","2.38018042490705","1.12636030742741","0.349189179847906","-3.84124876199095","-0.53027336312615","-0.913870767099788","-3.90101849514685","-3.07916676086344","-3.98011257984339","-3.10594035436648","3.47657979868876","1.55375463636797","-4.2447846996645","-3.1035293287484","7.07444076526314","-0.0436017755263403","3.28594308758753","1.42692196259636","-1.3410181171356","-3.66954962750973","0.0560396293890666","1.05556740298456","5.40087121259694","3.34007390291237","-1.99327468172257","-0.54028447976146","3.55999486961038","-1.48729669811597","-0.687139226859639","-4.7026385415587","-3.54629042005794","-7.22671257901291","-2.09437995025503","1.39829701899061","5.08516330812004","1.21204776075702","-3.30199266628349","5.93343535893472","-2.92443908114337","3.77751260177738","1.00109165258616","3.83082608003784","1.62856872054006","-5.90157315578228","-1.20392566217106","4.45412047457367","-0.124506529701597","6.72842800053021","3.26846842864166","-1.26706401739794","-6.88645977526848","-4.56456872222841","-9.07898041685695","-4.07466292671057","-0.421088014107074","-5.24719151581617","2.56212761854398","0.59899732077154","-2.87482055861979","0.892735971933933","3.7467409517963","-6.95399600250162","-9.34443880244784","-0.805454183123632","3.49013069592541","-5.60400001925436","-1.09895700941338","5.37362992224725","-4.86799164326267","-2.28041179026171","1.42123814490525","-8.59909942091175","1.57643221144691","-0.338455123283874","-2.34087335235635","3.77577518296786","-5.04259587358496","3.45575738478398","2.83271166245278","0.811966956316826","-0.838951646524338","-7.73830502024465","4.75431975867988","0.483848514318886","0.887574250082496","-2.97393508805405","-1.63816891089971","6.46707990789278","-2.19482442292058","-9.95070545214101","1.08593280710631"
"Random_Index6_32_0078","-3.24853780768215","2.43804171649817","5.75883719828891","3.35587598361946","5.02864709081938","2.08789465054009","5.27086508509944","-12.872544981499","-3.131075765617","-0.404958660575931","-3.84503824198682","-1.36753323561142","-0.708956134608304","7.53696282074093","-1.45820010377888","3.24257065090195","6.53542361634455","-4.94243474225931","0.147174402189074","1.14575745634418","-4.42066491139872","7.17910058375833","-2.02335181040525","0.1663239415036","2.24068525416589","1.30000644917967","0.601113597843374","-3.93964860871705","-0.38857452571039","-1.14263981142327","-4.16438772428498","-3.20082224529476","-4.10825211859514","-3.05781702955364","3.32016249634949","1.61380720035354","-4.41384067994103","-3.27112730831015","7.32050512889966","0.0374525578284263","3.54032963946675","1.4559137408801","-1.44726495945541","-3.88226899496785","0.289022195353291","0.9873871792935","5.28252825527852","3.3913275347658","-1.99296554584956","-0.678545520974628","3.82070690561383","-1.53018332663386","-0.854318705096507","-4.411871835659","-3.56048020724332","-7.39810787157179","-2.25609976075835","1.21098181497274","5.34538672828161","1.14798724048334","-3.73052370382572","6.13655185811663","-3.03414153975795","4.10594292689068","1.0650704377636","3.50704588324616","1.5892455514296","-6.04375266037481","-1.23516585029843","4.70869935864939","0.125571673099906","6.94888730615055","3.28924380869067","-1.27587485277125","-7.01090857397491","-4.7359626890061","-9.07617662111486","-4.24486401951627","-0.567551658572159","-5.42426962252935","2.57212190030729","0.412662944191163","-3.17118795245747","1.16561927596321","4.06630886226825","-6.97586287966046","-9.33036066434418","-0.967892508008651","3.58239138515526","-5.47022581134517","-1.17044218794568","5.72415876647887","-5.09285122946834","-2.12729896143433","1.66772860948971","-8.69857008479378","1.98767574091323","-0.562768270725089","-2.21738356110068","3.69489821125198","-5.29300676010315","3.10708996901565","3.00156610302233","0.775637994017285","-0.826045924501525","-7.84592230822253","4.87433138940659","0.356608223056316","0.914130365108729","-2.86491548965418","-1.58546384896224","6.54734246259201","-2.35367288871793","-10.08892992492","1.02163506095255"
"Random_Index6_32_0079","-3.28165131576672","2.34872445154906","5.73392332997449","3.32442221297025","4.99084261011889","2.02626308197935","5.17331585103089","-12.998650128055","-2.77036915313598","-0.461922785656692","-3.88826454316548","-1.4307786212553","-0.855076427803793","6.83495194509744","-1.58545500320185","2.9699501853011","6.5487425595867","-4.67228230698019","-0.00172356778647077","0.81543503934165","-4.19875566086629","6.9355035573034","-2.22469713049636","0.137367994782422","2.51925134359159","0.863450621814708","0.334969662691081","-4.00770933359289","-0.548394472291341","-1.13934142302208","-3.87032957128596","-3.266210567734","-4.24239737229397","-2.93061435484573","3.2660045890864","1.32166797559748","-4.07402021048623","-2.81591417741569","7.03953865076859","-0.0680068047453223","3.50039813232365","1.28632318839931","-1.46640507445364","-3.69390452069934","0.256891903647595","1.13478182324076","5.28847731292741","3.56457325292494","-1.90479126069032","-0.320964483968442","3.48448198023389","-1.67794647531894","-0.893902158331114","-4.6942272168965","-3.61370612890075","-7.20076847743058","-2.03720995806854","1.31427324888945","5.32340228069765","1.20285087548686","-3.2250731281731","5.98384072261494","-2.79583220808027","3.8266126442313","0.908231907698445","3.53886378108154","1.31550369211134","-5.8637255293807","-1.21897896759452","4.44813256605739","-0.325563439854608","6.76778401124246","3.4356315484739","-1.12542723894162","-6.78807080642353","-4.63869873823926","-8.97856934189611","-3.74066877182736","-0.521123601413831","-5.04998000968037","2.60809275587254","0.120761541485068","-2.98424918674728","1.04170025436657","3.85085615535281","-6.63681554296731","-9.37885187369456","-1.06479021679667","3.72965873437851","-5.49192110416076","-0.866191488615782","5.38799681523417","-4.78574217022782","-1.96637666209904","1.4939615171163","-8.39490804178782","1.67796161708595","-0.460757866496157","-2.2273255144057","3.56209724631057","-4.98276040190565","3.07786895081865","3.06626010277687","0.587297533926263","-0.779491428890789","-7.46635574336604","4.90023041120049","0.12390443109654","0.780374340392379","-2.90897113487209","-1.52725027897568","6.48212551856177","-1.98889690331253","-9.58534968115433","0.833820468274393"
"Random_Index6_32_0080","-3.08495635023195","2.02379474245209","5.56015764278133","3.24774445824227","4.8104085522683","2.32048747482903","5.23569149989928","-13.0826159159958","-2.9562604746976","-0.270530375171991","-3.65676685998868","-1.0755900101064","-0.675386791080275","6.97397020611457","-1.32733867752066","3.41978436591036","6.58695437339233","-4.50030446723859","0.327801139240223","0.903369491135308","-4.41753679525737","6.87715306377825","-1.81603749008535","0.172685694291119","2.07698636861314","1.48475121250063","0.537416505977102","-3.58738256976993","-0.533533361571343","-0.837310140082116","-3.84342554645693","-3.06604838727084","-4.0297797574215","-3.3647513929911","3.28336801433042","1.80947703037695","-4.67200055992877","-3.17334491336462","7.20760453450624","0.548184000436509","3.35889818506988","1.55605247080143","-0.824214250474698","-3.4056589773193","0.0319569377467633","1.03274425981974","5.02981951810372","3.41626653381962","-1.91294408424021","-0.844871090613871","3.26153626394245","-1.19162744487164","-0.620606886191057","-4.32518372117113","-3.74833565431084","-7.61659662749867","-2.36307367427471","1.2602662285578","5.1101437116406","1.1936000330306","-3.24831214142717","5.79366262865094","-2.79537639661822","3.53183633098787","1.44570781191846","3.52749985661768","1.64219154662968","-5.80872888928807","-1.06205802810348","4.5257719767525","-0.230276284941735","6.59562798945913","3.05322188895005","-0.612449945294038","-7.12658126015251","-4.65646735626241","-9.03334750307263","-4.3579616369843","-0.288773523024572","-5.48122770085608","2.24677924459921","0.336424083609369","-2.87988993453158","1.02959116332739","3.73805526638311","-6.69493963248939","-9.12686997005817","-0.505606038544013","3.27276820962843","-5.30674124173774","-1.29772198558158","5.45060923623506","-5.29638210717857","-2.15405414541936","1.50810491816351","-8.74315296446927","1.5693165921573","-0.250763632431763","-2.2202105189213","3.68926560500629","-5.08164718483362","2.94975485171995","2.67867215865127","1.30539165269545","-0.344922596949295","-7.89492884671814","4.58665918652309","0.47573791494762","0.525678297531925","-2.44347995734999","-2.06437560972634","6.11848026852843","-2.02546639035628","-9.51825160729994","1.09169240197296"
"Random_Index6_32_0081","-3.16676205569924","2.12140632731521","5.52313513274513","3.13411727864825","4.69234912839066","2.2718916682796","5.10980125467599","-12.8940585799548","-2.61165547789436","-0.280013022645283","-3.56941048012543","-1.08508454557284","-0.461041265780928","6.78679927396385","-1.23068273952226","2.91850132489196","6.4974410360555","-4.46427035588404","0.256027422266363","0.941094254541102","-4.40000279722296","6.68298921873426","-1.82488075781135","0.0633728448517517","2.28128824088806","1.12594116864111","0.384911466644707","-3.53221057605672","-0.592801296748454","-0.76231821372382","-3.68105689590291","-3.06949874288656","-3.99688004583986","-3.06935374253886","3.32119959383612","1.60656264420738","-4.27383093777758","-3.23940608415433","6.89404935183765","0.171249328389801","3.38677568547431","1.50737718541314","-1.11447617705728","-3.39624183476559","0.00830946655752528","0.930682961568733","4.97089857798255","3.33935186942176","-1.80705112659591","-0.519267143427102","3.39927280655792","-1.3608095494463","-0.783265603446709","-4.51791017768443","-3.70662031742302","-6.97863641169429","-2.19651687132789","1.29264307476773","5.11970294156177","1.17383447268991","-3.0536253373066","5.83098748331674","-2.59422741222293","3.53280906276789","1.06698146855032","3.56853696846024","1.58258489318573","-5.76977426043442","-1.20040638770429","4.25010623761978","-0.275165549073529","6.704066448446","3.21174579251246","-1.13794805097701","-6.67760549005408","-4.56400546891701","-9.15644321550314","-3.91618046025294","-0.386120103180507","-5.23912256375457","2.42496569657384","0.333909250935061","-2.88768344553646","0.783861575532103","3.48677850571907","-6.4968276493854","-9.0036426092337","-0.789204861522172","3.55647155140023","-5.66015278382946","-1.18830115799504","5.21626304181502","-4.84523916480485","-2.3788418568727","1.44302392621865","-8.50349364992583","1.60803580130634","-0.232111474958322","-2.26758499527511","3.6299760160508","-5.0220605293491","3.05653348375029","2.82087952989342","0.916479437140262","-0.793936961128015","-7.43078438680726","4.63110709592295","0.310235637531734","0.731706529571646","-2.76402920186343","-1.65669715934978","6.17349902915043","-1.7697849331233","-9.54899817589191","0.824680266456219"
"Random_Index6_32_0082","-3.3924562574431","2.28228363484879","5.35614226677456","3.01290897436141","4.76672064417576","2.21996544647858","5.25237061987242","-12.756020814407","-2.63260015008238","-0.167396092312773","-3.66450314505694","-1.08643715159593","-0.43862901970317","6.77710575764943","-1.46936304034419","2.81298725062931","6.14041275024228","-4.58701641335292","0.306094071889508","0.482318738132104","-4.52841428547247","6.62255588723922","-2.06575139950604","-0.332753887680534","2.38773645327338","1.10961738776374","-0.0569143480314407","-3.77047428876758","-0.702859733806326","-1.03892662933898","-3.73255148590929","-3.00758965048655","-4.07943234797475","-2.90146277904321","3.18885022458703","1.8009688761866","-3.8162905530275","-2.95295187613847","6.6782984292474","0.0239168046325734","3.26929617437005","1.28245602153089","-1.39917346945724","-3.53667506964429","-0.0307183775209032","0.769097725564603","4.88800558873615","3.23967566101394","-1.86109643771138","-0.552780334518899","3.48859156965808","-1.28985863240333","-0.64192941243465","-4.72125775753289","-3.61440429830738","-6.9672472005417","-2.48785423621725","1.25173940396548","5.05299450185374","1.15256198866176","-2.93773974878431","5.75077817297045","-2.56309668277983","3.71627168616794","0.94966581922347","3.35058665296018","1.6093225003251","-5.76159764859207","-0.979706683373978","4.12879460084203","-0.288787468062046","6.4054917925229","3.14934031421979","-1.13209924491083","-6.64879832268214","-4.29913112133436","-8.99776643930715","-3.84393715917074","-0.390678713820625","-4.92370841315701","2.54778729577171","0.102879304940439","-2.87685368217684","0.422516300122448","3.58555316124562","-6.46008311111899","-9.25683589129639","-0.849470671718285","3.38078311343922","-5.99595282494398","-0.94263361376975","5.01225382820159","-4.74871040372977","-2.5569105864215","1.17962607119026","-8.3436475353245","1.46215016074267","-0.429883339522555","-2.51918913315107","3.42996806610548","-4.90133614773506","2.92293198447389","2.8229650560325","0.782868822254405","-0.742132574240342","-7.61903321298273","4.70336580261337","0.265875296734899","1.02414881158826","-2.87730389272151","-1.54072589650516","6.41371059142706","-1.89613456831733","-9.52916584489338","0.891656086456242"
"Random_Index6_32_0083","-3.172025807671","2.1238025415206","5.43966859582725","2.98296413524665","4.73955452427625","2.07148272664852","5.12569844727025","-12.9302375003323","-2.75877807604596","-0.195476260216292","-3.70730146155285","-1.14956471634552","-0.597522944526062","6.79306376519859","-1.31024683053079","2.87347318084762","6.33684735137264","-4.68724064566448","0.305311508219554","0.663396674573406","-4.34631052211496","6.82069557961501","-1.96535507459947","-0.10943500505593","2.32931640281592","1.2648857755896","0.373227998266758","-3.77692548029494","-0.644554839944984","-0.866522906500097","-3.80360892502403","-2.94694904334164","-3.83661927582404","-2.97316098410845","3.07603560003782","1.60876365929632","-4.07429442796753","-3.16993441029926","6.93300545856144","0.0880584432314074","3.29679789405033","1.41997710265357","-1.17244560331958","-3.62810377783167","-0.0642887223087042","1.12418777486751","4.98492380320351","3.30971736655391","-1.8789596622597","-0.538726523306323","3.33661736463257","-1.19395515781846","-0.602683415958951","-4.64725802306157","-3.51670843797794","-7.09293350833096","-2.19843345788176","1.10830638022093","4.91783986627462","1.08291302884544","-2.9607047819602","5.80428690351075","-2.72718622954752","3.52289077738608","1.0637429832809","3.45364120001878","1.65103480472689","-5.74616535771269","-1.0691103239331","4.34147303582765","-0.188679985888098","6.58022602582273","3.27388723032649","-1.15769758199907","-6.81887081173821","-4.43298992394404","-9.31475226171357","-3.81200224335534","-0.255155743898222","-5.43821634505287","2.33139578000683","0.22116260201951","-2.96303327990555","0.686773134977658","3.4951341740201","-6.66229132468719","-9.09222088677554","-0.667494148050014","3.48395437815956","-5.5840167070016","-1.24078445460177","5.27496566282484","-4.96662991418819","-2.4645544084109","1.20631768698605","-8.46516652012574","1.46333998275631","-0.243738886846437","-2.19896329035379","3.35946504371072","-5.12537164270558","2.83373090565049","2.71137558097483","0.791150651670329","-0.642917767539385","-7.47217872165235","4.63154345736323","0.300566721742951","0.767401734078292","-2.66609026624628","-1.73494498854109","6.20206809582566","-1.89422527104106","-9.67035444807786","0.839403500349487"
"Random_Index6_32_0084","-3.02941428865691","2.14333322617208","5.63777495072451","3.13765687493267","4.81210495828384","2.05717940390681","4.92095451006913","-12.7885068155352","-2.73850139761133","-0.220836599653596","-3.58478943566234","-1.14468262630288","-0.504385554683561","6.82120585677155","-1.20705894128489","2.95341703026862","6.32088355394699","-4.72183828503612","0.201424809750899","0.723528213505699","-4.13697601942946","6.73908008847283","-1.92871863415291","0.105014020770326","2.36240660518557","1.08137391255189","0.348638263167506","-3.69713992918164","-0.496305075833759","-0.934858179444324","-3.80401647129019","-3.1336744142457","-3.95218815977752","-3.09380393711857","3.15627181873455","1.55997520553157","-4.21048671494363","-2.95890504648946","6.89759204804343","-0.0803462462527588","3.19464680173331","1.37688252732843","-1.22817246000767","-3.54187092240248","0.018386111832656","1.07280699646707","5.06818906983015","3.3755829141091","-1.95776209435278","-0.528179064740138","3.50527644827309","-1.27727367332779","-0.656130451367811","-4.31738018555846","-3.49578458307016","-6.97985148031815","-1.99213113722202","1.13782603280744","5.03088018219746","1.06870246555939","-3.20116075497435","5.8994308217858","-2.86693845783378","3.61438035498776","1.04170000503047","3.38734328002858","1.41899805346783","-5.79339468996988","-0.989923014507236","4.29526231393869","-0.177220412410408","6.59691670642145","3.19491488479052","-1.18144775395731","-6.88272577882275","-4.54998403644588","-9.08324829418447","-3.81828301340165","-0.221893133309681","-5.12214316953049","2.44378579131129","0.334140643457911","-2.95930634533564","0.822223663478841","3.59584514241954","-6.51442099185956","-9.27900920488372","-0.81931852240594","3.51049764153506","-5.53165879418805","-1.06126690594302","5.31223037242677","-4.91914126475106","-2.39822826924877","1.49437864752536","-8.29920578199958","1.69233007613944","-0.321968328346742","-2.20181319588878","3.48747335849716","-4.98542225270743","2.9466531800161","2.84396089633697","0.683611415917638","-0.798946155322233","-7.37282468141632","4.72842855522155","0.314163094278521","0.89307774337163","-2.55333067556751","-1.61165866727359","6.31203996085735","-2.07387355795653","-9.60488855274843","0.850592596741445"
"Random_Index6_32_0085","-3.11231878450394","2.26641044150533","5.60668277543468","3.22922356330233","4.78971172015845","2.21779460164151","5.20295660731795","-12.9316154153262","-2.91596781162821","-0.1974547045936","-3.71883708339031","-1.15171700828813","-0.555473052305547","6.92535242118506","-1.33403668538738","3.09498545013228","6.42411234061205","-4.58238484226","0.363031731676922","0.894564054160785","-4.40494234523282","6.81901653448953","-2.00001712912447","0.0107146444572852","2.213455244642","1.07951465681732","0.330438397665706","-3.77768721160272","-0.547416811470051","-0.948926795361649","-3.93726938586147","-3.06323586480767","-4.09042333166595","-2.8848599527715","3.11741386475625","1.78470324593576","-4.28657947906811","-3.24672722433732","6.92528906760232","0.141323263815246","3.42607144220586","1.5179232200901","-1.31643847253971","-3.64554850336845","0.077936975987852","0.88439023064727","5.1099555847281","3.25020900598545","-1.96846224976511","-0.596074325103452","3.50391030135223","-1.29543598378387","-0.6935202910521","-4.542568312129","-3.64874061191992","-7.22192547538597","-2.28446172632843","1.12574714945087","5.20156531468331","1.1092764087222","-3.2326642411213","5.90474429651251","-2.83158155983315","3.67855557945096","1.14207597931934","3.47981538652485","1.63077861547966","-5.74738138571954","-1.0215924175263","4.38974032130246","-0.186953248874689","6.63948494966297","3.22080417001298","-1.10165686936263","-6.72312987669862","-4.56948605365883","-8.94029971077908","-4.01563650852144","-0.414157064145491","-5.27350159388604","2.52888045939061","0.42786461088166","-2.923637441506","0.952954248627987","3.80841744394912","-6.68259884135053","-9.10438460945068","-0.832609567100215","3.49791089607362","-5.76902874477699","-1.15627858247237","5.26681681761127","-4.96845740944991","-2.25800641985934","1.42845332396087","-8.58573607981667","1.53348157915795","-0.270102066167635","-2.291136324854","3.48143119859641","-5.05744352498929","3.05282130933432","2.89293681696853","0.846465866414262","-0.743137847739121","-7.67650641403221","4.6716556055237","0.538087469513668","0.849117080382449","-2.89405667938139","-1.71277046186782","6.29519461281532","-2.05552197134421","-9.71617386968641","0.98778671208896"
"Random_Index6_32_0086","-2.76552933508262","2.2053010893791","5.77354707667758","3.24330780063885","5.06029694157535","1.87279887707297","5.05672378653685","-12.8774550149282","-2.88679713578046","-0.395930613306984","-3.62718915001923","-1.16593508653993","-0.611355394086585","6.85795524344754","-1.37962776600587","3.15869539090226","6.07156206013359","-4.77513535277317","0.356977586751179","0.94513146429365","-4.12875245966876","6.81441021175875","-2.10300509128517","0.0559629156857135","2.33535073430453","1.16816006825536","0.355121764574707","-3.68620715230987","-0.456335792528805","-1.04019813842036","-3.87233428050865","-3.00047469676286","-4.07318963857969","-3.01646950877192","2.97196853592521","1.6011235526335","-4.18119586960515","-3.05861110753893","6.84315494678991","-0.0646096270945451","3.32298481673825","1.3700122716456","-1.15778702686993","-3.53210342275234","0.124302214790998","0.874293829586427","5.11274049084274","3.33128938804946","-2.05648111680084","-0.600073563903627","3.58313526358729","-1.23634799639203","-0.701005987862484","-4.42571153648164","-3.40484090581691","-7.03379800442481","-2.22592160304775","0.998542268958283","5.0893082150463","1.18004157764146","-3.22713034472516","5.85615077716683","-2.82372351715892","3.70468178658402","1.10209455637173","3.16315648222237","1.65307186555381","-5.94987048660344","-1.05094822979945","4.40095296026128","-0.0125594843749693","6.3826517600073","3.21024422648633","-1.28028752599311","-6.68140713393669","-4.33208859441143","-9.01471635347041","-4.06077213092991","-0.458068085915659","-5.17074034715906","2.36631213648118","0.109745198209456","-3.12975798927762","0.794325151119448","3.65073679833907","-6.75052239806668","-9.06833056211934","-0.648754111848239","3.56614456161","-5.55142617005362","-1.03549422326749","5.40131629489659","-4.90686869436871","-2.20288340446209","1.48038564100194","-8.37046585803411","1.78048050337694","-0.329424076597186","-2.25210552658008","3.33712509871721","-5.13015999275567","2.78498345602138","2.83058568901413","0.668026620073242","-0.703516417995475","-7.51087848049167","4.68202321864621","0.158690221660709","0.888618283294571","-2.75717155228032","-1.60720145736151","6.3545332627986","-1.99112275658508","-9.72949221103416","0.68749202503554"
"Random_Index6_32_0087","-3.14792379777417","2.09456653175117","5.4928903230349","3.00314014212714","4.71805118531216","2.02483655451696","4.93298051110123","-12.9604657088265","-2.90306928981787","-0.200811432669662","-3.61481740874419","-1.12341623909426","-0.463991976166496","6.89262056394341","-1.30486666490488","2.80693625438496","6.30491910500712","-4.69210703823925","0.298075016967735","0.641394624124314","-4.40844619920463","6.83740715311248","-1.95180940534628","-0.217912710453562","2.22525557805465","0.994904312011582","0.097472053270004","-3.62042930616911","-0.663327089713017","-0.910205115242076","-3.7645141206876","-2.95633737633081","-3.76413300633285","-3.15528559263234","3.12454582316459","1.50713366258759","-4.28043619507159","-3.46306142510522","6.83949346566182","0.0365827275959415","3.25296632724509","1.45930646617332","-1.18496195526248","-3.59046400635311","0.108775867606722","0.771403004832191","5.05669223155761","3.25382716110381","-1.90861926658419","-0.681898042352035","3.42050401919659","-1.29615102117382","-0.526895964388487","-4.77124009549158","-3.64545419924042","-7.21389883677027","-2.25728189573639","1.09417675637571","5.09042787385477","0.931139018094197","-3.27660486345617","5.86937119236594","-2.95568280282507","3.85708977472189","1.04881429477696","3.45024379592974","1.37508822523775","-5.54436904498847","-1.15654070651195","4.34501684871536","-0.197235633822547","6.72433341759315","3.22108909620598","-1.30991015275134","-7.01220920060524","-4.45304158337801","-9.21491458112088","-3.96822471137768","-0.492050575712814","-5.28317928672061","2.50339756093811","0.215766121351304","-3.26011477544444","0.501834064767861","3.66376625108956","-6.77381108028663","-9.10580207411848","-0.609849393490164","3.45730066855404","-5.90227129006762","-1.23778222417412","5.20254281580417","-4.90032542863102","-2.68540373068644","1.25894463334418","-8.7224608081434","1.67203752563519","-0.339293748722885","-2.23954521166191","3.46333569564414","-4.97405216193456","2.93989842534668","2.84211214489073","0.780829433509628","-0.774908313578741","-7.65159705183701","4.80546894358319","0.336775262155196","0.746247402333898","-2.68195756753161","-1.72771740310811","6.34678026702192","-2.2320006909433","-9.86584537488866","0.805304185888456"
"Random_Index6_32_0088","-3.39136531959","2.35799321190426","5.8594403462114","3.47517428769331","4.9696879975212","1.94750425521915","5.26460571069669","-13.1562607446514","-2.94030641127265","-0.631846446939455","-4.2281843387623","-1.52120417933888","-1.03628148152981","7.02198892887599","-1.74619935463179","3.14434279104049","6.42964254167543","-4.75401509374316","-0.156934306669962","0.924348729885025","-4.19817402186399","7.05250946673617","-2.41785504906349","0.155647393254028","2.62247793736251","0.795669034442679","0.21450238915639","-4.27390850087034","-0.513318879582916","-1.44076946999915","-4.17691096383576","-3.5179744744965","-4.38629529310577","-2.8442219557356","3.10449123499587","1.52230844740637","-4.08479933406583","-3.05437630227196","7.13737772459176","-0.283503800203937","3.534059345478","1.05222148556373","-1.61419739756113","-3.90420251265967","0.266560572845351","1.046624607162","5.33602642551656","3.4849683173813","-2.0134531435109","-0.386412727602387","3.76779683582996","-1.63803771984161","-1.09930380715188","-4.52584191558192","-3.73111033926998","-7.319291781863","-2.12954995251246","1.10553954759658","5.38655759014311","1.21037135464909","-3.27333397048264","6.06536072538176","-2.94080580207476","3.94597677027926","0.842819767411914","3.44896467739784","1.35394527588108","-5.8272780500915","-1.26476846100776","4.55426463688499","-0.26225200238352","6.64176759914543","3.29339573074207","-1.24530883267898","-6.696480821057","-4.74302876462291","-8.94477385416781","-4.02616506935653","-0.696940354400696","-4.91911857248254","2.68619900069614","0.0846703602845059","-3.08216538603753","0.959882957547745","3.90403594731091","-6.97216905688242","-9.76956247653604","-1.17762149089094","3.78936602904376","-5.72869520370309","-0.86972633938957","5.37901177878835","-4.7585592934932","-2.12244560927715","1.4060406205545","-8.59718901675572","1.6680599053708","-0.660144915416366","-2.44662387932243","3.42069194710278","-5.20056502261721","3.12582317413604","3.08688863923631","0.475763825570069","-0.92752821107101","-7.49611249048662","4.87340431125967","0.0516333775872594","0.827573449289865","-3.0400405005047","-1.44690648542081","6.60880243778832","-2.18063628763164","-9.74912191462485","0.85236644999926"
"Random_Index6_32_0089","-3.1184887772384","2.40231658280647","5.71548426732561","3.21128655750264","5.08013460911937","1.84559404990999","5.34749301232528","-12.9665429790551","-3.06429569670035","-0.562990351829192","-3.96058274291462","-1.34730325186086","-0.819453538460059","7.12155488538491","-1.63068246637825","3.14456425079652","6.24243495683427","-4.94191125946571","0.177184249748206","1.1248920904071","-4.22250549774339","6.85913610027459","-2.32057605334423","0.196918321197603","2.41685861744429","1.11649389075463","0.580519376522486","-4.03738573688138","-0.287996042432971","-1.29004032497595","-4.06926950582","-3.34399437442249","-4.24922556788333","-2.92248915141525","3.01185497640208","1.63926745686006","-4.25515284430898","-3.06302983672259","6.99753693202904","-0.152615496301336","3.45058789070334","1.20064763263056","-1.27696783233786","-3.75671123897908","0.3364052181085","0.907644404531276","5.28337652467478","3.24859999644666","-2.11843921573471","-0.622169425865721","3.71704704600046","-1.59946129032208","-0.913655201713368","-4.64123554146482","-3.56194788973656","-7.29345860543956","-2.00963734512558","1.01228639605661","5.26804581708397","1.42212341071209","-3.4247970488143","6.1558675484575","-3.14949083026728","3.94696774807186","0.927856670099586","3.27029770082203","1.54458430830186","-5.88676281706768","-1.20222698707254","4.57010732168026","-0.00818363417752525","6.69931763854268","3.36831821827022","-0.99969916337914","-6.67911453693079","-4.47633839345711","-8.91249312377241","-4.13116003354004","-0.660720851912994","-5.22395431573186","2.50404225628173","-0.035800368732456","-3.38651716892742","1.04437233865169","3.79371478893009","-6.92176483822945","-9.23577315763895","-0.805586981882629","3.70720138138716","-5.51755487424585","-1.12122956271921","5.5412110026241","-4.92114457299645","-2.06662984121095","1.61152055127604","-8.42476525653929","1.96726276676805","-0.488993531380025","-2.18081475817773","3.43007152078978","-5.35365419536623","2.95321214205435","2.86444907547796","0.580603842421427","-0.68595264415352","-7.77010427143304","4.77347221510008","0.0963808092038725","1.20112977002201","-2.85065880347033","-1.47618866136652","6.27120873452601","-2.12921251081301","-9.98889716923371","0.621101382694392"
"Random_Index6_32_0090","-3.13546932480877","2.17935366633956","5.5787610483616","3.12468523240588","4.89984472820636","2.19409838826003","5.30320590736462","-13.0442682065892","-2.80017726613242","-0.335176032051244","-3.54734485338235","-1.16297919299538","-0.524901420319825","6.91567631388795","-1.2915883098555","3.14510529006162","6.34492339118445","-4.62991775170071","0.390087788540962","0.909056965117336","-4.4517544088278","6.74468238251822","-2.05871350717321","-0.0483513171764402","2.23963128435544","1.16005900459892","0.458161513224388","-3.81037698688208","-0.505588726884942","-0.876145562784923","-3.8185982879553","-2.93800814014149","-4.21765762766149","-3.03764006533563","3.12570833359543","1.62566886816221","-4.36743624804032","-3.13612802333073","6.84744897317549","0.193175244026205","3.34617713697055","1.51931593571222","-1.30897804129848","-3.49964876305667","0.142177150246834","1.09495259097353","5.07850842996027","3.19422395146989","-1.87061117603726","-0.678745163786122","3.50886985347166","-1.15749407170274","-0.609963111117385","-4.46585074336273","-3.60360247715373","-7.21780419325234","-2.04838420533488","1.09841765022461","5.10607316053004","1.2247297421417","-3.25802270522588","5.83256280895701","-2.73636319819217","3.69667491025858","0.997087268377318","3.39455840921247","1.57168787598811","-5.83327029778431","-0.946924494474941","4.3552288874352","-0.340724402134186","6.59722485587625","3.16876317550952","-0.875913322505591","-6.77068724523837","-4.47304259132494","-8.9773248545369","-4.22675239421023","-0.33372380886712","-5.26134198771201","2.40795436557086","0.316612839225137","-2.90943363414964","0.810611747177432","3.56364203977353","-6.72110409282845","-9.0457778092279","-0.703075278600594","3.34937211242042","-5.75854219994334","-1.27327307413581","5.27288333336703","-5.07640956341942","-2.29289535557285","1.29505272928135","-8.46626856604922","1.6313823834524","-0.266293198224815","-2.39751038336484","3.48186989156974","-4.96910770328822","2.93557066776274","2.85497918413099","0.8930287830644","-0.597414523128455","-7.65014795473319","4.54356304932939","0.402540352523463","0.64871295779967","-2.75433433913127","-1.79418348524026","6.1197362053352","-1.85260390715239","-9.50617474471499","0.857056692714469"
"Random_Index6_32_0091","-3.02399858444329","2.29652584316872","5.74301240204682","3.14937297999453","5.04977120847335","1.86910826116818","5.30014092582223","-13.2369372550363","-2.89186552229765","-0.574988374107391","-4.14767231205653","-1.43886954128328","-0.833544882641964","6.91300892563107","-1.67944498657493","3.10786143170754","6.12633187389182","-4.94280057289245","0.102944613321887","1.02636112377145","-4.1993586246738","6.77682880673938","-2.42453085419454","0.215413840304984","2.691769124121","1.11782911477109","0.4836389468934","-4.18144468079338","-0.182916443249023","-1.47131943617248","-4.18744827746145","-3.46747673752241","-4.28185946921069","-2.86040424662979","3.00543688957236","1.71508633773171","-4.17044788618425","-3.04579149015196","6.963648775217","-0.202729997736534","3.37567799509146","1.14439812080073","-1.69499069677634","-3.90726433705531","0.378348380688764","1.0071982806305","5.20699732401531","3.32781932988922","-2.05671186872049","-0.586264906571355","3.81276416034517","-1.72835862354217","-0.990584644741237","-4.60714966048613","-3.52987287544703","-7.28772661403287","-2.06353444855509","0.973599899350755","5.34855970996343","1.39318760733395","-3.39175635238706","6.21311758958232","-3.05668578160388","3.8575225084894","0.832591933520563","3.21128486757642","1.46512059448882","-6.00810703769606","-1.47605671521902","4.41123332398046","0.0855779971168081","6.46820842653673","3.16469259088738","-1.28072489032486","-6.73781740105605","-4.57973330743931","-8.98184842585939","-4.04702605547686","-0.738154128542914","-4.97520581561914","2.42326439707217","-0.0279837342017284","-3.26139659677497","0.852159237666522","3.66425985641989","-6.85642545488155","-9.37401937017316","-1.02907104566127","3.68107973440558","-5.7775232332327","-1.00788539345593","5.39966700808367","-4.7974518601843","-2.10365293670963","1.50384299217696","-8.25924778388949","1.84457185703354","-0.618557015001704","-2.17900558553002","3.33414396811217","-5.43546875906097","2.89672795357891","2.90573488810072","0.542466743012548","-0.870936099367563","-7.70294679517553","4.73258189628335","0.0471053562400259","1.03779679691749","-3.1624258419665","-1.50234994777726","6.33292119818413","-1.98052172669603","-10.0792326995075","0.698009921457554"
"Random_Index6_32_0092","-3.04368905219715","2.04035251626099","5.54546899169836","3.0203213710676","4.82266087285541","1.89283440955223","5.08888894356087","-12.7433651215392","-2.77175638527376","-0.330015922084975","-3.83179350529728","-1.20666874948299","-0.568452672450381","6.79925706225608","-1.50263048493834","3.02220727844009","6.28496358475671","-4.73557243947335","0.252458096150293","0.87008574350428","-4.17444852213856","6.7476402085513","-2.17306151418031","0.0714607515027268","2.38069327634399","1.19265519526481","0.477202660499703","-3.90126306966379","-0.3910554045306","-1.08301435397805","-3.91483948833807","-3.06660312582549","-3.91894561200837","-2.92775836257538","2.97844505607217","1.77550102013666","-4.18874716328282","-3.13706323261612","6.9109144435548","0.00895051928741912","3.23331804676836","1.31502095007876","-1.3507241700705","-3.60357132037634","0.153235954985787","0.97330137744747","5.11806112677144","3.30240926659204","-1.78488180138951","-0.535977235426741","3.53283768266637","-1.34902397282916","-0.686039397809902","-4.38369032140503","-3.56387392166235","-7.12230409098421","-1.93099744544053","0.971151580778463","5.03405468315136","1.29664464396543","-3.17082989780046","5.80459041103466","-3.03440359208637","3.65562530305357","1.06817333203756","3.25989769200551","1.71042393149207","-5.69535114908061","-1.17636909722202","4.32209945863252","-0.111231399745482","6.59093802316602","3.22625255956428","-1.11126625835457","-6.65373277798223","-4.44339367930551","-8.86942153998134","-3.89114393945664","-0.436640898150308","-4.99862971899576","2.40270988569986","0.0686368318115959","-3.24911899506949","0.848061487940272","3.65070085436147","-6.68059987256898","-9.03772680972042","-0.81556081669971","3.53922988909107","-5.417639783411","-1.10135245828913","5.36461915747216","-4.88578097533864","-2.15054579138445","1.46864071105747","-8.31741830711285","1.67772756889068","-0.472318287115939","-2.14468819686512","3.29936563608611","-5.12037862116516","2.83328565764877","2.78346817456396","0.66522214923668","-0.769562352900198","-7.44268808628024","4.66849678009927","0.0638266489401191","0.982128410707457","-2.70385528641117","-1.57667837123119","6.22935287544587","-1.96276726273577","-9.7151730282677","0.797147806986503"
"Random_Index6_32_0093","-3.03361343214919","2.27749800835296","5.77656867303312","3.21522379227543","5.05883365179884","1.85994300742546","4.9716014777346","-12.8257705558219","-2.93458887699109","-0.337415844460598","-3.81468354079975","-1.20775758838076","-0.703752675558528","6.81527385700623","-1.45100878334988","3.2338522504942","6.07598943291367","-4.74392914418738","0.108208261555827","0.946535885674705","-4.24895550903553","6.93001026202243","-2.0329164452156","0.301373913560709","2.43286164330751","1.04928674880084","0.497098573660873","-3.79714714745174","-0.435028005129363","-1.05866360812142","-4.11973215812237","-3.26781498562119","-4.10248394504893","-2.89119346674921","2.9431863799621","1.60382788981654","-4.34450132670145","-3.19779090989858","6.92677634797778","-0.0476377689180179","3.43019347103167","1.22524308833203","-1.31341523299123","-3.65902892885621","0.24260162780263","0.830022363109835","5.24430450655453","3.31696262958509","-1.97075203617596","-0.483593089101648","3.60396848985458","-1.51762277393668","-0.893688021729341","-4.34792490246853","-3.50921107999366","-7.00720093082051","-2.00909121260116","1.03509871046773","5.182521624146","1.09140336550707","-3.40599584817267","5.79833488323312","-2.97861887208882","3.82360806719033","0.886618932566324","3.13781042532079","1.45280087003547","-5.73325346833379","-1.06159502840683","4.53975018788804","-0.262817262803486","6.58229687279109","3.24016351752104","-1.22176699586916","-6.86301094912873","-4.48676089927676","-8.99313832163733","-3.955237917878","-0.557485232969801","-5.11801295030966","2.49136694345974","0.124520857953874","-3.11063124948446","0.93012046768153","3.68636419530037","-6.67864210425609","-9.09328473943209","-0.868758044030555","3.55496976773891","-5.47862287021537","-1.04587502461674","5.44886638767584","-4.91869969207668","-2.09057167454355","1.5569715604361","-8.30150706863307","1.82637046596245","-0.598919164030039","-2.25215335442447","3.42151186602642","-5.22942346333588","2.80422560364193","2.92315519566139","0.554865329376509","-0.909783444271171","-7.34886331032549","4.73138566484","0.227761229855038","0.849276426350989","-2.81927405013801","-1.48837062726206","6.26526410502983","-1.86910164364128","-9.63520199731517","0.672836201278582"
"Random_Index6_32_0094","-3.22255223248183","2.2883963119032","5.73588891051495","3.28601254287071","4.91044192410137","1.76907858401008","4.90811457144953","-12.7115678048219","-3.00817612118492","-0.540284613118157","-3.89110834239248","-1.22967194382868","-0.86122944340131","7.00761924593557","-1.59186100681235","3.09545838511608","6.14049096712651","-4.59339914843601","0.145136536619424","1.00891209755429","-4.02854947630662","6.99557159974577","-2.258432950883","0.186742623287873","2.39767403118351","1.07107416355153","0.355743933018515","-3.87750466804035","-0.493615896993562","-1.23904800419438","-4.05981770059865","-3.37708592490747","-4.03830730549263","-2.77013080486785","2.84524268012352","1.61533935477489","-4.22512514703349","-3.31054409739797","6.94627865582309","-0.168041689563048","3.49368532420358","1.20060243832249","-1.39460468074683","-3.54574879779081","0.160826505083423","0.699194641610639","5.21073157173128","3.39084025218927","-1.83887949472084","-0.502638855210753","3.64141906275349","-1.4702526935744","-0.886643520878266","-4.5379350622101","-3.53464524962565","-7.2227195671524","-1.97288417308366","0.829934118891513","5.22683992071093","1.1941560198092","-3.12827595769578","5.92423119913311","-2.98626025449047","3.88363606384281","0.846169767549993","3.07855750133423","1.37302745877325","-6.20246081530066","-1.07607968378125","4.54184101237821","-0.23964576859626","6.55191102548936","3.19839301974553","-1.24635463587939","-6.93706588747056","-4.46383255587098","-9.00924815229466","-4.01236385896812","-0.61386689419694","-5.08509130892789","2.53279550146477","-0.130052128076996","-3.25319369160622","0.776396653296242","3.87970898114042","-6.79050628450482","-9.2530277235021","-0.799766840758578","3.56571866306705","-5.53249611401592","-1.06756716367591","5.24255140341934","-4.84750617814847","-2.17681322898876","1.39932933804751","-8.48795044759625","1.79135767480168","-0.578163765371634","-2.22273204977529","3.1983045781216","-5.27954177349846","2.78453957958046","3.02037733383631","0.444706511728731","-0.785928015112146","-7.44729961776275","4.67209820971239","-0.000789023539358061","1.11260253437768","-2.65687336597624","-1.50450125509802","6.35247616041288","-1.93415241875772","-9.52093163769395","0.536837448608522"
"Random_Index6_32_0095","-3.01320978785966","2.16499334762822","5.66666064403283","3.09348647222064","4.88935827677583","1.96999219449613","4.99319179575527","-12.7791557794424","-2.91792872813966","-0.275843024154931","-3.78873299587675","-1.07621829401363","-0.665049199632963","6.84909193743048","-1.32036221989094","3.17551393620567","6.33089211564138","-4.79517032053578","0.209292429634841","0.910473570515049","-4.11414476195578","6.80180771715606","-2.00937471265753","0.196628997049817","2.31363845130327","1.2110804635207","0.570194272476664","-3.71618372306944","-0.280492113298604","-1.09624980990484","-3.91892999946087","-3.10892257327004","-3.91842832666328","-2.98271243021054","3.14233006928292","1.68178516118454","-4.26897989250277","-3.17335144870578","6.99650438413408","0.0447052575582203","3.34179055655842","1.39229153870536","-1.19696957813002","-3.53978697913931","-0.000743573146769549","0.979257170793012","5.18140053478688","3.22234008679583","-1.99542368441506","-0.696794305204819","3.48320273250727","-1.33238065603609","-0.742313479346338","-4.32201422574139","-3.43043300723596","-7.00347754348183","-1.92843850541334","1.18258288075865","4.99803068647827","1.10921031012883","-3.34117968998893","5.7065875017348","-3.15537264242435","3.56310126025686","1.13994027560809","3.17450542861871","1.426134067682","-5.75178314146829","-1.00683934988017","4.4604349046447","-0.247129222929588","6.53027556148744","3.07540939542324","-1.30444942223474","-7.09410590154853","-4.48442189269416","-9.18709498623692","-4.07936477917849","-0.345301534093942","-5.13447386928269","2.25729456818672","0.195264840752566","-3.21731748128332","0.656957815205956","3.65417579601676","-6.71555267958553","-9.09436860220424","-0.756178053081188","3.46313362775706","-5.45651120820149","-1.34074928657084","5.53967400506719","-5.02618597385656","-2.25684021859158","1.4341431707779","-8.32478908318303","1.82084824664844","-0.495090290074157","-2.1461382145237","3.55337555978761","-5.18803849238374","2.8788421088003","2.75086650616276","0.684919357885876","-0.560516887433069","-7.45920614992969","4.47217044210732","0.230174608842192","0.557496697218908","-2.65174416271777","-1.70557866630436","6.05358806794944","-1.91426167218928","-9.60139392019546","0.710413155589694"
"Random_Index6_32_0096","-3.30637784419103","2.12652000652269","5.55908729055654","3.10988325629012","4.91237295200209","1.85943933254505","5.1716132198186","-12.6768209629854","-2.89562982326258","-0.521149179949613","-3.87068941982183","-1.26990074365009","-0.705349469684022","6.87620707643223","-1.51103639515037","3.02721125825472","6.12138738335771","-4.85494304397014","0.155765854829876","1.00832511338875","-4.21654242685776","6.77909942643634","-2.15551653463246","0.176271755626014","2.35610092827169","1.21534840067096","0.714202344585759","-3.88027053590191","-0.336618532234581","-1.05925550121317","-3.92118401580654","-3.00363347493544","-3.89000190542549","-2.84591683938769","3.0721963680083","1.58672042553094","-4.35137164114554","-3.06321137879613","6.83113860547179","-0.0551881730123922","3.31997691558997","1.26226122136725","-1.27909851853766","-3.69500536809427","0.200897031870213","1.06293146588371","4.97046949149988","3.19266871826821","-1.73133135139023","-0.586207737146955","3.48238841516731","-1.39984401483051","-0.684631967216529","-4.30680754928831","-3.30082192392654","-7.02783961402117","-1.96694299445423","1.02328317502459","4.97219193563367","0.966714244831254","-3.22432631485617","5.84192737072594","-2.94940389360669","3.65396003156686","1.04712888109696","3.23016132997112","1.63237514560157","-5.80942556666348","-1.15631345059815","4.45749719926722","-0.0774687648164761","6.32863864316682","3.16291874789651","-0.949223299676387","-6.78964394702817","-4.6288226372562","-8.78852160187773","-3.92935242587923","-0.347983091055175","-5.06935896961231","2.31652842345718","0.103209406243209","-3.0940681460413","1.00192343974201","3.53665759821794","-6.8455337593862","-8.99165702537177","-0.768832293324236","3.42200397321483","-5.47883629602666","-1.16434328272354","5.50536998416315","-4.99368838610279","-2.12644908533198","1.57079211472414","-8.33068759366217","1.83536625953133","-0.561730783424329","-2.11817102598395","3.42426956817422","-5.21466326772102","2.81538330314866","2.77231646035216","0.625566041541665","-0.686698655995799","-7.53410419780793","4.61570664029674","0.137935006803215","0.827340511934999","-2.62613462584185","-1.50800171888675","6.18077244874208","-1.96176626127879","-9.56036361912164","0.71252276858927"
"Random_Index6_32_0097","-3.09382924787692","1.99916430396214","5.39643126102693","2.93879565404533","4.65183950668513","2.25334047906415","4.91512906338454","-12.8721625421644","-2.75746773510749","-0.104313196038079","-3.47773057413746","-0.906670034894574","-0.418254334011806","6.80912965938235","-1.16892230275653","3.0884121717597","6.13765569820728","-4.49711781892568","0.456146013949496","0.753581181055745","-4.41260936780053","6.69873941820119","-1.81802594177479","-0.177884551786965","2.04662133157845","1.26519834215189","0.207259263542323","-3.51839128805891","-0.784586260057232","-0.776673009248066","-3.72561416242556","-2.82725373079188","-4.01844333771569","-3.09983182492997","3.06755945710274","1.82119375092821","-4.21626912011057","-3.30535771312081","6.74202561380456","0.269217784225033","3.03298652206542","1.59935158873854","-0.981641081203373","-3.26039539613887","-0.00227700670987509","0.831693457784799","4.97277987056378","3.07876628592385","-1.8572960850361","-0.81562048529711","3.405832473525","-1.04171769000154","-0.563154049260972","-4.48683837678285","-3.59562626581099","-7.13197303819283","-2.16743781523229","1.1705219588137","4.91779786361722","0.827704355461775","-2.90920174177032","5.49072311831348","-2.68607629736337","3.49892593320908","1.3075670485852","3.37118617987739","1.51425998107355","-5.59191923437038","-0.716488416290106","4.31668251896047","-0.128886575399879","6.42749794530495","3.00257516877887","-1.1377828567993","-6.88602256243423","-4.30207843690699","-9.05809396722162","-4.14578475021148","-0.252863065324731","-5.3227712019597","2.28131266065577","0.331191230415352","-2.97785345777071","0.56483696337934","3.51935137199526","-6.44577481574594","-9.04031638264246","-0.556379100392769","3.12980034466137","-5.83150764932928","-1.31743011057243","5.11265123488033","-5.05183811009745","-2.39129380815571","1.14597325625859","-8.43090987543969","1.5242977494214","-0.275253645168466","-2.35439839182075","3.46586812253256","-4.80393332882763","2.94942180685361","2.66795433629857","0.966574187702104","-0.489476889980789","-7.60467228092874","4.46411666587486","0.424764295757629","0.61883559683723","-2.53502723747548","-1.76493475008809","6.10729668513999","-2.04089829819072","-9.45701649085122","0.961431250112647"
"Random_Index6_32_0098","-3.13458771423528","1.88736232159382","5.27067450515957","2.8853921651779","4.49508457695973","2.22774692998926","5.12959301703873","-12.9292770176248","-2.64143558128638","-0.0814450477760743","-3.61406815911575","-1.07562563144863","-0.431464031879482","6.69260500768019","-1.22188440171801","2.91802412058428","6.32040883304326","-4.61653886403961","0.361993776957287","0.788109422634265","-4.5211171384294","6.60865514963818","-1.83874809392972","-0.118341107211042","2.12094939429539","1.31342020500413","0.297756068114252","-3.57975724146159","-0.854007411844823","-0.771257323337514","-3.64782169576416","-2.89557715996812","-3.87262693738985","-3.26410689341004","3.19609255650244","1.70215633045676","-4.27072589588508","-3.04752452348458","6.88736621295013","0.33498780742562","3.02492650810524","1.53991896755779","-0.988553109941163","-3.36949932725154","-0.120537414598966","1.08198570202178","4.74671556699816","3.12631572808949","-1.64134900866016","-0.741984323472735","3.10608121536938","-1.27161056402664","-0.523937186864027","-4.48762075014425","-3.52527827429181","-7.11116100295848","-2.27612535073168","1.22312140781937","4.84020325014093","1.14270957095536","-3.00642197648986","5.62159646560581","-2.72220673060568","3.39726505678702","1.29096775785909","3.39039490346208","1.82500463030245","-5.64487302790907","-1.26571767012491","4.16835629066637","-0.28656610653837","6.42584154753624","3.0190526500498","-0.947739039746806","-6.85486703440092","-4.39690596488879","-8.92067535551898","-4.12485393374981","-0.211392944542345","-5.34399067509279","2.22498821725027","0.324901920612565","-2.88203639355486","0.753524773599389","3.42673176251576","-6.59423537284342","-8.9946812880638","-0.49458384500229","3.3323716994949","-5.46344391735448","-1.45817475191761","5.33742601879408","-5.0459866566697","-2.40392539311534","1.26224881878176","-8.45800079784348","1.4641301755088","-0.148189932551001","-2.30250813411235","3.52278496538247","-4.90109519884507","2.91586030057447","2.59492094216106","1.06193758633516","-0.424412489041664","-7.65229178235786","4.47726587280043","0.564965885758136","0.587157311880781","-2.44853846315434","-1.90692863935638","6.04919816930939","-1.99171683206579","-9.46670225937235","1.05598011981734"
"Random_Index6_32_0099","-2.89642581950093","1.99515538822642","5.59749202562953","3.13220043540755","4.76881906329304","2.0446839039337","5.12988046277504","-12.8931283792026","-2.95433082046572","-0.223161595978613","-3.71251842048828","-1.09681691985308","-0.663531549411631","6.82842275021028","-1.31776120281948","3.21022392128745","6.2363714946907","-4.57546198763358","0.239152422775731","1.08281004934146","-4.08096658211525","6.78039673373682","-1.83188709399433","0.13548077887059","2.32457995512864","1.09387352636876","0.579304067403569","-3.71601778853685","-0.511170214496511","-0.93768136172404","-4.05857334628447","-3.12065085620584","-4.00758816935637","-2.96268637324684","2.93355287342222","1.77248153977406","-4.59300713578117","-3.16175927453763","6.91345898923371","0.0421745361604957","3.2450028015498","1.46467070704574","-1.23919551448401","-3.45276038669999","0.308741569728081","1.01622738145294","5.0419904769736","3.16060976212233","-1.76986901045322","-0.634188691257755","3.42006107035734","-1.31142771055454","-0.745131555244969","-4.16261631609897","-3.34696908649529","-7.14337216560384","-1.86855421767457","0.919566393618467","4.94011787408103","1.09328279279843","-3.31723257021975","5.72286973462734","-2.98899631465362","3.57381761287288","1.17753655171454","3.14122795389727","1.65544153122093","-5.78121234633266","-1.01510543510779","4.42564328495644","-0.0770170220459587","6.55338472955676","3.07990377880502","-0.990874785512372","-6.76759930123407","-4.5029463515802","-8.89412155799539","-4.00541664703038","-0.396656317016738","-5.15109245911312","2.30100499634009","0.351025065563767","-3.05192784271227","1.07058862878832","3.67687560793732","-6.66118385632845","-9.03699240375401","-0.619174656596601","3.42152904945867","-5.38188402606712","-1.11852475916713","5.48182584594034","-4.99816430125876","-2.09703574545635","1.5878312300758","-8.25854464971493","1.7311882028896","-0.455448191946911","-2.16845818037568","3.34709713745999","-4.94368141468197","2.82375495194697","2.79737153678355","0.756568309784388","-0.66510872853551","-7.46221460638455","4.52784234377124","0.298986308307069","0.785069120789818","-2.68523140671232","-1.76839684556431","6.09360916550432","-2.09961147100481","-9.55087324384049","0.916649632787322"
"Random_Index6_32_0100","-2.93509238910216","2.13701126592519","5.5250197913289","3.13735405395116","4.88012341706234","2.12776412040564","5.19214662100595","-13.0505497452713","-2.90382522009308","-0.285923370504323","-3.72609753628522","-1.2423567332694","-0.56646783356792","6.92670573404528","-1.4182386991776","3.13783991683899","6.13369221302512","-4.57271162736497","0.256850903008845","1.01754164500326","-4.42568287725908","6.87926495335097","-1.93534282303215","0.148885684939","2.25477328362977","1.23132304064137","0.36674616305318","-3.69843165545909","-0.576681245649718","-1.02917003654601","-3.90387104603131","-3.0908273167057","-4.14976496347009","-3.01182436245626","3.01411140519776","1.81378216476405","-4.23426115215504","-3.28524009471833","6.99646665298418","0.192823098810598","3.23141404049205","1.45349728376275","-1.25902058993117","-3.56604081463155","0.199874139649884","1.01478008492894","5.03554570621584","3.19503061620969","-1.92747526261413","-0.600277750915713","3.53552058708584","-1.3488231115369","-0.840720329047784","-4.54659520220573","-3.66707645212507","-7.24083646854533","-2.04102816587344","1.08530723632085","5.1345129019744","1.08030768159598","-3.06184770620012","5.91396564199853","-2.86336060426748","3.67071615738765","1.16674038714362","3.23881419046016","1.55689966776904","-5.91331687916325","-0.918478002803393","4.41169969203225","0.0932883487665756","6.45208878196362","3.21986528372334","-1.05086160660666","-6.84332394372597","-4.5177143879582","-9.01240567898508","-4.22789060533946","-0.476530277307535","-5.25246804134791","2.41554518371887","0.352973118482676","-2.93314498687825","0.836547838135941","3.70709617654581","-6.7899700595562","-9.28886540913004","-0.831150479686873","3.48772673524542","-5.57635346679119","-1.15685781458668","5.44347574528548","-5.06363986914665","-2.22005319533401","1.38264795657325","-8.37265625836065","1.66951350932811","-0.302705626200971","-2.46830829882086","3.43429391963677","-5.08019083670843","2.81153000883081","2.8472899275332","0.809694222334597","-0.655305534272773","-7.74224483005611","4.63310034441799","0.380634573804775","0.848580759425264","-2.76083461000326","-1.57935241808336","6.1294743779797","-2.0341948717046","-9.6247760415528","0.965645323091821"
"Random_Index6_32_0101","-3.0882830666444","2.09930345378324","5.48972384675254","3.22528157680043","4.6398835965752","2.18197751020288","5.15554475072873","-13.0279024663123","-2.64616758625407","-0.140408942584389","-3.66936198099171","-1.03230232758679","-0.511492268665701","6.67109227383515","-1.35346900720391","2.87668265029409","6.22602167190764","-4.4357728568114","0.296924036038886","0.794672937161623","-4.24333043103936","6.72915437457447","-1.93360559206619","-0.106599770413425","2.41180598160725","1.14738817179662","0.156500431971609","-3.64955899790563","-0.674186144227319","-0.922913346975608","-3.67019664155826","-2.96177474054315","-4.09242174137154","-2.84522929965025","2.94661471226341","1.64656509061474","-4.09599560758798","-3.08431273621611","6.91711956982975","0.261894297871974","3.24014335159041","1.43045994367543","-1.16004736957259","-3.2775461885846","0.0354501388062437","0.912759604229034","4.95678982487202","3.23324110113132","-1.59607621653533","-0.529383027668884","3.36020643971111","-1.26851295546295","-0.632076489087541","-4.45253830446842","-3.61970853167724","-7.01508388172528","-2.24397909957999","0.947710810549268","5.05257034926506","1.16808373720725","-2.8670704242631","5.69821951490819","-2.70602242286421","3.52097072934351","1.23393789635514","3.22676041024072","1.6102808460493","-5.62489987847091","-0.972335954058929","4.26359147771715","-0.056504164688381","6.48981184393264","3.05758521392118","-1.12287196396515","-6.68090863706335","-4.21397575990089","-8.88521748076034","-3.93391970661864","-0.264606758519285","-4.94252268497926","2.42307753452192","0.110790801091943","-2.99311187098226","0.864504559308481","3.56101218099834","-6.52312636294967","-9.29255685941917","-0.546744511690067","3.47210590613292","-5.49752415623465","-1.1432034897871","5.09920264030309","-4.92607447901364","-2.38156198626843","1.29595255751142","-8.24538872396045","1.50314582373172","-0.158891373786739","-2.53358523472539","3.2765198065227","-4.72740279000764","2.80452183868928","2.93057876232023","0.902722912433262","-0.536762829536692","-7.36308121140114","4.63596404124249","0.345907354528081","0.845882609605955","-2.67128925841586","-1.54352377226092","6.1468162607083","-1.89730556387863","-9.36364083390091","0.886020936110438"
"Random_Index6_32_0102","-2.95258402303613","2.18195678649601","5.759178911712","3.24172695779972","4.79926925339701","1.89263841051149","4.94658139072916","-12.7177870480067","-3.04757453438079","-0.423513831107926","-3.80303269886576","-1.15561382454161","-0.710372817085505","6.98362901043109","-1.39369088943257","3.07641811904303","6.18231118720911","-4.78211509003274","0.128606799116349","0.92104176270174","-4.10663948090275","6.82131939706228","-2.03649113871928","0.0316959726915324","2.37414530496283","1.1448505911058","0.476980329879045","-3.78719537204356","-0.391188803234035","-1.1337679143175","-3.99725168493445","-3.08273760055247","-4.02025502824141","-2.89770974046301","2.97901661728297","1.53621649887489","-4.31907288772576","-3.07026060548552","7.02565802683584","0.0597723625657193","3.23453414174785","1.27764186084124","-1.16316942843538","-3.51600649601696","0.129373499783231","0.96497976080526","5.0917144231022","3.29657114168055","-2.15550923994355","-0.626702788481563","3.46911925220979","-1.31968777062145","-0.770664456561157","-4.33734043175622","-3.74211126021571","-7.12343270526555","-2.13996200621548","1.11195063073445","5.03897370858935","0.879924676076463","-3.18712543025321","5.86826623856335","-2.91200555068204","3.66610074621029","1.04673104036548","3.30044074713545","1.34653090778207","-5.77571439436145","-0.985909843987175","4.50681664054282","-0.230044622465049","6.68896460152037","3.29066603505048","-1.2277104342987","-6.8002913708944","-4.38182749113065","-8.74911232057901","-4.08141760702174","-0.520346267921684","-5.04449431054901","2.46859567217451","0.176696937289566","-3.01944324501415","0.828242574772595","3.71366288838631","-6.74653883725623","-9.12620893577548","-0.808510618651608","3.37544336462634","-5.43126726892892","-1.14591918241362","5.32268455225314","-5.00661788423437","-2.20312877868767","1.45709655922792","-8.3690130108172","1.77732817287196","-0.537967282321612","-2.37446450042674","3.42484116142871","-5.11971492389951","2.87027940306786","2.95174406734939","0.611679597267928","-0.638625401725198","-7.39383613659943","4.56287319288427","0.277076433683265","0.851707108083989","-2.72821270111197","-1.58334780073516","6.16936963427451","-2.13235367336038","-9.64851274921185","0.71877692342763"
"Random_Index6_32_0103","-3.38626188362369","2.09327473271488","5.60816227082492","3.17547078105754","4.83908585964137","1.95406531556092","5.20151256300757","-12.9103918391657","-2.82459435583405","-0.412786126560003","-3.98613535168867","-1.38190934316279","-0.725293090329259","6.80557834136208","-1.61514984646971","3.06866784818499","6.36350584450021","-4.87611256877289","-0.0339433018333224","0.870749711567906","-4.12486031016305","6.78306819887456","-2.27380179841382","-0.013867117836041","2.49241930990495","1.22597623098862","0.387052751163928","-3.95147896835518","-0.52793987592544","-1.25612373761004","-3.82228369898742","-3.22160384770841","-4.04400937821932","-3.00167106634073","3.22142230385041","1.56604834813377","-4.06384015613359","-2.89426099531384","6.92736894401814","-0.160411249130406","3.32262298039526","1.18803126429163","-1.43263344168252","-3.79809787759097","0.161181231615589","1.15422001033676","5.02275937271992","3.35179458910482","-1.87874954662509","-0.451947114142773","3.57084870968326","-1.3367877334474","-0.778178671381662","-4.54038611798049","-3.60107349000127","-7.0610171897051","-2.01740747023254","1.28797714119396","5.1012500332678","1.14904959399435","-3.14236756451719","5.88242073795454","-2.9177842247785","3.7511299917298","1.03311715423669","3.52103451405315","1.47460409887438","-5.79192880822202","-1.26642553891753","4.46751517249958","-0.0210121934938042","6.46504463863986","3.25058887793675","-1.04506288684855","-6.79183568884987","-4.67274137729433","-8.89281518017665","-3.85578713414113","-0.433906952527714","-5.08930597361787","2.46008856497507","-0.0844908379133345","-3.25111425079156","0.869673349449188","3.64589879625947","-6.85963064295946","-9.19472344736161","-0.779565006760815","3.59452234144252","-5.59467626679118","-1.05869668048448","5.44058870874586","-4.81304590361737","-2.16590124350272","1.39102525822904","-8.44001331049753","1.7682228831619","-0.454046321073058","-2.1037262682467","3.50405098955997","-5.15236565581813","2.91987314369533","2.81317703974597","0.677550247921583","-0.769804421429083","-7.46231142630521","4.78256529671108","0.0339086712363656","0.74057910222114","-2.63518878304949","-1.55321143839155","6.30133745022399","-1.99365480971228","-9.69567870590166","0.714076756309981"
"Random_Index6_32_0104","-3.43624014491354","2.44324906272628","5.86688820458797","3.45965833581374","4.92831518645197","2.00922788455282","5.18600792734105","-12.9589810475025","-2.79092631796805","-0.516134741159262","-3.78482232236643","-1.36589923165532","-0.720646458816322","7.02925970710231","-1.53631091804671","2.86301702418212","6.5951306212013","-4.58539442803976","0.0754834442103968","0.809678337835309","-4.18770312964451","6.95948821400629","-2.11856168202265","0.078732051070562","2.60811533671864","0.930451341251961","0.272410517719164","-3.87422028901823","-0.570432139107738","-1.21664903320825","-3.78253649161196","-3.2488965394232","-4.24878965916516","-2.79287964299886","3.39596969650541","1.40969734106475","-3.94755004966085","-2.89276339468162","6.96084373440507","-0.225992124064384","3.65869350594768","1.12626890880467","-1.38577990380684","-3.73085202390497","0.141441531086538","1.03661343265362","5.47370153787102","3.70080622914086","-2.06819178617148","-0.180594850134235","3.66551613005322","-1.58681191843733","-0.989652749131073","-4.59396071150362","-3.78812687295525","-7.06975097057058","-2.08073369651231","1.35096279122938","5.40527067123343","1.49945744650847","-3.08003117096197","6.1740272033471","-2.81713098768761","3.92177675403818","0.705601643866235","3.53199134351772","1.34015247246813","-6.02948942582399","-1.04455278695998","4.55593748112957","-0.281453646532572","6.76492537942473","3.60519527215842","-1.29967745553501","-6.68881541674734","-4.46656245278036","-8.99413096986992","-3.70146032668892","-0.367650546761085","-4.95117692009462","2.82400438558425","0.0817156307660916","-3.04721263790247","0.796592851579639","3.88912924209771","-6.65099570826539","-9.2903694613258","-1.10783132677267","3.87052186439318","-5.58202351825668","-0.914363145121198","5.33191620799987","-4.60234242638537","-2.39374946914169","1.38285551885587","-8.77394431066091","1.77190572955039","-0.357945782374143","-2.28494396855635","3.67853632769428","-5.27350335257662","3.14743470934861","3.23455878871246","0.479676339283157","-0.797409021217495","-7.52339005200999","4.78872053468881","0.0415696795104507","1.1367821775903","-3.00964638918872","-1.26533618948868","6.4894109166839","-1.69515810032868","-9.66884871408956","0.83767906332918"
"Random_Index6_32_0105","-2.98075089836193","2.18066882835828","5.77588946565136","3.30367518103538","5.004281380695","1.90181083269616","5.07906621573925","-12.7840550091565","-2.81632489674949","-0.55887782107249","-3.83593792972413","-1.32210892026291","-0.680870791254855","6.78753869880724","-1.5020436794698","3.10698886330719","6.29627829760211","-4.87249933963069","0.058621364390722","0.997708611807633","-4.15472956354032","6.85093587236026","-2.12269686602081","0.255498326734639","2.49267902023364","0.993731155750576","0.477775696024206","-3.93549120700416","-0.50657262024613","-1.10151714209289","-3.96732714047955","-3.29097702576921","-4.11426975833987","-2.83708924646364","3.04558279265648","1.57475998259848","-4.29547405288961","-3.01892835761026","6.95066338048568","-0.0556075850001373","3.37191577496185","1.28495984420035","-1.39416205519895","-3.64620521917009","0.258693833337222","1.04283190756979","5.11035099320458","3.25683392570063","-1.88816834953286","-0.491020584835923","3.57977568456713","-1.46379044986821","-0.866577071066857","-4.47053471242479","-3.64475912397328","-7.1556008010116","-1.92646075280459","1.13517444548963","5.05137522505579","1.2032918746431","-3.38025891407442","5.86187948865847","-2.97718704251416","3.76636129830811","0.935838159003355","3.32345624821373","1.3976718501956","-5.68122224773357","-1.05183773865155","4.58289467549933","-0.171361123527617","6.46833540966478","3.18823583009788","-1.09276969539447","-6.74828566410198","-4.54718007386521","-8.8455964245486","-3.928808025349","-0.470165666925249","-5.11449527556308","2.40034652666893","0.0590703318574314","-3.20703329504798","0.855139342343698","3.67145059060379","-6.75717697728369","-9.14634230840387","-0.95114990428932","3.54715444663168","-5.4385572882836","-1.18784454795436","5.46353583040003","-4.81590135334926","-2.10222414498417","1.384274505575","-8.24148651728918","1.73913293876998","-0.458321831042556","-2.24936418643531","3.38752105723831","-5.21195052943743","2.81793022481001","3.03755781730169","0.62899349005605","-0.76650173862359","-7.29556052053947","4.60329728419831","0.219621264508844","0.732197944901835","-2.77004282937473","-1.4899461207887","6.15218564084154","-2.00239350636893","-9.66010247312275","0.768314205262216"
"Random_Index6_32_0106","-3.30473756319803","2.33755240843303","5.62314707811535","3.19055882459975","4.86129257935977","1.95763871263632","5.05059764591916","-12.7442233134428","-3.05300152093719","-0.447594592789323","-3.861939326245","-1.23044400447994","-0.732927603170352","7.0589061214951","-1.38717622506374","3.23965623659133","6.27120628093225","-4.89182444608373","0.174470461966115","1.03650370073362","-4.36147599340716","6.88697784916452","-2.10112881430654","0.126810410668485","2.35217699663633","1.11796298905935","0.390774047393265","-3.75967360672718","-0.156975489910851","-1.13467958530958","-4.0386017228933","-3.11316438082133","-4.01013363698526","-3.0060833882702","3.05045594004237","1.61740181781685","-4.23256337107269","-3.20827351170283","6.99561923650456","-0.0880442675391266","3.42132090105863","1.31787508201778","-1.25403292645795","-3.58122135411167","0.161987569150449","0.852989708186002","5.111622363205","3.25173131679486","-2.04381150702855","-0.531599508081922","3.72825080388933","-1.39722734942125","-0.763294343594613","-4.33256114153695","-3.55198567381281","-7.15023126574052","-2.01830748507397","1.0220194851951","5.1733201842944","1.17161883787567","-3.3466970703794","5.93334931908778","-2.92373203419079","3.87570025518906","1.10106487991459","3.31932309826085","1.47981788892201","-6.04361832500655","-1.21860232711831","4.42703101053104","0.0842328197480647","6.60000933580042","3.21699582041989","-1.36115348410593","-6.70492305738837","-4.47200616950428","-8.94054798003202","-4.01570883459268","-0.581843212576473","-5.07806459471262","2.479766997095","0.195371627476811","-3.06962005834792","0.925103807585184","3.8921116072684","-6.82877525462909","-9.25688080250921","-0.811336186332695","3.51985241015147","-5.89795192257387","-1.13256429026587","5.51037338426064","-4.88866595324495","-2.17935731691136","1.62525357996392","-8.39830654474834","1.83124822070846","-0.586718162758211","-2.19675131766616","3.49950726606476","-5.14661725369145","2.98301899851748","2.99259970492645","0.681060523415589","-0.92331215728482","-7.54229913074166","4.68246971852203","0.0400697084427297","0.921443269367328","-2.82184751205512","-1.53955121692945","6.32015689574341","-2.26695605205011","-9.57429474216884","0.710508385771115"
"Random_Index6_32_0107","-3.20145809574244","2.29283704373569","5.57654322800566","3.17982161166398","4.87597818614169","2.02235412383073","5.20156312644131","-12.9449274653886","-2.82464643098372","-0.403325096582262","-3.90502441828848","-1.3588562956212","-0.76383264440412","6.89931377780668","-1.58952286232708","3.02305886465211","6.32190235737492","-4.6006268948055","0.132465948867816","0.847941071055991","-4.39215934181528","6.88595037588243","-2.21089758091424","0.0937255116779933","2.2553998291342","1.01968537208176","0.303821537643843","-3.93551741770041","-0.507086403201015","-1.09909594619601","-3.87863177411719","-3.17475780889857","-4.0089043919967","-2.87953330996357","2.98954618580625","1.70664859493758","-4.19300258413188","-3.25682411261867","7.03969447199612","0.0193363183471632","3.36167240299095","1.24773306577169","-1.35249131015701","-3.61922490181643","0.210357918956755","0.987126546242574","5.09405245796059","3.3419830033547","-1.93743768011798","-0.582665917788663","3.65021574143797","-1.49997359027482","-0.833150741063457","-4.53733440161457","-3.59291073062477","-7.24504602645756","-2.092363531354","0.916689999758291","5.1740111062742","1.24191603850976","-3.11700878934539","5.7693617639871","-2.93879218345827","3.80885393849827","1.07983678020223","3.24109634718264","1.68290630496769","-5.66651169375341","-1.04682656980459","4.47411652012294","0.0838545798846379","6.60791757274161","3.37962408142088","-1.11074423205318","-6.8057298626209","-4.52671738620935","-8.94104321082103","-3.89343778978407","-0.456817251149513","-5.16375246286595","2.454507123668","0.0705478340413884","-3.11485751010282","0.844386826105313","3.87985819388324","-6.75555626871436","-9.18979197143401","-0.848822133999783","3.53803359307089","-5.75184243697412","-1.19539619973325","5.31858199793642","-4.91150941979214","-2.22620095714541","1.3770785074857","-8.46209651761462","1.64838158576912","-0.407403508193326","-2.28355668591116","3.32762693772131","-5.15330976072814","2.86427443645137","2.89075228156878","0.68959629089755","-0.831219533000049","-7.53759137832817","4.71867275989251","0.054105326154108","0.893827788219575","-2.63424573611761","-1.50863515001107","6.34883738644111","-2.02829607278011","-9.70821602700027","0.809059151334923"
"Random_Index6_32_0108","-3.37717881707697","2.46197487126724","5.99761953275232","3.35680124671049","5.09529506885304","1.73527816828733","5.19151884633838","-12.9050556916262","-2.9437540399987","-0.58541250237278","-4.11079846687301","-1.4201753125191","-0.907835459543764","7.0924562554647","-1.76081995860951","2.92312147098991","6.58325903348499","-4.80365227048406","-0.0297111600664703","1.04355013906992","-4.17812525529125","7.19605601499886","-2.50462487626698","0.296962741239571","2.52155090753157","0.952885568381452","0.385546157274486","-4.13444732972048","-0.511441226585742","-1.2597627577979","-4.07029027136597","-3.41796682543874","-4.33233779508044","-3.05130166675495","3.23029958368625","1.43548741401679","-4.1634855081965","-3.06096403705928","7.24669819677849","-0.263463940881758","3.56048971938787","1.07449643144533","-1.57996920233968","-3.82900407145344","0.409536824561142","1.21921037504312","5.41850757862381","3.49123736761816","-2.13997039011628","-0.25067481989238","3.6482979400904","-1.62770132063716","-1.06340442018872","-4.66113532513773","-3.67821943638307","-7.20261481512087","-2.22831866971224","1.1904399348893","5.55304090727974","1.10943820677139","-3.26764775261487","6.18180224336202","-3.007333989266","4.02876593257856","0.677320615863182","3.67818609407288","1.42797312778423","-6.17299571254179","-1.17806978942939","4.58046296306709","-0.367736721339849","6.87690469846869","3.64475504648003","-1.14968717369265","-6.664984335451","-4.75836535923642","-9.14006166947181","-3.94380976476776","-0.862253050951833","-5.05306957052585","2.75178619784741","-0.0164321517280111","-3.21227036659945","1.08669699046769","4.04152219881431","-6.81509946626065","-9.1319170925162","-1.19729726703307","4.007236585112","-5.37064241623285","-0.753530436854378","5.53136051517768","-4.83027111958848","-1.99033416344278","1.5810971686247","-8.5677321459228","1.75397368279886","-0.872652914832503","-2.21187733058455","3.60161782968445","-5.25203149953452","3.16771287921718","3.16959801551966","0.416440405322936","-1.11237481240442","-7.4805011419193","4.96878831263629","-0.0377792843943308","1.04633990116771","-3.28418546907877","-1.32945994066172","6.61208853427874","-2.10521417553994","-9.69245673672838","0.653575455564167"
"Random_Index6_32_0109","-3.01725670399439","2.32920242843345","5.62113681844683","3.27601274117525","4.91286473837999","2.03463553076236","5.20581160783437","-12.9387320376709","-2.85869915080739","-0.400407182549407","-3.63319037395884","-1.29483795295561","-0.640963339588726","7.11039050589652","-1.48034319858102","3.11297289984849","6.26159287861189","-4.72351227375025","0.335144935448801","0.805800465729815","-4.40603563569303","7.07106722007822","-2.02379133462173","0.242697320804548","2.29487922280888","1.02109169797647","0.450682695232264","-3.70772384732099","-0.486172726807321","-1.02683641820026","-3.93552909132466","-3.15085050107223","-4.06921830985803","-3.09645701276176","3.22850358686212","1.77817720405192","-4.23914392154721","-3.51857680537266","6.98989578834363","0.0172175765937578","3.40665889523846","1.37258758910158","-1.20927714813635","-3.44789272686838","0.139039925274202","1.04730916601752","5.16318673447744","3.46808354123723","-1.83592041641562","-0.621800122748885","3.56392207651538","-1.36284245566509","-0.785489559728195","-4.33305485656472","-3.69100052866327","-7.1833473674274","-2.180415996216","1.0841291945008","5.19699414297761","1.27430991658311","-3.22968894029418","5.94845804418958","-2.92371899322208","3.77426467653313","1.07087257048711","3.35505331471713","1.50637189335029","-5.87572063216892","-1.04848186012526","4.60417235049406","-0.0833795188329923","6.66071759064199","3.43674571616064","-1.26021167985794","-6.88942254331323","-4.41551540663263","-8.78421668179363","-4.12696021424139","-0.521252597082326","-5.27363819126438","2.51091506039689","0.267692676739496","-3.10771912466178","0.824673591919947","3.77769499907979","-6.8583052516059","-9.31251490559571","-0.90492842569333","3.4986190676669","-5.43088512547285","-1.12794347329757","5.36759379931078","-4.97294231204562","-2.15897734252083","1.45165524223037","-8.57338637790751","1.81806288489624","-0.552198612868817","-2.29619356448492","3.52858126177955","-5.10673298210946","3.00131214030813","2.97991075983967","0.759921181866586","-0.673729323089974","-7.67687219980703","4.81852813553293","0.257441158504619","0.704157358096772","-2.79780467560652","-1.69896516717505","6.24370186352715","-2.00063788442202","-9.80561625015202","0.837839179239575"
"Random_Index6_32_0110","-2.99770538452983","2.03347648178128","5.4075638484875","3.16851758357399","4.74227203513971","2.1738319012224","5.12632470671718","-12.9904232348315","-2.72456495617077","-0.17289488177275","-3.61428917463689","-1.04208271029652","-0.492906286333872","6.72952461747208","-1.32891368682008","3.06241627130673","6.2245043818537","-4.43568792135256","0.374737243858982","0.91065714245108","-4.33065687527934","6.70755692931234","-1.9509045176549","0.0702790634147992","2.2967121946657","1.30025036277501","0.476243498097362","-3.70453534610398","-0.589826619204213","-0.951480515024086","-3.72047658955629","-3.04546805466123","-3.91178035023865","-2.93676063121269","3.07706187554134","1.81239581742272","-4.05962753373253","-3.24460041204158","6.98295213401262","0.217646404456739","3.22744864624019","1.39658254142427","-1.06455455932084","-3.34772519124564","0.215728538449237","1.06178854562469","4.89529583907958","3.33873524268629","-1.95707608397693","-0.620796733677672","3.31416123972821","-1.27353407803435","-0.705146682748327","-4.46452878375365","-3.62688241033433","-7.07898098789381","-2.10763206419744","1.05076980898528","5.13062205340813","1.26269573924048","-3.00332814385552","5.69637422723702","-2.8426250017223","3.65124383051361","1.09969915637277","3.22834470490774","1.76495001568366","-5.5603364837289","-0.959825050986002","4.45789284516506","-0.186510003446115","6.49539926787176","3.03644703305038","-0.918684869779749","-6.73926956005711","-4.35871357393436","-9.16121230299014","-4.11568172542751","-0.223847616811729","-5.21396227901771","2.32182235216234","0.226936904158636","-3.00061534647134","0.84741832405411","3.62002593651357","-6.53562600775782","-9.08153528756606","-0.54588034777173","3.33715598997962","-5.39161362893314","-1.18403130433846","5.28396209832593","-5.05798353381382","-2.34226374396559","1.4018837958287","-8.36500436437017","1.63958448899873","-0.323703823269212","-2.27693276990956","3.34386609215577","-5.04197364358984","2.74333341282882","2.80148826612002","0.891240989212671","-0.470224710099242","-7.50081285492158","4.61544182162153","0.333385280640248","0.715849539546786","-2.40631760816012","-1.79460808020363","6.18460332993752","-1.87376888755844","-9.48438222831314","0.854899436154318"
"Random_Index6_32_0111","-3.16187272079829","2.18261929245953","5.65742621252419","3.24747677435638","4.87707392110027","2.05265594769156","5.02727953716372","-12.93188939125","-2.88023404494847","-0.275779068403437","-3.73427352629401","-1.1903445174222","-0.601907265802037","6.92171328613288","-1.46333214170506","3.15090663094354","6.47327443504026","-4.6586830697806","0.188613110157891","0.975490209661856","-4.42819674910135","6.96862426630636","-2.01888312270103","0.085958010320201","2.31137623341135","1.16630191978868","0.668106654061317","-3.69830239135193","-0.537790587474868","-1.04153282273602","-3.88485625942971","-3.20092996784685","-4.07751751603605","-3.12402982338379","3.24300703205897","1.56372111422046","-4.20242247335738","-3.10543652337533","7.02057668408358","0.11777992411924","3.37137184425593","1.44816004821765","-1.02880760825551","-3.47303692546197","0.248024082823634","1.26792307440733","5.02453866189303","3.4156749933743","-1.89925455071519","-0.541518563988127","3.35496578107827","-1.22511286198424","-0.774925596457059","-4.33254433993783","-3.56680628232364","-7.30338798571562","-1.96690157230478","1.20716500342855","5.10651642626226","1.07322806840648","-3.182953457959","5.92577725726999","-2.83863671285793","3.6308032056333","1.17218789946197","3.46090933640278","1.45779279137966","-5.98617487371356","-1.09721260167224","4.47444824159688","-0.00147109696936617","6.66797882473874","3.19669480745088","-1.10613209348807","-6.84202932938869","-4.65705968076425","-9.03358808902824","-4.10299043635438","-0.498758517032211","-5.18623847627726","2.5523902362325","0.185369743827994","-3.02626332772567","1.08228209899049","3.74316704697569","-6.72548394011047","-9.17516458815006","-0.607563886724656","3.52592517265203","-5.45225175735178","-0.997686627205866","5.4332240062604","-5.02703170223628","-2.14470308624373","1.49596745052419","-8.48482262090498","1.73656821116869","-0.384760437451183","-2.24422430516793","3.57792482825726","-5.03492793309759","3.06875185493117","2.9102035749884","0.794532942218702","-0.569729751961702","-7.64315848420737","4.74582134507976","0.288233873619722","0.630298152422297","-2.70675641974656","-1.60298899770768","6.40296914835043","-2.01972332477485","-9.57826443998946","0.837242164198976"
"Random_Index6_32_0112","-3.23638470540304","2.27902484530619","5.5249914082549","3.35754096405618","4.59978457303032","2.17233055521223","5.14300933342318","-12.9136398969988","-2.85642177860836","-0.46494375431122","-3.70379811507034","-1.24940890805769","-0.731542565736424","6.93239355512278","-1.42294156714931","2.90468708547173","6.45484295672624","-4.38888219020481","0.0661379372361987","0.653986650282759","-4.34061710033781","6.94226754389814","-1.9725210367386","-0.188468709967058","2.37068929618559","0.787579531585668","0.0589752677360634","-3.71878076469922","-0.687073859513337","-0.923014137281476","-3.77353057544967","-3.24964701248854","-4.39836806162766","-2.93518178614716","3.24981311064253","1.38029548191898","-4.25238955033886","-3.10735710049747","7.1323961000015","0.091228291651973","3.33705223423652","1.26662058242499","-1.14696211559909","-3.43142511084233","0.0336550647718597","0.918448328222571","5.02171303108816","3.30144797778572","-1.88749177381439","-0.491235196847011","3.41058215189943","-1.42624019605661","-0.832311903563028","-4.56269871938107","-3.72649995173008","-7.06070181548382","-2.19423269367595","1.27589311170376","5.21816202058896","1.06475416951421","-3.042189681351","5.78044578975957","-2.70165593187301","3.78713792541671","0.953624113539426","3.5119996550166","1.3978470939924","-5.63852343182865","-1.00940950999106","4.4216816532369","-0.457528069621369","6.8236369746004","3.33320729037075","-0.909693145474132","-6.76666861979461","-4.48964692707693","-8.82752296206272","-3.77338345490246","-0.236391492009558","-5.09010017758896","2.6378640538158","0.0118141713405437","-2.92278267296257","0.811974258394477","3.74722043990039","-6.46427560691891","-9.2984740609998","-0.773117142352354","3.41058341474583","-5.56700223130754","-1.06330166191905","5.06463635333019","-5.01397726866648","-2.4168689526826","1.10553951137227","-8.35638809816242","1.38183835939723","-0.370329293448388","-2.50898769273305","3.58501387375179","-4.90032425871573","3.12324353149431","3.10556460710522","0.733399382798306","-0.722316380839578","-7.42494405242089","4.87630847513807","0.341242311068951","1.00715811088624","-2.66894099635301","-1.4475560725543","6.25503983823031","-1.9849359354221","-9.36900706855373","0.82801625495389"
"Random_Index6_32_0113","-3.11588081401135","2.05832478389169","5.53617841500223","3.05835675221386","4.91268004922655","2.08734314140438","5.26893776044309","-12.9492391967745","-2.87796359363445","-0.249538944092229","-3.77007533655011","-1.14407993467536","-0.600633809531883","6.82550285733739","-1.41972307640232","3.17817792553023","6.14383805174666","-4.73242293362796","0.343813301035814","0.974319697433349","-4.34781802451873","6.77577876225009","-2.06584945160203","0.127444637864716","2.24456160089741","1.14236825585427","0.503871183480594","-3.74610282044884","-0.292345357252626","-1.01305406962565","-3.88210640216071","-2.98135057795172","-4.00790619663449","-2.85117711881762","2.9999499703772","1.76759525011475","-4.33513702069117","-3.18286467428072","6.88983301918089","0.121769234679845","3.31715685279266","1.39656417368066","-1.15263916337412","-3.44062469308569","0.0390123798280602","0.853289268312694","5.09736261355321","3.14853564302349","-1.94230342282717","-0.676325217653172","3.43745632350887","-1.45538509011491","-0.611779085943017","-4.48875660668243","-3.59942515648358","-7.15153913955319","-2.18261022028826","1.02521607239707","4.95217353295481","1.17964837067751","-3.2460708019937","5.7923220994624","-2.80632515119413","3.62125472047653","1.19464199522267","3.22929165538998","1.60880425383196","-5.80783974414661","-1.21009422988803","4.30739917127155","-0.0212458485259976","6.45800857621426","3.17634655593932","-1.09828172049893","-6.72122965348615","-4.28532490637539","-8.95607091645372","-3.96797270034227","-0.375073731195948","-5.26135776697524","2.23559609396904","0.151053934766942","-3.12200734837297","0.815439228666216","3.58062456400529","-6.67705937947749","-9.1249773811837","-0.661185656769532","3.44952545237589","-5.69512757352114","-1.32105170750221","5.45684106963274","-4.95954601087899","-2.23248311418004","1.49848786876647","-8.49706008899836","1.86803242139522","-0.344969934680723","-2.2425749629663","3.45349033819039","-5.15664421098989","2.85288714513373","2.7194848819383","0.749506918264548","-0.622649784799405","-7.49673179826802","4.4948028703791","0.210317327808984","0.804565949844144","-2.58248705588144","-1.66930030358818","6.01235306155248","-1.950391715346","-9.69255576441413","0.775671619214374"
"Random_Index6_32_0114","-3.11308880447093","2.15614771358496","5.61328568539994","3.07586836634037","4.8137110285335","2.12480471418765","5.02649920940807","-12.9625147560388","-2.76340401592746","-0.144567859180877","-3.56429028975703","-0.948664341763511","-0.390377339047308","6.91634225514665","-1.15940469002505","3.18924832609794","6.4385923928108","-4.79931520686886","0.467354278755197","1.0172808787273","-4.24203989844256","6.77243063609682","-1.93684303627271","-0.109010576061545","2.18798673771616","1.12896549195858","0.473711680959524","-3.65371949360618","-0.56896033837867","-0.937899992446123","-3.90131109134891","-2.91434360465932","-3.96744355888561","-3.01993437192804","3.32015094195953","1.6667659415635","-4.34988447323864","-3.06713644017793","6.86021073447791","0.151239002593418","3.25713899731466","1.60119396193248","-1.34200587932916","-3.51146611794699","0.0954651399338766","0.897727003207467","4.98293119063281","3.06206372932407","-1.79803102618896","-0.717747025327434","3.51407282949865","-1.19671872079406","-0.571229700860949","-4.40157748101756","-3.48374915401125","-7.03815604857744","-2.16348427392302","1.23950575212957","5.02453792741903","1.00273621988528","-3.283485880307","5.80844379641783","-2.8374749788688","3.6732387686594","1.22591024337806","3.61654274572505","1.6800163103011","-5.81368100535902","-1.26578708853528","4.36291190860003","-0.0671929491154037","6.63042099238282","3.11768119556255","-1.21326187652405","-6.64757809948769","-4.36200692479666","-9.01185960709414","-4.06822181189225","-0.378187707021576","-5.10490126772244","2.47730699568543","0.266221624831911","-2.99802535722179","0.90813150756728","3.75567636052278","-6.67911188321023","-9.02033146425665","-0.730303982724833","3.42116290621134","-5.63191496810159","-1.13833964789816","5.18272823984836","-4.94705532858817","-2.2211180684483","1.46464296151799","-8.28969937149449","1.73862124376741","-0.244698288177149","-2.23979195361088","3.74642809720048","-4.83820488679005","3.30720226721856","2.84652714025704","0.943352902200107","-0.773843263495022","-7.76013270302734","4.54752775232728","0.395646539447642","0.691670949305753","-2.79033414692055","-1.65270471933707","6.24087491898162","-2.13159616506825","-9.73151041156826","0.981534575370405"
"Random_Index6_32_0115","-3.03234935993675","2.35020862836127","5.60739886282919","3.1456169789053","4.97679842830017","2.07254881640738","5.06380220006146","-12.5927532993935","-2.84730498101174","-0.266235187211202","-3.60193416935229","-1.06259138317064","-0.483933468009355","6.87072682284864","-1.34061209628881","2.94797192220369","6.00796407780536","-4.78658236893274","0.334794497950666","0.818165036307065","-4.38062441580268","6.82031210354816","-1.95793092840618","0.0419754808835993","2.26047998420046","1.00110520879456","0.162998767950621","-3.74820237219618","-0.406020405256192","-0.918491597482265","-3.90307498220747","-3.1060892774221","-3.92393864168926","-2.77350320459479","3.05289735067268","1.56171016879999","-4.1366071128279","-3.22702711054433","6.79209521427757","-0.046131782091882","3.36576412446371","1.44527759775711","-1.34553844449669","-3.64169191948882","0.142755962415494","0.664082580509606","5.26491696230994","3.24130976543599","-1.83764021614047","-0.545192366435515","3.71923702223663","-1.2341832496949","-0.66718898812176","-4.55492810719618","-3.35315365042712","-7.01930610907654","-2.14245697252639","1.13931390550658","5.19260595370924","1.15677480332884","-3.17077812356891","5.88042605468185","-2.65930443082229","3.92364506295011","1.01760841619869","3.21500426743118","1.50637320887178","-5.74052050691257","-1.0041782216551","4.45682409925628","-0.135026766433883","6.54285782574773","3.34823327741987","-1.28031450012521","-6.90122764137429","-4.4267561283625","-8.98196907828094","-3.84232213608273","-0.568544123471072","-5.01064024615192","2.55958741409437","0.343614328515041","-2.83775123420701","0.653254178325189","3.88069781708243","-6.52754140723513","-9.11215863149758","-0.889705338884428","3.52988884826266","-5.75017639459955","-1.05788131390086","5.22067136239973","-4.70206144349459","-2.39910027435562","1.3355181890931","-8.55909403855552","1.79239394426475","-0.294849179749022","-2.35675660016331","3.50812612753867","-5.0328738138439","2.85075424848863","2.96377587867308","0.622112027844009","-0.868706848007082","-7.41408898315353","4.68943377380688","0.414533720008606","0.938577838564515","-2.87058588983728","-1.47754770957931","6.256543499596","-1.83793011103381","-9.42525325377663","0.912336876224366"
"Random_Index6_32_0116","-3.24344101667672","2.19419968900671","5.6171628955098","3.27533122099556","4.90298103787492","2.04281124592317","4.99038503256481","-13.0767465254451","-2.94290130549308","-0.395595425520495","-3.84212067876888","-1.32367671759023","-0.714577709290312","6.91404962518724","-1.48963032391955","3.25997231970103","6.58457726718324","-4.74624521400878","0.150660323511564","0.955454324627762","-4.27968339038912","6.99932610261122","-2.19013910508846","0.241906976210942","2.38880240689641","1.17942373288397","0.427925110645431","-3.94660393190884","-0.409536979073519","-1.14472560284552","-4.06326647967541","-3.21068114039838","-4.07902298742221","-3.015609252178","2.96727385539228","1.86055573038371","-4.25567870939284","-3.19745735607855","7.09833073011171","0.147021106399714","3.42453780347361","1.33440886715663","-1.21142664009367","-3.57968409489786","0.317365780330842","1.1765311611572","5.18710095496651","3.38031720755869","-2.08934089451262","-0.461154453345737","3.40652835066665","-1.44110119678333","-0.812821524143127","-4.5145700354094","-3.70753990023199","-7.43120813324808","-2.05238552490396","1.05730001815784","5.11041750514799","1.15743970547426","-3.302146304458","5.82449930249671","-3.09795631685547","3.66953325625692","1.08663093561781","3.33440747131811","1.39123010795366","-5.74570586329188","-1.00817786563129","4.58646228889261","-0.253114543666903","6.74227879428066","3.28337264290717","-1.06229675646867","-6.81080536406552","-4.43490773787322","-9.00356248848324","-4.05497686844391","-0.543434451057268","-5.25471874034658","2.52858267165123","0.109260209867202","-3.25925009048547","0.998264977287182","3.72560358967556","-6.7414202229087","-9.11017042373661","-0.838383953997169","3.49459975716998","-5.40746253946275","-1.05124069763298","5.40938310317092","-4.92341477891182","-2.20559187232127","1.37978256976038","-8.53920373008147","1.75602283108525","-0.475404761959548","-2.24092234775742","3.36470863115155","-5.17644033200553","2.85740687642736","2.91279830472398","0.778129959935367","-0.571228203864199","-7.58499672520468","4.72307784300324","0.1882588834756","0.751777068300037","-2.81895495898951","-1.63124102744881","6.30839217251554","-2.11621935438613","-9.58530315909691","0.752715558405127"
"Random_Index6_32_0117","-3.20528125022797","2.28790831924056","5.74239195582341","3.2299121857202","5.07356354999463","1.86459056473175","5.23120043990909","-12.887295900957","-2.8528187298042","-0.500389975010678","-3.87082645892777","-1.18662150931463","-0.751439497362048","7.02540670304082","-1.51989307783796","3.14193617939277","6.30090422141302","-4.83990371405392","0.2540292190849","1.04224436830143","-4.10269491780168","6.81021348052547","-2.19450674283756","0.294396006816621","2.34831146032525","0.999101413299308","0.557072896495851","-3.88102489147305","-0.320307331785735","-1.17881144978868","-4.07201469743841","-3.31800488099545","-4.13751587472004","-2.82736686259127","3.06618848050747","1.6129128744681","-4.16566757600896","-3.10412979065627","6.98266856266403","-0.149806006643957","3.40981023162634","1.26665913783975","-1.50166111369065","-3.86605852732535","0.306551648357234","0.977058655008736","5.30942877591983","3.49486386125212","-1.99661604284777","-0.55567688432538","3.71002482413927","-1.45071464572918","-0.882369200029323","-4.53005205370274","-3.5773146773787","-7.05902236508954","-1.85556048394619","1.13520892873738","5.16618609094345","1.53143799100462","-3.50666294418541","6.01266078259755","-3.11007221343828","3.85128680081338","0.922673850138755","3.37524404305514","1.57166573407318","-5.83443023768494","-1.18422030691455","4.46621486934405","-0.0794335528913341","6.83301160908135","3.36183493311629","-1.26661650984679","-6.84310807971796","-4.71540694388901","-8.99793016482098","-4.04252701094167","-0.683251856163403","-5.10564300552258","2.45097063676148","0.0692831683465539","-3.21116696631907","0.858320704133162","3.82190135844211","-6.99164009085313","-9.19978083687974","-1.00791558919401","3.7191537590356","-5.61419729601122","-1.09312979415608","5.56407226971362","-4.77709911671295","-2.21987019127565","1.52750156552763","-8.45288283740147","1.90571431400935","-0.536658867951409","-2.02607419451692","3.47464635764981","-5.2979362006805","2.98876517138695","2.87806662823737","0.486967285901191","-0.79044844093383","-7.76813814584004","4.75312518655716","0.113738487697035","0.949170366602389","-2.74148241983595","-1.60833554547728","6.32509254153824","-2.06058841295827","-9.82111384459842","0.646122802019377"
"Random_Index6_32_0118","-3.10347132601186","1.81380185762405","5.31112587369976","2.94200169598916","4.48687344171883","2.41128762053436","5.14242998885759","-13.0686064650347","-2.64044956347417","-0.0143631517738629","-3.50313464658018","-0.953661722088175","-0.467968650678928","6.67343555167726","-1.15593147068958","2.88824618783193","6.48940805752167","-4.22867217158836","0.405117472067262","0.602640463457757","-4.59884865473314","6.70233090087038","-1.70784396406997","-0.216302355155844","2.21164615253293","1.32370974293558","0.0439319669700667","-3.49278552292699","-0.895017351219178","-0.71799073775314","-3.55406569254808","-2.91039187161831","-4.01564574461738","-3.38079566492934","3.40039973961115","1.72028931933057","-4.1940189935519","-3.17067698705791","6.87147601974674","0.45527961156703","2.9550866952437","1.57451043194748","-0.992802211015555","-3.23122263842975","-0.250848768958921","1.21923132693751","4.81999139046796","3.18659744322896","-1.79627771560437","-0.68869147175379","3.11080127597784","-1.2256007466884","-0.605413742438948","-4.42176422386544","-3.71443972970999","-7.10477187446954","-2.43061090254499","1.39169545370856","4.83510752326434","0.841788945868857","-2.73993459712945","5.63630043394521","-2.46771763258699","3.34530544316901","1.3885843589507","3.56211475933493","1.59492304595352","-5.58979779302306","-0.962811937203124","4.18190917287217","-0.382655364562678","6.5635823215215","2.99643882927678","-0.863341122875141","-6.7714663290718","-4.3571794246055","-9.19616121737841","-4.07522600775551","-0.0766320606224005","-5.35210580762034","2.38340585730295","0.490886892428051","-2.66858138788779","0.623183894886103","3.42568572835905","-6.516939636147","-9.14427257793748","-0.516990006269487","3.29437164320474","-5.65265734739756","-1.1746551178284","5.05767729726807","-5.25147478505423","-2.54198592197613","1.11525756275575","-8.41226903630646","1.34406524188635","-0.0317226730819133","-2.51125396115686","3.63683450722269","-4.73932157645632","3.09731458533202","2.72798069377918","1.14181870537541","-0.454312758625782","-7.67617897836381","4.53046632297137","0.578135344278716","0.619413037268457","-2.5145040713036","-1.91502963249915","6.22343077831557","-1.87454563741794","-9.401511288846","1.11190131170857"
"Random_Index6_32_0119","-3.03895772603346","1.95737655425091","5.41872840346699","3.0007975060523","4.7723326624214","2.31064764274303","5.08801481433191","-13.0408920637992","-2.82628013421664","-0.139879230373415","-3.63096585365264","-1.01390294821434","-0.59006946338009","6.74532167860602","-1.30097783714651","3.1598681965973","6.46526888225124","-4.447847211918","0.363475514442756","0.636516956202068","-4.36270045847241","6.74249911172533","-1.84522737821632","-0.064100654600496","2.18918481950359","1.40224641846842","0.360649218070433","-3.63592197777568","-0.536758001208551","-0.82322979380931","-3.87719087276741","-3.12304396407165","-3.95086490061366","-3.09351867157227","3.15830959437512","1.82031958990996","-4.50270972162869","-3.19879625876312","7.02713450840241","0.144605924081397","3.08769077077573","1.4654349370834","-1.18502632983203","-3.48976924352777","-0.278283584145655","0.908473437751156","5.02844578019523","3.30431301626758","-1.80291851771616","-0.715191379125909","3.21486602560419","-1.31950501820642","-0.601983264628396","-4.60033843254379","-3.57031986742312","-7.11464434961047","-2.50829846142906","1.1759837321474","4.96727982193161","1.16438148121582","-3.09409745369617","5.76380945613983","-2.74116399841386","3.45482916528145","1.15989144188403","3.483563838039","1.57781010258643","-5.69189430897863","-0.919238337585752","4.2706347413022","-0.181361054864022","6.71628954029217","3.05894683606794","-0.976676024311913","-7.02644661497831","-4.62774529871981","-9.1296846865228","-4.03267375271637","-0.287437666157993","-5.16657695160548","2.30781514007601","0.17735889668307","-2.99691404728567","0.674167635812484","3.51596576125391","-6.56939872825795","-9.26527269455884","-0.608814623315719","3.28408599273075","-5.69723532644723","-1.2772962423958","5.23525792584767","-5.24440188412121","-2.66255267290488","1.21995363673751","-8.36005847619786","1.58124644950411","-0.320599404466355","-2.1585631441679","3.57123306629576","-4.92194170897493","2.91688528180679","2.67210739329098","0.923975632973786","-0.425301390532784","-7.58754119530503","4.63557217950608","0.418187632557856","0.787692938033772","-2.55209378945611","-2.0412383928361","6.16177990735788","-1.87304329973657","-9.59483589903806","0.81006674335512"
"Random_Index6_32_0120","-3.16082018968243","2.0992867305859","5.45681532495601","2.98125000263727","4.80584396562411","2.04004662017845","4.99045180367387","-12.9183603072073","-3.07605107395405","-0.231636620418307","-3.65266718674266","-1.17137086861521","-0.432115794235942","6.91968455838315","-1.32840909388734","3.17729507033754","6.25002476148522","-4.61862627691932","0.299430975232189","0.975637214871552","-4.39894335096684","6.78934179684303","-1.88516902210186","0.0420228057403003","2.25016177989305","1.20864122180731","0.437224488699748","-3.60155613551137","-0.538020378252045","-1.00027597515596","-3.92890653454523","-3.1267800346849","-3.99177494428105","-3.04985412238988","3.13094301707829","1.8546374461896","-4.3675947514203","-3.22882057381316","6.94619431513353","0.17962874034837","3.28451346701582","1.43507544895854","-1.10314264294284","-3.57034244493319","0.100194269952983","0.871440443482764","4.99758415893111","3.26320468652747","-1.99964947040919","-0.652851756006181","3.37870350581289","-1.34325426925065","-0.785321635151967","-4.26977358469767","-3.60348808840543","-7.08667151710485","-2.30094803276341","1.10291477510769","4.93808365790703","1.1031600013182","-3.16717369031276","5.72996459226","-2.9232194925961","3.62204623631973","1.27270083475178","3.28005903470416","1.65593388190011","-5.78215380634386","-1.15859428416202","4.40867355837859","-0.106181985128963","6.53959057808411","3.06798007829493","-1.14658691996051","-6.79489997948768","-4.33880775125057","-8.94765740442559","-4.15095142351736","-0.555475430686085","-5.22746589421318","2.34747467832875","0.28361764582459","-3.04190205216626","0.782336321809967","3.76760144258748","-6.6391167858244","-9.16932196397088","-0.740517297748786","3.44339967430498","-5.59522130669757","-1.20939050956052","5.36490857838269","-5.04330497867054","-2.18980038868035","1.6267661921084","-8.3256347023578","1.64876432749329","-0.418074637053655","-2.06728091273368","3.50773694865168","-5.06060045063795","2.90243379024641","2.78997721932864","0.802484256685334","-0.616426567948531","-7.63686508621673","4.46639178606654","0.342527834711927","0.652976358198876","-2.65803203853859","-1.80278637124567","6.09267995266309","-2.05785519190985","-9.56647957393853","0.930979937589281"
"Random_Index6_32_0121","-3.19055662934337","2.32937561453473","5.69409767735913","3.21080224970381","4.85507894321555","2.23902361743359","5.37622853228849","-13.2121079579226","-2.43407308423677","-0.456901320287966","-3.85322494380519","-1.40224480726083","-0.8044964127367","6.71854169847639","-1.5269911185151","2.76936828743958","6.18643565920099","-4.57595484427748","0.110372593447278","0.76885618607777","-4.24727159054054","6.73846271729201","-2.16177096920197","-0.176846473843932","2.55625813802883","0.985872635234848","0.179862171209694","-3.90196797699379","-0.659026577559935","-1.1781047495874","-3.73533550234681","-3.31583077251546","-4.11847948899822","-2.85327901482319","2.97524153091805","1.56701897026968","-3.92864131521195","-2.74171377090123","6.88319657405878","0.112493557768397","3.4393089562366","1.20372025086115","-1.45380015355942","-3.54569759154775","0.247175314619389","1.17439897478604","5.05149184522871","3.46834976824342","-1.71963657766017","-0.435438648852371","3.32920128933005","-1.52826484815683","-0.97946563146907","-4.76900237358132","-3.61724921065996","-7.02724050418913","-2.33806111613107","1.01360394571769","5.40157567296238","1.34821629360411","-3.06772527651947","6.0481858478548","-2.76477198869602","3.7468816762751","0.860265622887231","3.31522375771863","1.53352791953839","-5.7626729500207","-1.24367090508344","4.28540713859568","-0.168442377144384","6.42612256453871","3.33854860652268","-1.04198058695379","-6.46251814541272","-4.43251754906356","-8.9304291369393","-3.85369856091673","-0.444683244910819","-4.98418321544685","2.47841244587736","0.152745247184945","-2.98197775870877","0.818850045793833","3.64497796876007","-6.6633609296715","-9.36055925324777","-0.922607151238093","3.68903373801057","-5.36282235319641","-0.973068518900347","5.2421686721733","-4.65888724963898","-2.23426213554313","1.14259605893242","-8.33109775067212","1.43642747124777","-0.237509883086592","-2.51101939653538","3.18145594175949","-4.98311967403494","2.8164840361849","2.90932314306741","0.744475188110308","-0.483546795430462","-7.63075495785417","4.93556290015351","0.258857194766537","1.06572726412426","-2.9312544867093","-1.50840529322669","6.39922551370054","-1.84474242562643","-9.70220792035683","0.92410602041138"
"Random_Index6_32_0122","-3.13889668935099","2.19829181671454","5.72559182484803","3.23877645754526","5.081616422329","1.89147793326233","5.24483973549165","-13.0270159551504","-3.07646990955429","-0.533721221365376","-3.97584741661454","-1.29296351619775","-0.804987032584895","7.04739760072648","-1.6583056556146","3.16531234053842","6.41801703898338","-4.85702629658967","0.105230472688999","0.930845183634744","-4.35358554377184","6.96046314007456","-2.20903468014802","0.156819656138993","2.49930225444815","1.18546574326266","0.588125304136117","-4.02258601688073","-0.375418959953005","-1.06433166255848","-4.00081215504447","-3.3079881727442","-4.07931965197501","-3.1617934731549","2.94350267330193","1.49027860666285","-4.46698374528705","-3.09219184026991","7.04742985346936","-0.21353605475205","3.50905797278565","1.19877732196422","-1.44734820772591","-3.8538632717514","0.376388645234897","1.067178906996","5.18431201807508","3.39751224280708","-2.02433592769543","-0.531033821879935","3.73640915001863","-1.38355833505588","-0.793778558029983","-4.61265976933821","-3.69069837866737","-7.21883315882343","-2.00691381436263","1.01336031929455","5.22412675093099","1.30975895260913","-3.36465756768744","6.10103185242433","-2.94008968283473","3.92505368575536","0.96033958362306","3.49170097354527","1.64060643238234","-6.0170154101154","-1.11509380271374","4.45136340485091","-0.0597352001604604","6.75811295157645","3.39609624224956","-1.12384150975474","-7.02499394369857","-4.70590031948735","-9.24117628451039","-4.0364367882217","-0.605932945730549","-5.11401015784187","2.49307003837287","0.0268588418248702","-3.15929432806728","0.763985452821722","3.83523625020299","-6.79997744557652","-9.21175648299311","-0.92330547501233","3.54639084411781","-5.75090602532791","-1.11803333177689","5.46117460896038","-4.99567183285778","-2.23672205154355","1.47750988503788","-8.77038260926997","1.82488669715234","-0.543896415582264","-2.14982185031469","3.30452493618864","-5.46990716058087","2.86366121080655","2.92881994955204","0.534939747697036","-0.97344464222061","-7.69531026606536","5.01218506767305","0.0654029435683344","1.0349629803884","-2.74049109370587","-1.66617378342436","6.42782252013823","-2.09096703013794","-9.81320393164515","0.670671513440652"
"Random_Index6_32_0123","-3.34018436940869","2.25414750126826","5.59579146500723","3.15872697884236","5.09675613859071","1.96460410086836","5.22285119727572","-13.1187037410545","-2.83621125495556","-0.317018886319552","-3.84833558551233","-1.18901975288762","-0.62278963203393","6.92496405720092","-1.5338600505799","3.13296582912108","6.47199389156275","-4.71429035729139","0.192809034089635","0.918373980633659","-4.36668417990085","6.85518090905069","-2.15037428661604","0.0685714069163163","2.33072978690613","1.2769770416875","0.375391361900304","-3.98164909765253","-0.520190441391883","-1.01646679780882","-3.94837530523776","-3.1346242179481","-3.9729236804954","-2.9342012544045","3.09904308612402","1.75177170703845","-4.12479376943297","-3.09226496357304","6.95745049137923","0.0293079434210541","3.43874422823474","1.30660657563098","-1.28903551120538","-3.70252535622184","0.108518399478678","1.11369347687702","5.10529722715049","3.36378115602494","-1.98404179327187","-0.556336499438735","3.47033252245468","-1.33050578267741","-0.802993170938235","-4.76517654779154","-3.42585586440758","-7.25269300384219","-2.11779050354268","1.01699863681487","5.13266289348921","1.23096187802622","-3.17277837382663","5.92626472918557","-2.94228599351571","3.75528915515469","0.97497975867557","3.40942262689771","1.72109131505747","-5.78477421202874","-1.04973946262007","4.46621789964234","-0.184571826265976","6.67639784187878","3.34159077355953","-1.09292564909472","-6.97899716992584","-4.60428484753835","-9.14004087776345","-3.93346692211358","-0.280774287626887","-5.18759167252971","2.45106192830013","0.0731100060019537","-3.21352824619269","0.752379057494131","3.62330133567286","-6.83756318175888","-9.16540916810614","-0.694283497217054","3.60969788898617","-5.74178076580573","-1.17309141415375","5.40900055581272","-4.98498059360619","-2.45646925586684","1.27426502080889","-8.57882341206315","1.72263852648053","-0.413049595817199","-2.34156170813058","3.37656965415559","-5.21568981149582","2.98720345735792","2.83473446518434","0.675864330969313","-0.635519786912725","-7.61362212661908","4.74180567085212","0.139222000340646","0.783413173912573","-2.7560754125637","-1.67461958797463","6.31833050700467","-1.83046612324608","-9.64913906186167","0.689081308732916"
"Random_Index6_32_0124","-2.93898674571374","2.00486383693089","5.49778794602188","3.10631588758432","4.73860083621671","1.88529808269214","4.90519200915661","-12.4933225589711","-2.94922992853822","-0.264790899191924","-3.66353061002909","-1.03162763480759","-0.630492291559331","6.85421444903484","-1.4488774483449","3.03189906877498","6.25958708991201","-4.71388101229659","0.255959861894255","0.903109130246544","-4.31339164139999","6.67158236850436","-2.09013646195712","0.0963912530081372","2.25682653755701","1.12414716220391","0.453092452535714","-3.67112302107255","-0.400963577086497","-0.982017448868453","-3.91398836060404","-2.96504704279399","-3.85131813932021","-3.05285680074514","2.97772415949086","1.61573401038068","-4.27048883129817","-3.15040649834478","6.90586764935072","-0.0362779712174249","3.20107310869754","1.32727210538447","-1.05376804761755","-3.56411594061737","0.210927683117142","0.995551128442123","4.9554001485724","3.23934493758544","-1.96532963382398","-0.700629945118366","3.51969771265459","-1.20131502156606","-0.73230984272499","-4.05919754767284","-3.34300291298624","-7.16394242628905","-2.04003336514896","1.03629480579364","4.88341975618092","1.11118832379348","-3.25200764242852","5.64108507219367","-2.88375581059933","3.57751692344954","1.06883215552029","3.35530690055998","1.52073997447242","-5.62123444851376","-1.00071911648469","4.35253872759543","-0.051127082112416","6.44333317668379","3.11552662238813","-1.07537634279783","-6.87770982289044","-4.33159751408264","-8.88188284221743","-4.15087883350528","-0.541495552758882","-5.12786383251928","2.40102159124256","0.0843730613432438","-3.11816543695051","0.844076793958018","3.55838795841254","-6.65305553575168","-8.78920100578531","-0.761507136088433","3.30962234129592","-5.50098261257523","-1.17913292007641","5.20618412413267","-4.91173123507889","-2.31590002537214","1.53117086493624","-8.28173886843913","1.71137644650041","-0.494141375567957","-2.11550453480533","3.39351339582657","-5.09120474078019","2.93052761059758","2.72810047560064","0.66925782737796","-0.711289080059998","-7.41969701624328","4.59461569706369","0.136895879279086","0.809249875739463","-2.51718538471209","-1.59150990976396","6.08212658538773","-2.07993321104495","-9.45466875087334","0.641417056717694"
"Random_Index6_32_0125","-3.22652989716167","2.2649827636263","5.64048953198526","3.28645157129764","4.92894999335356","1.9626273552454","5.15551622770782","-12.9556191075038","-2.90134594116122","-0.371881247980941","-3.86593547705624","-1.34106623642025","-0.736219995444877","6.97089308095958","-1.5389271818246","3.12758682236543","6.35894032976917","-4.63701579978926","0.0869249003325658","1.09820108370709","-4.29335845797395","6.96513195278224","-2.23767428308337","0.24804369019302","2.38758560823952","1.04839687588209","0.502602670737866","-3.83897522619728","-0.541569747934598","-1.09477583399692","-3.87343031641477","-3.16010889375258","-4.10804176135933","-2.90816065812508","3.20097866783516","1.60568802010801","-4.09920563505144","-2.99214442126869","7.02720066974839","-0.00355396866619413","3.41610753175017","1.31465332293306","-1.33052130093996","-3.74891729298007","0.242338664972922","1.23459677562203","5.04442534248182","3.44382127620915","-1.93389165693136","-0.415492493817049","3.57407542342885","-1.45619199826951","-0.830605153215469","-4.49025835464437","-3.55974454030376","-7.2088480423396","-1.93550950546866","1.19403869705467","5.16921447706807","1.31583030926751","-3.1451327411995","5.93915955967824","-2.81895903014995","3.76978198478999","0.997908493688045","3.43771370305821","1.5046333336984","-5.87941595654708","-1.06993271958215","4.55560591990507","0.00558922713012682","6.64416603184214","3.4138296699011","-1.0371778390184","-6.86680406722072","-4.70995321077895","-8.75445907380022","-3.88486240234786","-0.511730667172335","-5.0115593309409","2.45823553386719","0.0997789194542757","-3.02812429177537","1.08575821575769","3.78853426394948","-6.79325993440207","-9.24077253528539","-0.905011056751161","3.57735786916095","-5.55294712801068","-1.03225744130289","5.52764608470429","-4.88147149660258","-2.08404648962707","1.52570913083842","-8.41747261454363","1.79517653768136","-0.507036029181629","-2.30991442379367","3.47271088554795","-5.07097329494664","3.00666398987835","2.86877056687993","0.694129108388812","-0.770233478227152","-7.63180451307393","4.80230274886584","0.183502208773994","0.770701935698256","-2.72287203590012","-1.45584849776977","6.36452544731188","-1.9743433843752","-9.5366080848779","0.832043567650647"
"Random_Index6_32_0126","-2.8816896990628","2.07305292733831","5.55429965804761","3.12696508510246","4.7941095162428","2.05783531725292","4.9888530799485","-12.9244100421241","-2.81975825472386","-0.203613154796673","-3.57477341546301","-0.862161551388429","-0.566055342706404","6.82579634467204","-1.20369646118223","3.09270104726996","6.39784633628216","-4.64272746399432","0.398226535782866","1.05614660831429","-4.31181785576076","6.81375076958303","-1.84176829521051","0.105455231690039","2.16826642723507","1.19550186478335","0.42815492267389","-3.59500596937066","-0.476550550999181","-0.750723976875608","-3.88083581780947","-3.07138547679991","-3.94603652686592","-3.12691608740699","3.23951330668166","1.76673695698211","-4.56487693049623","-3.44000630876725","6.91725531102735","0.207091445340261","3.28987144653246","1.64530036022529","-0.806465952559271","-3.32639611397224","0.204621697062614","0.870055522966335","5.13443484248411","3.18848103995788","-1.65692308420634","-0.764100446461007","3.32822732891272","-1.17930486012526","-0.576883948652603","-4.49470150844875","-3.48857055661783","-7.16878927628252","-2.29695021627095","1.27323916112815","5.02006699415444","1.00363042441062","-3.17541732920319","5.79909976568013","-2.79788478203085","3.56387955357374","1.28971358633296","3.44938735636769","1.55697216078247","-5.64234516664564","-0.973188089363552","4.44152320376395","-0.244077027610215","6.59185957711317","3.10829476131567","-1.12039228911028","-6.86442079898737","-4.41843802764875","-8.98272921367381","-4.14526242591516","-0.306572076373617","-5.28719972648482","2.33839062038261","0.262822909980892","-3.09041438564085","0.81367117928729","3.5578247828016","-6.59244978430929","-9.02462235884936","-0.545970122143088","3.35938801422613","-5.68098814369313","-1.2671797511838","5.30998119687963","-5.02794396810933","-2.1551943129864","1.50584536418528","-8.36585778488144","1.73736084256555","-0.243564086092492","-2.43002926595698","3.71680361901198","-4.93636746825571","3.02383171680909","2.76993346662561","0.97185282048397","-0.663209341988006","-7.39973327113337","4.51842920767776","0.435717685777689","0.676681720142709","-2.64059558166264","-1.75130657569764","6.05442004788961","-1.8144256778597","-9.4053015855802","0.831289082583265"
"Random_Index6_32_0127","-3.08613303969287","2.18548977492298","5.68033013240428","3.21259376219869","4.98312758102474","1.94611557112351","5.07141998219592","-12.9042661304741","-2.91225607171953","-0.385647234291839","-3.79543129812438","-1.31512877811387","-0.759171166506159","6.92023562101802","-1.50116992969558","3.09341989496632","6.33534756895486","-4.76025554010553","0.154436827500968","0.963787191763941","-4.20578948658893","7.01217173877118","-2.12001813318381","0.250663396704439","2.38709550406834","1.1837396012227","0.536980277255417","-3.89141636006471","-0.412905100397871","-1.01419025380325","-3.91882966118906","-3.17793167470907","-4.05173931665241","-2.95582732648834","3.02849353369115","1.65871351885339","-4.30318775775816","-3.15338638657325","7.12585536589467","-0.00419219211965159","3.46979935241497","1.26478261759872","-1.10999236666779","-3.61366780726354","0.196008293943754","1.23574685398741","5.23713283173146","3.48235775499608","-1.85415947939958","-0.531888271210503","3.50278028689207","-1.41722317764883","-0.850130053092749","-4.39545748668855","-3.44408238359243","-7.22429653536098","-1.99972871934301","0.985355147791489","5.21999546297484","1.18701605685627","-3.27937345628617","5.91929475014953","-3.10697402915265","3.74225616394353","1.0125675857711","3.22478243584824","1.53182019970356","-5.89122160922562","-1.20173598128169","4.52030543310764","0.0537288861737791","6.66822939354925","3.33811703482359","-1.04175815207071","-6.77358951709457","-4.67621237170333","-9.11242618973711","-3.94001155346475","-0.358584977921151","-5.22625262276241","2.45293843799107","0.184302786114992","-3.19151054799953","0.940874329235756","3.81186158429178","-6.81110900948928","-9.13744297051861","-0.822156425796227","3.62214651503878","-5.40512726014901","-1.13943366275498","5.55375221230434","-4.98150331712984","-2.15838591653246","1.51471489711778","-8.34044750508749","1.68928485113629","-0.506575331880239","-2.12132913545715","3.40061292299351","-5.19425672281503","2.80180256851596","2.95972962814825","0.600582469431303","-0.601491652504854","-7.48473299908295","4.79897967210545","0.108289141249152","0.90774072003377","-2.727493948344","-1.63474775344161","6.30628029164675","-1.94984230536328","-9.69563234229805","0.782307134434679"
"Random_Index6_32_0128","-3.16948245781395","2.23880443117686","5.63370885153681","3.0953699985827","4.98079130598806","1.96382660553298","5.16652223176588","-12.7822428553472","-2.81432860160655","-0.32412212135267","-3.84008145704796","-1.18007640223372","-0.531373831283688","6.96023160090912","-1.49290218741687","3.04531343758124","6.3474325688406","-4.84102462193557","0.260872755907576","0.999271015601028","-4.33437686127931","6.87483337540515","-2.0372062187494","0.205756189159988","2.38534380289707","1.40437684206788","0.454396422509318","-3.73828631135843","-0.432152194295654","-0.969107918007296","-3.83964332882248","-3.07169730941132","-3.97581364590895","-2.98717716092331","3.11152542615496","1.63172046509582","-4.23554651989031","-3.21329821274012","6.97857004435013","0.0611389958037915","3.42458047573891","1.42676020929627","-1.13974815015229","-3.69964086032875","0.249480375108845","1.04293710208586","5.13603078723519","3.29990886829644","-1.96200936431317","-0.631281445622828","3.56954072081346","-1.22173286459521","-0.644991849568618","-4.59236645496686","-3.43712427900713","-7.23742823883211","-1.91046238904525","1.11384255662031","5.08409560068034","1.04410954375767","-3.3108991799171","5.82088723032538","-2.92161377498731","3.66488813914992","1.06311518568745","3.36416027268922","1.63396573423755","-5.7973113102707","-0.984473431200204","4.42499504901459","0.0487819903866261","6.60190539662198","3.2745883551648","-1.10948556075221","-6.91017145781925","-4.59936450433297","-9.08275001653276","-3.9973083613168","-0.477290994685932","-5.25224315410536","2.38136419095024","0.106420120508331","-3.08383938651231","0.872081519341194","3.67298798365905","-6.80654176615788","-9.1063193447555","-0.802320899017955","3.58652821147712","-5.77221324872778","-1.27271400112018","5.5793146437931","-4.84882648535835","-2.19725095392537","1.58381841613396","-8.49674671856558","1.93508863798845","-0.488246210467578","-2.12074905187558","3.53527425504219","-5.06643036882774","2.95013362942784","2.80493224233657","0.686449790456421","-0.818637193974514","-7.54772661637085","4.66450519560001","0.215475926134089","0.629019626866743","-2.72124943574867","-1.55260040248352","6.2123167075732","-2.01574476686642","-9.66339595712673","0.749840305542581"
"Random_Index6_32_0129","-3.22098612116036","2.33836473063487","5.52360003839521","3.01575236909365","4.77639945625115","2.10636012426159","5.35260924456573","-12.7988048675612","-2.70563334547984","-0.396574703330275","-3.75716530628495","-1.30973966225635","-0.798131787230339","6.90314630590062","-1.4906768692123","2.90220557300868","6.47232276804595","-4.68616672810009","0.318732919788922","0.877390139065766","-4.19650403357617","6.71261382544872","-1.98706098390602","-0.0730102772371924","2.23168555805526","1.08203613101018","0.325093762542874","-3.99147647514343","-0.565159437728403","-1.1819491360626","-3.90099167330086","-3.11521167635844","-4.14033366089826","-2.83258238093642","3.19390809974532","1.52781599749821","-4.07472110146639","-3.11047319291897","6.85169024368878","-0.0298385424192629","3.36497202341718","1.36469789972499","-1.43721763900827","-3.7423377934355","0.0142053061974852","0.968843102093196","5.05426636981418","3.22977755492095","-1.70947354647988","-0.707884779620642","3.49815696609529","-1.47064317765581","-0.755208871565295","-4.75485099813724","-3.57399441734575","-7.17747514309592","-2.23133787337916","1.21618942980682","5.19612906851472","1.32766401943882","-3.19954778085654","5.99218676136005","-2.86571355314871","3.74371972136221","0.97622223783725","3.54068464481145","1.54371981389832","-5.80363603250906","-1.21216238371901","4.31764566462723","-0.0802952073638701","6.48826715459506","3.24118804462159","-1.15795269277004","-6.69462804346612","-4.43849593197422","-8.91029186701232","-3.95422565942422","-0.444796007784133","-5.2350206236534","2.42300852845711","0.283134282719058","-3.00945184546141","0.802024585835356","3.73457316660797","-6.67977347088146","-8.99166068082084","-0.914360724477735","3.51294691709379","-5.55656851582326","-1.29891680706379","5.25915910286657","-4.82897632430039","-2.36509976847227","1.26390786796666","-8.40179497783774","1.7419513772444","-0.392702690579833","-2.20629530145765","3.53542314439947","-5.25789584092775","3.05919817002944","2.7789438599393","0.857701894034705","-0.697823900954062","-7.68410651387593","4.62445009059944","0.323479194695927","0.946506342060819","-2.8421345905187","-1.49501473759282","6.29283001656867","-1.89257256073154","-9.93202018199386","0.919827518623314"
"Random_Index6_32_0130","-3.08493405423914","2.2081012658686","5.75242325727545","3.27145059056523","5.04615977819838","1.9632972017065","5.20019304892706","-12.883157740944","-2.92072497528749","-0.335862728212334","-3.91138608016992","-1.34394575737037","-0.709691644968229","6.95415942668367","-1.49367350419568","3.13609392752678","6.26860339693665","-4.90535490116108","0.0933139613990748","0.912338698790649","-4.37213411379213","6.9643806858076","-2.05363793431773","0.0317905685546873","2.50250290999514","1.07332860921681","0.428466190634486","-3.89616888827515","-0.506192312178826","-1.1054010550284","-3.93106747596038","-3.11181583808965","-4.1405250162668","-3.07159220144594","3.10554571587583","1.6310282967249","-4.15008656004538","-3.25689108478837","6.99930416996331","0.0299089278616579","3.3449677295316","1.3898166255121","-1.39170171162142","-3.67224200467114","0.285387260409787","0.999975416208045","5.15348072420147","3.44437369059156","-1.89763366379818","-0.51897431862423","3.67116091088489","-1.48804336004539","-0.802038090088086","-4.52700261307037","-3.61758322015882","-7.01358346696865","-1.95227052812967","1.20341440195386","5.17523076024073","1.11018869574037","-3.18299037743561","5.9661488273957","-2.9753571046609","3.77364003013721","0.877371882652342","3.31056559727486","1.45702041802066","-5.70481658540011","-0.897854146736375","4.55198712461791","0.0121606293930205","6.63290637566464","3.29730922494912","-1.11519484064413","-6.64728294724706","-4.58380318419144","-8.88961862213123","-3.90873041156151","-0.512000964445482","-5.21345565931227","2.6659305473336","0.149257742900146","-3.12942309431217","0.927123036085208","3.75419395614566","-6.74810193718654","-9.23094106663094","-0.903448933011277","3.57165957782508","-5.70934828602814","-1.01863939452375","5.33735809827808","-4.95338172814147","-2.11770279498113","1.47363804057368","-8.32890605281926","1.76569758163132","-0.505746126326279","-2.2747424765118","3.51906161018528","-5.19491461514149","2.88946794992305","2.98675913303539","0.634988239329312","-0.802607012769588","-7.63179735083703","4.82898581983446","0.322951698717166","0.911167157433953","-2.75739402435888","-1.62440984195429","6.46523736276413","-2.11326935296621","-9.73322725328886","0.925874936262029"
"Random_Index6_32_0131","-3.18210390949569","2.23720760588175","5.73247470419986","3.3624884363437","4.89348455410116","1.96035409087505","5.21906652165902","-13.017346542986","-2.76037173489269","-0.459361655954313","-3.93932448317719","-1.27076895206195","-0.792501366680694","6.89608700326569","-1.59386775132533","3.0051633754305","6.21875661105241","-4.75931298281747","0.0229786832003113","0.753532430370931","-4.1077295516534","6.99558574588218","-2.24562841894043","0.082909054244498","2.63172054258987","0.948702143576683","0.234353631028229","-3.90194964401367","-0.328864183346888","-1.16848590339608","-3.89439612283746","-3.31106730846439","-4.12237450645788","-2.77937279251502","3.17018203919427","1.59005181988259","-4.09053577321166","-3.03874032632822","6.97968060781588","-0.188650974308272","3.32268119614571","1.16004284988381","-1.54654521001296","-3.70976524650368","0.246542741473667","1.00793026821878","5.10028624675134","3.45700902173863","-2.113293304066","-0.372157674916859","3.7424217160561","-1.58661473716486","-0.871879034801453","-4.53871487190918","-3.57759032371299","-7.0631077194089","-2.14159343905674","1.18505914970308","5.23574081668266","1.0713108911792","-3.07315954174591","6.02429781848678","-2.86481519392019","3.86599228578159","0.980423470003947","3.33160890172892","1.2576512500194","-5.85482280926522","-1.00669425583937","4.44348730425967","-0.312473079932927","6.63867371395622","3.26425897644431","-1.21590534774419","-6.87729222343081","-4.54456606051187","-8.78877514091706","-3.75404338288769","-0.541711009605438","-4.97527423386344","2.59176466334898","-0.142690925572902","-3.24531200646259","0.88114706256677","3.74440645617719","-6.71689771590741","-9.41394576309323","-0.849715572774007","3.6069925477814","-5.60562148468208","-0.912890272509863","5.44232679766495","-4.67466548710809","-2.18180221070659","1.44415254445492","-8.30671976767813","1.75631943232158","-0.562140182551384","-2.39517463736934","3.46512620166872","-5.12460733759547","2.95341725394234","3.05750231718115","0.599385853214058","-0.938381909602847","-7.46666459080644","4.92839315553326","0.129258981129838","0.859733095359986","-2.71467459491056","-1.41457569916662","6.4311275913682","-2.01339169236691","-9.56303042131482","0.562282834190738"
"Random_Index6_32_0132","-3.33693747197057","2.15353305543193","5.63097714805791","3.07036633845456","4.72019536023082","2.36169709893602","5.31913243384232","-13.2122342676139","-2.61997043892023","-0.244797287084215","-3.68634898909862","-1.3805583026442","-0.605564846798115","6.71759210784356","-1.32744915062821","2.90934939976051","6.55038441185707","-4.6900323856575","0.270759071599906","0.780510761984729","-4.43809724677963","6.58107785299993","-1.95701085574697","-0.157289848514193","2.40845099862257","1.00773043470063","0.296223458457951","-3.7816327613298","-0.590558775989253","-1.02509248425399","-3.74972813511279","-3.17337160154583","-4.22740993572502","-3.07221698723238","3.47801644043527","1.6151344240416","-4.16373966317014","-2.91461165201353","6.84435686793966","0.142021686217859","3.19353036122905","1.42369029833176","-1.35410072705926","-3.50629379155652","0.110575236489913","1.1648126582868","5.01098408572136","3.27938090001621","-1.66301269916965","-0.504281790956645","3.35775121098345","-1.36491044151162","-0.77910780625451","-4.44486076074766","-3.51711302687011","-7.22764769742177","-2.02763914239708","1.47840483966303","5.0637111468449","1.36109313757909","-3.07169834325247","5.87868752940378","-2.6005112436007","3.56641440896686","1.02387324981332","3.77748620398843","1.59964871725445","-5.91610042705338","-1.06394335815235","4.16754897106502","-0.301192403493243","6.55904662570087","3.40246368997747","-0.89531004559571","-6.58287111659567","-4.59809650918021","-9.06722430859761","-3.87280511434112","-0.231203771662691","-5.1011023578485","2.45901995913464","0.389250777288121","-2.74155270401176","0.877698804179085","3.57036118922021","-6.61758479941707","-9.2701990255516","-0.876990144796661","3.57486764615776","-5.46352524424825","-1.04754830785194","5.22756086057375","-4.82489297350757","-2.14583768525956","1.32888799618831","-8.39187551052871","1.59467580544925","-0.283023468452755","-2.38468345133978","3.8066083951201","-4.91795362025683","3.33044874649056","2.76473746817794","0.865632841418483","-0.72105647726665","-7.77777283335231","4.62292673119007","0.41319178730811","0.923676454145193","-2.81528764823104","-1.67060719265954","6.28865559236077","-2.05670571776797","-9.59889343056638","1.21617068962658"
"Random_Index6_32_0133","-3.06493424720053","2.13871969261249","5.57847572246595","3.02927684439691","4.9953751171767","2.2431791400785","5.1353667041368","-13.1888926142611","-2.96950483374607","-0.0542055992245636","-3.47758701940607","-1.06596777850385","-0.407773378502419","7.18301615048205","-1.16281628023974","3.25678614881975","6.62557887954887","-4.84925576779418","0.463229546159234","1.00805566867524","-4.80088298472873","7.1533388500176","-1.70614821125377","0.13376050749666","2.13595401524652","1.27383005442004","0.488275727478038","-3.6088122906333","-0.617642511473109","-0.878445992373207","-4.04894079533747","-2.89509419123017","-3.90134388590927","-3.20212354548209","3.46185648504718","1.83007907266518","-4.59226139901664","-3.41206529215783","7.12826282787024","0.268110559655261","3.1875344071258","1.63893759922949","-1.07900336606063","-3.58216931674383","-0.0091547295731627","0.853357278005525","5.27248137137713","3.21657655590662","-2.1572756591971","-0.762692335852486","3.45592423845594","-1.34587322040159","-0.654549695968113","-4.39252779771488","-3.46290768986438","-7.35381292937546","-2.22715752743343","1.35792617759447","5.08773866899062","0.944242635688582","-3.33782302084139","5.81905547294639","-2.80198349906775","3.7418372910715","1.27387050181645","3.77924112160751","1.69892847120655","-5.89035839279422","-1.02562022567558","4.58015561546348","0.0156000531570843","6.90665436172299","3.06025612898236","-1.32957963680033","-7.12159715009076","-4.68405052733921","-9.2805124593026","-4.25182521343203","-0.374501421334039","-5.43055157656968","2.57276530221325","0.583735245304731","-2.7818468369187","0.929184604040874","3.8877435636117","-6.74238750571797","-9.39104674724117","-0.619976536926618","3.35554578429762","-5.69305524152365","-1.09928479174977","5.43671616326677","-5.06961251972709","-2.35550545545259","1.6180777919938","-8.7092596447579","1.67870397698776","-0.307776301390592","-2.29663886658021","3.92536566695189","-5.06540914813452","3.36036100286329","2.88865261110736","1.04644950116322","-0.841991458284476","-8.16887244826647","4.74321914423082","0.583493644713185","0.703893536739022","-2.64333188821958","-1.73648998047737","6.43955578914919","-2.38365432713404","-9.72544744847816","1.18368865319499"
"Random_Index6_32_0134","-3.0173008508341","2.10575899859615","5.59188929781204","2.84773233914168","4.93525090984562","2.11227942856464","4.89677482712119","-12.7770987702495","-2.8913678259628","-0.0736951330635484","-3.62004280481384","-1.00078832446385","-0.401595449952495","6.89986011475644","-1.27758879616647","3.10784607367778","6.13513114945308","-4.91973209139874","0.49923772472938","0.931088867789574","-4.33748180641782","6.71114593267106","-1.76591833305973","0.140033019778026","2.14676102837837","1.31990198263643","0.507902194723895","-3.53527975296648","-0.434295651511798","-1.04021000597328","-3.96725070293654","-3.04879734301541","-4.11890439526702","-3.22457057329533","3.10611530542185","1.78057268962925","-4.46839768067968","-3.45556887190977","6.87222145790118","-0.000221962838973416","3.25118005153434","1.51324481315928","-1.33963878211817","-3.66135145141765","-0.00867083034522404","0.705208795144408","5.0477048884211","3.08768829749238","-1.84695555120834","-0.78427528581213","3.52839681097112","-1.15377441320803","-0.611379862005702","-4.40637364551493","-3.50377864776785","-7.1787970686306","-2.26383153194865","1.25444515629034","4.92701601994211","1.06146551652143","-3.30666108758125","5.77466862732066","-2.94084399078636","3.65112789453201","1.07006865788188","3.29173526983734","1.6228348777982","-5.68973846737817","-1.0777560088475","4.22009353380455","-0.0469023329386261","6.46421742280413","3.06896805680934","-1.59509447366953","-6.99457495036233","-4.30168401095657","-9.15162954272906","-4.0698026237204","-0.395528041481208","-5.25522134614098","2.18956188459322","0.434603905723856","-3.07268582027541","0.689643442706036","3.61988145273772","-6.62028436730956","-8.95162688836916","-0.736003280492482","3.33406158285198","-5.97446859838999","-1.42895378071964","5.42350849152233","-5.03352790457138","-2.26142782150526","1.5201930228312","-8.30232079584519","1.83680670754892","-0.425151143295744","-2.1389445935982","3.57989366952236","-5.12412724351109","2.90540758431369","2.73159797421139","0.893216196129603","-0.859730095927378","-7.52948578156393","4.51480213164519","0.265805295830846","0.634333417635131","-2.89703958147243","-1.82658809189716","6.05056264820048","-2.01279586558666","-9.7622082137622","0.780068218496375"
"Random_Index6_32_0135","-3.18589599864596","2.57119348809226","5.77513741233364","3.30795317663496","4.94534370438805","2.10727288568349","5.64217960012108","-13.1055063397563","-2.70651713305847","-0.249722933711505","-3.89216493507247","-1.1928880409956","-0.57847663728499","7.20380382117831","-1.49347930548811","3.17237122854888","6.35173274972845","-4.81022336301358","0.138853307951471","0.954194968039196","-4.20261100835181","6.95800373360854","-2.2516239724037","0.117198945740693","2.46453971161371","1.2225211872038","0.513245732265555","-4.06715174940061","-0.376272197152759","-1.24098549474174","-4.00972353109412","-3.27893740221024","-4.13319161225811","-2.76187339237128","3.10269007617172","1.74582490188916","-3.96054670697069","-3.01836959803351","7.08369807667939","-0.00571453335970038","3.43602260910855","1.26568619780435","-1.3887503731715","-3.91433836815584","0.175466497344696","0.977594654925111","5.19889886387455","3.58590995627641","-1.63506654128205","-0.664840316481701","3.84202005139411","-1.5740083690493","-0.840960625101432","-4.72258743257775","-3.45616691650675","-7.05589411357318","-2.41122380695274","1.00686954738888","5.47030586944699","1.58524617632387","-3.2460621339231","6.27692658882227","-2.9821862472858","3.75441946693319","1.07127145946314","3.52238190358742","1.7267594443406","-5.81111306118373","-1.15897426992553","4.39301046121048","0.3783231833024","6.62787513505068","3.2915289930906","-0.972226936973444","-6.88579658427135","-4.46222436573482","-9.06256489577133","-4.04395863526243","-0.388033620712342","-5.05989881708255","2.43264154758037","0.126524287108222","-3.10466678470784","1.05783144361155","3.79279634588106","-7.01683025369489","-9.44240285507176","-0.820663722994066","3.77099245406177","-5.4554536769015","-1.05368095458215","5.43722294096065","-4.75584779797286","-2.2680591803942","1.62199342962422","-8.27051991757849","1.71930256026901","-0.419109247744263","-2.22022519543992","3.38373842310921","-5.23105760892292","2.9511918876663","3.00206529755641","0.734861938645176","-0.535884390862766","-7.79952720858775","4.8875564472527","0.202199094171927","1.19863122504807","-2.89605759970178","-1.41136789989089","6.50008889654104","-1.97877267240884","-10.0552512692031","0.830955738752136"
"Random_Index6_32_0136","-3.08962139303444","2.17697084885042","5.56661752478352","3.20131076375903","4.79941835475031","2.13471370793957","5.01624086600084","-13.0445448739134","-2.91076770557119","-0.288127760890038","-3.68994893721719","-1.18458060223768","-0.580048653552669","7.0374220685419","-1.42447748493501","3.27738933946749","6.35450022372033","-4.71965562122464","0.25851598254381","1.04143322972767","-4.43509686497038","6.88778899644392","-1.92298406542842","0.0562641626747177","2.24240311735251","1.17024576067516","0.457353915940628","-3.65640311504259","-0.63057457369673","-0.98477298182899","-3.93803873668229","-3.10232199630696","-4.25759246175071","-3.16479347538098","3.13221001815864","1.84824010861575","-4.43398190516574","-3.20943164847431","7.10621906457253","0.272122588322661","3.34067005527927","1.55311301007067","-1.13622640262867","-3.33610378130518","0.156523114211907","1.12205454060074","5.08839749460672","3.27492724925511","-1.79720090212465","-0.689998282099512","3.44895784344647","-1.1760126869221","-0.760066099937953","-4.29027216201181","-3.70694805779916","-7.35625539366136","-2.0150535887148","1.06047917935189","5.03058259370478","1.04111191227483","-3.21529405575221","5.85742512886888","-2.77400958692843","3.61246177554013","1.29493045881069","3.31652545277146","1.44486625454848","-5.82072201676535","-0.965851660391544","4.45130837767508","-0.276042867990212","6.59190238779506","3.18282139590388","-1.02035581727911","-6.98621623132869","-4.38148814127372","-8.93724821517894","-4.19834902011464","-0.467453424496819","-5.37535785771224","2.42145498990418","0.225035613924926","-2.98609256945768","0.953312352913288","3.77170536403489","-6.71862524601916","-9.35341363150353","-0.714809452758274","3.50809823139289","-5.58681792786982","-1.10126449979616","5.45641247032192","-5.01719477494463","-2.21648069554694","1.56563222938386","-8.68917451173009","1.64312134356102","-0.322699436180474","-2.49288757481649","3.46129148611985","-5.04909117267758","2.98530829333798","2.89480394113344","0.977070778320311","-0.671411599540813","-7.79859234242628","4.63295507826497","0.345292320070443","0.444158311925444","-2.69211521965641","-1.70828106314592","6.24031569739261","-2.12179916662325","-9.60798849420448","0.932166401537619"
"Random_Index6_32_0137","-3.1002484572505","2.09775618945791","5.43187911848075","3.04783671198491","4.67282006876559","2.20522671893381","4.99418395435091","-12.978413810949","-2.61508506857421","-0.100596378376428","-3.38414582964806","-1.01828636377437","-0.277103963211417","6.86014041473645","-1.05635031314737","2.96087052331548","6.51681049256648","-4.63905145199125","0.452059088044368","0.746599758612484","-4.39460762337343","6.70530335697351","-1.71346332954715","-0.0307137574543975","2.17894749208784","1.04382240207064","0.18381302045041","-3.56111093222146","-0.646566992297147","-0.689187970570073","-3.60590200599178","-2.91649636310927","-3.82148362941849","-3.02981399537691","3.40820352864234","1.67966027001032","-4.24432691031848","-3.1272475572296","6.9477517883426","0.187126984655908","3.11266632864669","1.57703651480467","-1.16697704712175","-3.41417661840903","-0.0810431237545001","0.911337344737325","4.93974464436385","3.31865385641296","-1.99315157098683","-0.5845636258655","3.41081258423031","-1.17460058147831","-0.4871262112696","-4.47891532388446","-3.5511951767124","-7.05596073408673","-2.29395009498933","1.38921370093926","4.95372269933174","1.06360906259277","-3.11890576665571","5.74112917729336","-2.65447271525537","3.57324040291798","1.13331405125754","3.74045803894247","1.64365570932795","-5.63835917076219","-1.05541464993226","4.29061917402695","-0.162691684086256","6.59671717218351","3.11485376307972","-1.23225707096026","-6.83178853479334","-4.38990538838256","-9.13797166084703","-3.89035415666115","-0.271539426896547","-5.3345948462322","2.42147991142791","0.482754613488363","-2.89180814295784","0.687975669194256","3.65384795363952","-6.55382434981604","-9.0150249268822","-0.671461974880374","3.42840542992802","-5.64314559065018","-1.2165553531534","5.25464386408406","-4.92200370157991","-2.5198183289978","1.28984489205786","-8.48201082293453","1.62159409850604","-0.114955424887747","-2.35898519123234","3.70704201382088","-4.84117805463067","3.18839519139813","2.84679555372145","0.939091318249662","-0.771748937756842","-7.60112764663798","4.62638680515395","0.550683873577918","0.766741356262534","-2.6754147280523","-1.64910231842904","6.24147933969769","-2.17712007414753","-9.536580023632","1.11490414643434"
"Random_Index6_32_0138","-3.10329311913832","2.20671676218711","5.72255514449118","3.17070080360762","5.04385175117485","1.91244527089513","5.00991620982486","-13.0366987788248","-3.32008730928689","-0.220327167731648","-3.98415792761389","-1.30689080752263","-0.733152677889417","7.01655982058298","-1.53465498438494","3.3679180715629","6.31522464856059","-4.77201682074492","0.100742683836331","1.01694145013901","-4.55367747868543","6.94984805243145","-2.1275994064278","0.252607868902522","2.26017130050147","1.19023097241286","0.454986821522534","-3.85264362899757","-0.389469355429799","-1.17003941069069","-4.15078113208088","-3.18780971393882","-3.99278169608551","-3.17370213460724","2.89962532650279","1.89786741607365","-4.34864921476436","-3.4672306043698","7.04659574110829","0.0947281039720386","3.34800445841768","1.30425898871884","-1.28605766765891","-3.7713771379949","0.195890523392865","1.04367671369503","5.29479772980163","3.29022582675102","-2.03276700550908","-0.570473949483424","3.49373557229503","-1.4107258097334","-0.898397131682619","-4.27882221772646","-3.52080843406092","-7.29271484415003","-2.05695610768736","0.962190305435681","5.0931481759382","1.15024184197213","-3.29127371954791","5.86190553486654","-3.15631561355455","3.73423675082317","1.15895315747298","3.18242492001293","1.52995177029986","-5.94928976220047","-1.03443790988864","4.63609638173901","-0.156507831744528","6.57598252798076","3.16494576158015","-1.01373132605893","-6.94414807800846","-4.69367932339217","-8.99007797945431","-4.28642569087161","-0.582181041108218","-5.2568071418734","2.39593606062545","0.204156427737343","-3.16087861721715","0.998154235191021","3.80988593164063","-6.90153352486903","-9.15035673998233","-0.749217341960764","3.47168970986956","-5.69231056820985","-1.18541533602528","5.66655540882113","-5.01279059001476","-1.91091076407264","1.59753196252568","-8.47180435369121","1.8766053621236","-0.549965076752482","-2.08408677555282","3.37385661623922","-5.28988034864285","2.8579341387092","2.83910681222541","0.722830430059323","-0.759221572637893","-7.79517068572268","4.67630523075447","0.0649237181020891","0.637904420948164","-2.61363570482923","-1.63932499713728","6.20427254009402","-2.32526404235485","-9.657317543703","0.792625381458607"
"Random_Index6_32_0139","-3.1017763117009","2.16676825997774","5.66894002596002","3.2080576754342","5.02480062033232","1.99320288580337","4.97038016083207","-12.931958550002","-3.08463218623244","-0.176914756330111","-3.71882528201388","-1.04309493158691","-0.651669712415649","7.08918040084419","-1.3446870623613","3.33607666542582","6.31559074185221","-4.71299800365637","0.268546353193149","0.919140250698157","-4.39194911429123","6.92655607841093","-1.93374354030305","0.21201377262399","2.21739065599269","1.25490070401911","0.69486436340014","-3.72437947750027","-0.421748872208803","-0.876443298076217","-4.09358357753029","-3.02642979074605","-3.8736468968328","-3.0713833040125","3.0006257976262","1.80794213455072","-4.71213789744627","-3.32373649217463","6.88071057652801","-0.0273683165223109","3.40056411421028","1.35430210496578","-1.14018608342034","-3.62576841717553","0.281006620468421","0.847636534401998","5.13828847605434","3.22592476749004","-1.95204878130004","-0.732123415344386","3.49750688566745","-1.33781180932444","-0.691992192817827","-4.39186767527486","-3.54944820251676","-7.33647588629224","-2.27482336003599","0.991361866312268","5.0697879065075","0.986120044086023","-3.40923348572428","6.025112881334","-2.92687502083865","3.67299081326617","1.16442958483106","3.29342617849489","1.73263767670206","-5.80409342172057","-1.04895227496088","4.56598778194676","-0.0559618325712627","6.77269570478519","3.08039763974459","-1.23289568582405","-7.01300738061736","-4.61917570323555","-9.05552072073356","-4.34048959966498","-0.591834993412448","-5.31132631288427","2.32874264630225","0.21407364038167","-3.14071871043936","0.951152980924908","3.74391247693549","-6.62812142919897","-9.07112528738837","-0.645454531453425","3.33994524188076","-5.5191320178779","-1.17503598432424","5.4250626960625","-5.04543305876982","-2.26705635882519","1.64775563442454","-8.42494604145736","1.89269082080923","-0.492872083804124","-2.08875652852808","3.47435916380718","-5.21660763327624","2.94913761505424","2.83954593134575","0.677859405353238","-0.743316046350611","-7.5435386463171","4.73455433319847","0.186473721616449","0.768803199089711","-2.53238002682904","-1.7709306123012","6.19908811088143","-2.18201334533127","-9.60019368887171","0.640332070103553"
"Random_Index6_32_0140","-3.00512414262579","2.13844033133266","5.48644601580565","3.16438069065947","4.81146630649845","2.03878069617322","5.1748168632318","-12.8416462208695","-2.91898462686687","-0.313791244185187","-3.84211428089167","-1.28652790591494","-0.680897151000193","6.82230383834807","-1.51837378175335","3.13665365490135","6.1155856215016","-4.76976518654864","0.228151608642457","0.943176537511726","-4.29320660790963","6.80530204320698","-2.15146143151739","0.15672398785171","2.34700766487195","1.34911376925575","0.579274000575252","-3.93068979729312","-0.442316561934467","-1.13603448338427","-4.04808323212696","-3.2692100913725","-4.11625376172367","-3.00153292683125","2.82417276108203","1.96296521831424","-4.19074360642998","-3.20106750548985","6.90366659920145","0.0920751481803969","3.24055311257085","1.27077567520702","-1.34681005139783","-3.65382309725132","0.111925928183441","0.932887547030286","5.1039256053233","3.39159015857591","-1.94552141376752","-0.645800818363644","3.5718248996572","-1.39159221547519","-0.839416826877201","-4.2485099791255","-3.5362666097788","-7.07278743671753","-1.94569680381009","0.893445059367573","5.05658166559457","1.27751934396277","-3.12071412872043","5.74837881564414","-3.00227893210679","3.62084875878216","1.07277132437671","3.15279108463168","1.57498747726911","-5.73054759825788","-1.15246980865418","4.31782588502577","0.0270349711370319","6.48926343159775","3.10612303181217","-1.24384420380726","-6.7212239847489","-4.46994032570823","-8.83705718320695","-4.0613821173611","-0.48370911221412","-5.22809639893601","2.41956682677405","0.1474744984819","-3.08646832588938","0.967570434869993","3.72796202457012","-6.76383543725523","-9.00357327187515","-0.813255857762806","3.50953598574857","-5.61887409437387","-1.05951753882109","5.36379638007939","-5.16863221532346","-2.17745315135824","1.53896394156023","-8.20664246584951","1.65361965307438","-0.492979723225845","-2.11614335020523","3.23359572130468","-5.19993975184411","2.75946593746945","2.79450820449935","0.695952195039024","-0.646728794170296","-7.56599522977895","4.66160838573192","0.199371616520744","0.865361230656875","-2.68706567168202","-1.68842887896238","6.18759800486962","-1.93708077280936","-9.61034461779093","0.824232413537206"
"Random_Index6_32_0141","-2.80760962108513","1.92174387270229","5.37165875763339","3.01494143212918","4.60924538064865","2.08649312479226","4.98031237243548","-12.7248697547597","-2.72897653261535","-0.118444992848124","-3.5261400157305","-0.925445709159449","-0.466625283718252","6.77243857012929","-1.2082917747647","3.03321236893873","6.20338805902511","-4.60649912636002","0.460405517609644","0.854904354937249","-4.27931157588715","6.66413578023488","-1.88318790260323","-0.136828166333284","2.14538503035811","1.20337411465917","0.25080928264533","-3.50867769715807","-0.72078189483799","-0.899711824924672","-3.70915613003598","-2.84496509687847","-3.86161914009594","-2.94295130773543","3.23582133455817","1.80146535930286","-4.22753815672916","-3.20612163425481","6.83956029784414","0.112441816510883","3.12271720597794","1.54332832799741","-1.24500078337997","-3.43160326761596","-0.214709677238691","0.818354384550172","4.94909104836497","3.0816104344791","-1.81506896366171","-0.772123358499711","3.40100279869487","-1.08600233987871","-0.499958837326008","-4.39245550755009","-3.5557515410926","-7.08307474738284","-2.27845898850569","1.22353218669015","4.80973206011528","0.990947782426964","-2.98631445802451","5.62254389965489","-2.73046402885613","3.48749845921127","1.26795418972664","3.58117974568553","1.6997364166018","-5.76353660816816","-1.0184057728864","4.14404816460684","-0.115473291590528","6.37327640427666","2.92662334590637","-1.35101488411236","-6.60654539164236","-4.20876848252789","-8.8149840881731","-4.09230806300693","-0.392734520233376","-5.09278663996508","2.31898957676797","0.175389625247695","-2.98317417137657","0.599001445578645","3.6345871183116","-6.52004225880843","-8.8472363999241","-0.56990723554454","3.26917226204638","-5.63608488978696","-1.23038077610752","5.15866017777327","-4.94462460893758","-2.37670526472662","1.29977785694964","-8.3698122310651","1.57396186675117","-0.15382155910526","-2.42657755179246","3.65233656365774","-4.82053397007251","3.20421712105161","2.73259588206689","0.872230813827126","-0.795471027356719","-7.47334852385474","4.45353921254121","0.344712385930706","0.700918030750045","-2.63084640877044","-1.65025994668596","6.08255840131626","-2.0660951871036","-9.4055343486512","0.935193948119169"
"Random_Index6_32_0142","-3.15087766500289","2.07731931866593","5.40613236944498","3.012369507703","4.78803625862462","1.82918615683677","5.22604457656994","-12.7848618030117","-3.25541010783961","-0.3342709616293","-3.78684459571828","-1.24633795049436","-0.752071826125176","7.13540444233107","-1.5568709023712","3.39677012560611","6.30187030879891","-5.01528455097283","0.160066909117483","1.15013472819997","-4.5155788657218","7.04503015357145","-2.05613939291866","0.0793201251190193","1.95822447475645","1.238129004539","0.479119874683769","-3.85360283500439","-0.446316844460335","-1.103986430933","-4.11786830938285","-3.05132693940496","-4.01355714622663","-3.22006013421041","3.0008591223806","1.83013499804363","-4.62028934701384","-3.29744552142662","7.12131077589462","0.208294066738331","3.2686041087436","1.46754741931102","-1.17417829654473","-3.8721604798098","0.0117516307673528","1.02149965954244","4.94637571663809","3.11233230217316","-2.11279428334751","-0.917097037297918","3.58012590035663","-1.39257477736373","-0.859388375539319","-4.27272861432377","-3.59425099465147","-7.5665896416063","-2.07028582651848","1.02321716868664","4.95500491532256","1.08107579512735","-3.31375160716563","5.70669794923593","-2.96391787082927","3.65762924000004","1.23508431162137","3.37920585048105","1.7546411129435","-5.78009145275033","-1.22268917090546","4.45673676233603","0.154007611823337","6.62395552714232","2.95600171799751","-0.933551860035446","-6.98456922731511","-4.67107038137083","-8.86245518232449","-4.41135998048187","-0.669999288751145","-5.43598632163444","2.32092638118892","0.176368900146606","-3.16245475881487","1.005898846709","3.85454166024016","-7.16785735519455","-9.24842377161033","-0.655521220973148","3.34461289919686","-5.63996698392779","-1.22474257065349","5.39447444569594","-5.12339572519968","-2.12802182347497","1.63812741334742","-8.44291925418448","1.70050788206116","-0.494518726374053","-2.22984234360937","3.39229080389862","-5.20211711753144","2.84323426192163","2.73091742713575","0.885734299419698","-0.720848731937878","-8.09580382216484","4.6040506370184","0.202448531939667","0.506973041704283","-2.59514372758212","-1.88920179474587","6.23786159902622","-2.35380383628202","-9.66677596494652","0.936125668318596"
"Random_Index6_32_0143","-2.90511952384143","2.02171918454403","5.41234124926843","2.98989257022958","4.70360318946212","1.96141607406683","4.80357684747203","-12.554383445917","-2.97397245041288","-0.145552425709251","-3.50589006368666","-0.995688035333059","-0.561296961853412","6.81228102596379","-1.23189698700308","3.17969824588204","6.17286659519799","-4.66217240566403","0.40071673874063","1.0100031849064","-4.34917154866642","6.71334522478068","-1.87550408540264","0.150795294510314","2.10641222572577","1.17964350248488","0.343952284184597","-3.49488344502777","-0.46664318679862","-0.843664312907352","-3.90599706464963","-2.9503152004918","-3.95411887185236","-3.08932002621032","3.03141531749153","1.76881408661428","-4.49767118796728","-3.30682296802873","6.9031369486136","0.0790079196564488","3.1682511729891","1.53639670255904","-0.997436747098759","-3.46388322186096","-0.107915265619646","0.829525391205551","4.94300639566955","3.05542787859321","-1.82948359906464","-0.746924209382255","3.40134820554113","-1.06054745161847","-0.570210386864291","-4.19770658457398","-3.3227896531333","-7.11160225243675","-2.06194710586885","1.13144843115298","4.85254577519088","0.960252314282108","-3.2276778592799","5.61685524965402","-2.87922100421495","3.46687800508628","1.27771396794138","3.22123440615034","1.64243746286446","-5.73986634715584","-0.981414395949104","4.29715064143533","-0.215913227393904","6.46981051525267","2.96034305483899","-1.25187601387312","-6.9009898037986","-4.31632616603054","-8.96495557379546","-4.2021119747372","-0.430501406431001","-5.12752338440707","2.25775970233723","0.220109935112546","-3.11960069745459","0.78772637989503","3.58951519008388","-6.60940552353883","-8.92823330181126","-0.60777072866552","3.31779825403663","-5.57676330609281","-1.31240172092743","5.32441587985267","-4.9913313467295","-2.31936328679543","1.44299560811712","-8.30777165930868","1.71341343816477","-0.387651214931732","-2.24543862595404","3.50109845374891","-4.94304223492794","2.91747576855719","2.75599421692568","0.859680852516555","-0.735434871352014","-7.41338390434635","4.44739632806074","0.156074703321753","0.64741931930015","-2.590648470068","-1.7315709901897","5.95595064012705","-2.0982489464252","-9.35584628912927","0.70234168574934"
"Random_Index6_32_0144","-3.168505516966","2.34737246188024","5.77127426450194","3.29154028422404","4.9397596253959","2.01194079238858","5.10477034169269","-12.8116492210286","-2.78718375262113","-0.353130890582116","-3.61619903903793","-1.16296140913327","-0.674517529896915","6.85783104652724","-1.29546012961264","3.08192861931476","6.22999251140352","-4.66236743949611","0.176790697559953","0.908462252963834","-4.30233301051583","6.86373913055452","-2.19717607980769","0.0249666164675526","2.5287403310264","0.99115394625301","0.185254228486135","-3.78292435080853","-0.591165896219957","-1.08359946715518","-3.90902432950766","-3.24121250900641","-4.19434640945315","-2.90475713500516","3.13634811478998","1.47422435146971","-4.01687173535034","-3.06751448554808","6.92548696330871","-0.0276168895034213","3.40092628024961","1.2072542660897","-1.31647216774385","-3.61507720564509","0.231148618289748","0.901829742694366","5.25619121230386","3.44945068983383","-2.01623060204636","-0.381328823847532","3.7367671013378","-1.34349592954412","-0.87307340884544","-4.47735505174966","-3.74459983283922","-7.08663578755367","-2.15545403854771","1.21815903044549","5.2649055240335","0.939144730681111","-3.1330687938943","5.92599389940401","-2.81592923699554","3.85415003846507","0.878113767580631","3.29194910035859","1.48972898140234","-6.01761281433241","-1.1256496825884","4.59629356852662","-0.290263881401758","6.66468543496447","3.32695925233462","-1.20996685017623","-6.72804410488005","-4.41069818736142","-9.19183608501574","-3.86442827441702","-0.456474322993283","-5.09836443366403","2.69128084768989","0.0791737913174313","-2.93800848338656","0.624893449698301","3.81903172487812","-6.70727927136931","-9.08885939708327","-0.875661463431094","3.63303868187508","-5.54452286381925","-0.881597685096956","5.2392627319999","-4.709567028683","-2.32390302176712","1.33898501537171","-8.39476893684315","1.75505305636789","-0.454883257906614","-2.39410669397256","3.49226216430325","-5.10284269494483","2.87009812219903","3.09499193752657","0.643446748998528","-0.766774458100273","-7.47611031790481","4.72509751210673","0.183520914402305","0.831415582559584","-2.88216907351948","-1.34253144321646","6.3741332385136","-1.7573264836041","-9.71640257233893","0.759883787430137"
"Random_Index6_32_0145","-2.97300935441182","1.9368931343428","5.42947533998446","3.09508318184804","4.80511162618787","1.81046534984796","5.03573682049681","-12.6249428899402","-2.78801886223804","-0.311323484684803","-3.72832516272919","-1.14653703759553","-0.611239096293077","6.70176552313979","-1.38851827461309","3.30745290713492","6.05956738254197","-4.65345993339713","0.230887795366573","1.14490262978438","-3.99524918951663","6.76504187503432","-2.08888355623898","0.395238878551755","2.25387083690261","1.28452213396251","0.588732545592113","-3.90439725112535","-0.464198284865936","-1.01401849333171","-4.11454575118318","-3.15527731383426","-3.85749526940237","-2.86223307411495","2.56136535708573","2.00731795525918","-4.36734273117542","-3.33274787893471","6.84201712410203","-0.0471648951423805","3.26340325127235","1.41380081181849","-1.35789586500653","-3.63044026539343","0.0724588722613175","0.785524105327669","4.92899723948264","3.09451410278724","-1.883088695051","-0.732909534201833","3.65052616219139","-1.24466072900441","-0.674565125368542","-4.25315963144613","-3.38399529197505","-6.95632077066027","-1.93620445623525","0.563902584570207","4.91889699479136","1.17422852020652","-3.29906120617954","5.74635342768325","-3.22417588244596","3.49532254358389","1.21335754113239","2.90143800242926","1.73547164781278","-5.55424539177028","-1.14349341990027","4.37128565731968","-0.0201233717039822","6.35952425123333","2.87314103954349","-1.11302524164239","-7.05984867437895","-4.40207228039662","-8.79167956112269","-3.97504893234657","-0.409695266611377","-5.06497673545984","2.09170330444903","0.100499703709781","-3.29651668427882","0.886131748571467","3.61904289774894","-6.83284826681125","-8.90853523068877","-0.716267747705777","3.38761156321133","-5.64737228471859","-1.3954032516429","5.44228134674536","-5.14474733660142","-2.31411012320207","1.5643871622986","-8.24237011376277","1.80735166447199","-0.528608000132963","-2.06472074505654","3.00772917801195","-5.17127134628202","2.55842288666183","2.7094782759566","0.610165707696191","-0.680080664147353","-7.27785558436101","4.48571484862877","0.173697473031775","0.837737493285457","-2.55348890649446","-1.78757522549155","6.04676707756494","-1.81213697316482","-9.59913217109902","0.664115365301802"
"Random_Index6_32_0146","-3.05098600590154","2.04426828475553","5.49155922037491","3.11063678829739","4.79782157168955","2.12570225600621","5.13754090720958","-12.8757930965081","-2.6489848007879","-0.233070653701535","-3.69695780904375","-1.13659706910528","-0.673300913090664","6.70038148304813","-1.39343586897109","2.91073524049676","6.19481868545159","-4.50903667894557","0.293795511274668","0.722702913746158","-4.2606162433669","6.74972513608052","-2.00873150258789","-0.0426321041810562","2.37261553809715","1.19458414322235","0.273890560941662","-3.70394588784597","-0.705827549967191","-0.945116125525222","-3.78394418026963","-3.11742613524677","-4.16356565370966","-2.94409822610256","2.98534962048677","1.66975202431148","-4.11192047207229","-3.04486500919393","6.84017910918504","-0.0218152648314926","3.17067366523625","1.39079522847141","-1.27092154231807","-3.40753720000421","0.0179933399605585","0.914892169843434","5.02978589179759","3.25996621096774","-1.73610515663241","-0.468259329798506","3.42721752738664","-1.20679006489087","-0.680556063002465","-4.45683884268598","-3.66157679631835","-6.92316144851057","-2.1979798662005","0.952550422495148","5.00494418418965","1.17593934452324","-2.9697552597547","5.82974774926261","-2.7998596732518","3.65708113074185","1.06670995064976","3.23437926597577","1.57786162038617","-5.66423733589856","-1.07497053581497","4.3153906205842","-0.313574946529064","6.45143517341659","3.08977973256313","-1.08886421353555","-6.86464058482697","-4.34976119383629","-9.03070834015548","-3.85906038342699","-0.247653905817958","-4.93597621924789","2.4077156833779","0.149333739067072","-2.97951673013064","0.649931182934038","3.58059931961982","-6.59415847989612","-9.13179420452556","-0.722414299833394","3.40930537742937","-5.5680658873616","-1.12857229401884","5.14709740798245","-5.01863016861673","-2.39766381355622","1.19243284571747","-8.37085464031576","1.47199472115373","-0.261536544274679","-2.37125921196464","3.21363740095647","-4.9617621069728","2.87076313827352","2.88094052545851","0.71706042258345","-0.720250555990592","-7.36940721469486","4.64500282602064","0.260575118419857","0.853332540130806","-2.71682175774128","-1.71020930535838","6.20853856232828","-1.68775102123193","-9.51470647599683","0.878282232360969"
"Random_Index6_32_0147","-3.0255724550429","2.06942067077107","5.68102831771676","3.26382108701855","4.87039898271083","1.88894890499429","5.2704402308995","-13.0152052940635","-2.84856259641572","-0.3514868225605","-3.8198518838752","-1.28530323991426","-0.731696968472149","7.01416592035025","-1.603027201496","3.2677338691838","6.22878146891557","-4.63950725583407","0.110742024099094","1.11113577808352","-4.32399666940924","7.07370950425146","-2.04108845738601","0.132791935744729","2.39986595030896","1.25492807144012","0.585706552420667","-3.96094544278245","-0.257796806714208","-1.0671028809918","-4.10293249715676","-3.07995404424305","-4.05504400798322","-3.14155463743302","2.86430621915202","1.94373464337463","-4.42960662805535","-3.18424689166441","7.00682334239694","0.00844973180712639","3.41367897356668","1.39382286617904","-1.48809106558795","-3.68804556654934","0.389376513928383","1.06605463119852","5.23668418465294","3.21226512069149","-1.89588931108082","-0.660809376742536","3.65479156756729","-1.46408255093941","-0.69628470685424","-4.43404724291936","-3.49438316546804","-7.23419297437262","-1.93246178915037","0.944684002719392","5.12510861463214","1.21869808197248","-3.37665707232092","5.88278816727674","-3.0825812931621","3.85505146930607","1.04038424739154","3.41535175254927","1.78613183265109","-5.7527571616536","-1.17852177741059","4.48357525872816","0.0501140364768229","6.59248693252278","3.15690588579045","-1.03999778515146","-6.84095537874176","-4.6760062447986","-8.69342940012634","-3.99664416325495","-0.58557586866405","-5.2584945278476","2.40704656738543","0.225804189541528","-3.23132937905651","1.07478050042887","3.84733387920999","-6.90469210175003","-9.13628366948648","-0.792278615147526","3.51242649025927","-5.59214253519256","-1.09736044567411","5.47365702103995","-5.16486971989314","-1.94397208004857","1.54803012595346","-8.33504151765158","1.78199545678608","-0.542881801107265","-2.33445018402335","3.30535027291913","-5.2021699975288","2.77673355194731","2.86544173572786","0.662462055188395","-0.762024056488321","-7.6332650868276","4.77452284522574","0.158263224501607","0.78643573768254","-2.31978787530699","-1.75499134138163","6.36445658477589","-2.11255716672127","-9.72367977249617","0.950274058103867"
"Random_Index6_32_0148","-3.05986163985112","2.29851957127464","5.61464496475547","3.25910314354219","4.85735698851883","1.98007489089412","5.12056408773493","-12.9586312873095","-2.79398053614944","-0.421548368056477","-3.76692096652083","-1.37436676679943","-0.612467433983286","6.84209509810516","-1.55723704366003","2.85448857061855","6.18171084037707","-4.46570629786046","0.0675848764646912","0.775573374344154","-4.27854019112663","6.90346931413197","-2.21054595197583","0.10837674275211","2.50590443919749","0.954832901752858","0.232063902881961","-3.82645851315064","-0.68907395082522","-1.08437104674658","-3.80055121884836","-3.24761826203315","-4.16395807525122","-2.93020793804779","2.92597732965595","1.65897181871125","-4.04774014419864","-2.99501838794476","6.95855892738978","-0.0545317627467048","3.39782872912238","1.16792691112577","-1.323489628984","-3.55711705406941","0.203797058156201","0.999809583975529","5.14176212614117","3.43927535649726","-2.0062958704047","-0.355374652279048","3.55796489639335","-1.41272638446732","-0.890156688178079","-4.54621474543779","-3.60124124852623","-7.08784396241977","-2.14370496173532","0.939606939160137","5.18327357503212","1.27262833227596","-3.19021253201825","5.88221766824211","-2.89798887207846","3.80046283804437","0.816340424128778","3.23090943563844","1.51559143954684","-6.04402511661656","-1.09353968698659","4.4815293998693","-0.304418198070637","6.5946897433869","3.3375708776315","-1.01894865159967","-6.7591813064778","-4.45150867572803","-8.8192306250231","-3.86244366982546","-0.570126699811392","-5.04556441242188","2.52481262143461","-0.0488606393820086","-3.05928816292123","0.895188812552855","3.72441389345846","-6.5977487074626","-9.15801916698578","-0.85715190742265","3.50672938711404","-5.49394924564952","-0.93886591037211","5.23072565365999","-4.9448906383835","-2.29930251312022","1.12951566069113","-8.39763055509836","1.64168462921725","-0.399331459590173","-2.27101696243392","3.2296969679025","-5.06058630904498","2.74959759956999","2.93015198844304","0.68113756359872","-0.846449236654771","-7.44671736406073","4.84399714714855","0.110485463304152","1.0072717173636","-2.78954972711156","-1.56690908439609","6.24365131228263","-1.84317468458958","-9.52470695272731","0.666656964150312"
"Random_Index6_32_0149","-3.04367295719346","1.95714534147848","5.46068094812789","2.97492776070773","4.58083367933755","2.46410221467696","5.26734655058586","-13.0299278058749","-2.557965280173","0.152632586421722","-3.4275896340397","-0.906726610526338","-0.381890324854716","6.76239577936058","-0.997947607489265","3.04736684420599","6.29846425477305","-4.55170406242059","0.498402750126116","0.640922684224151","-4.97842562223886","6.66761262989512","-1.6869699003955","-0.147327467465542","2.14354748330863","1.40107032260272","0.174311110906249","-3.52045317878328","-0.828397026821818","-0.760530530133896","-3.55274227717208","-2.81924754892587","-3.99172648676073","-3.27487011467816","3.0874180617197","1.92577792460288","-4.02142731076411","-3.16761207108921","6.89516096992372","0.451390818098707","3.07936390586004","1.71697407520157","-1.1708073650371","-3.27377049530193","-0.26645425041854","0.907899826869679","4.93533782446347","3.13692598454171","-1.93420470920346","-0.704118606324869","3.25921803388059","-1.02553492292882","-0.487606210916902","-4.64451443155527","-3.55215888358793","-7.07678384772553","-2.54317129315476","1.02909272582174","4.93352117965192","1.05173360269633","-2.9840545578604","5.57187177643595","-2.71645863316075","3.44962449292119","1.38010791459028","3.32872743445615","1.69696181166963","-5.57345666398869","-0.994221759045975","4.23724134770774","-0.308314153186664","6.57313421062946","2.98778606114656","-1.12252531590946","-6.83080352777783","-4.41199716116692","-9.28234109105966","-4.09315415532763","0.0199226420310726","-5.33836887204412","2.40112378747047","0.568757765441815","-2.83959202459111","0.430821341048274","3.55592423914345","-6.44978429972535","-9.12302144612906","-0.46807599149981","3.27754378681533","-5.66082442948383","-1.29434236187082","5.20678304608562","-5.17233217805159","-2.74452839577669","1.0757700950751","-8.43286983362531","1.40201167791434","-0.0198797460258744","-2.3978608566854","3.33499115711066","-4.80965043668112","2.85528720484339","2.81660126613213","1.18700113540133","-0.455874217581186","-7.6323495698916","4.45754767174326","0.626294575318095","0.613729572317949","-2.56287816375297","-1.76499368320919","6.10006292581775","-1.75291791406278","-9.46419253439067","1.09639222331515"
"Random_Index6_32_0150","-3.12397664905465","2.33851587803638","5.64427060055498","3.3667101678654","4.8268523831982","1.96760024626189","4.97908366962725","-12.8675694299247","-2.95907721119665","-0.410988715848935","-3.74036593530935","-1.31717426386706","-0.819609678947838","7.03339311108345","-1.47559016468631","3.14039244774773","6.24700874453985","-4.60061741876682","0.126349464979958","0.910372327496712","-4.25242492231385","7.02343986972041","-2.07376599082307","0.201224380357309","2.39289988952057","1.05081975837023","0.554804691998797","-3.81114422554836","-0.527839795611731","-1.04406071265604","-3.99953451703182","-3.13053021973345","-3.96314921042909","-2.96409194525616","2.99507226634868","1.5082945324418","-4.2568267294733","-3.1851782919772","6.97178643189927","0.00106721915543649","3.42238195488776","1.26632825947891","-1.25016364315404","-3.64317740790607","0.210093251961131","0.927172027570594","5.1554505409957","3.37005371845882","-1.92200374168772","-0.471879655251998","3.61755796759368","-1.35717959010254","-0.820125986483072","-4.4891504678477","-3.56477396653868","-7.13845969174757","-1.88714954333888","1.04202907115613","5.1898209507426","1.19061390904903","-3.18818110006283","5.81986455588636","-2.932907127143","3.81760468549717","0.952435897356105","3.28695794152543","1.45408977260957","-5.81038214750344","-1.10180906016207","4.42960130411025","-0.282222287259516","6.70503553825652","3.25515047353416","-1.00527631440927","-6.94688573121945","-4.42660443324393","-8.89351183629411","-4.00605131747296","-0.466752391208951","-5.02689954458818","2.56766341051194","0.0436347840117626","-3.08649784673106","0.915424537035227","3.85733696154937","-6.74301951366939","-9.13504420305385","-0.86845517337681","3.46358410888628","-5.42110713282151","-1.1235773211781","5.29421722616143","-4.88950709383057","-2.1863135939909","1.49579617599712","-8.30813097846216","1.71935557065213","-0.530695438682815","-2.18467032726992","3.3689116571363","-5.03423803409148","2.88645759768994","3.01877344542549","0.678453730517582","-0.724344511063351","-7.40509963398599","4.7576249139381","0.17100270781347","0.760975884453533","-2.67862732997035","-1.5762876568385","6.27548881135529","-2.03730251326952","-9.54399905358163","0.691470517458828"
"Random_Index6_32_0151","-3.3352873018171","2.19507630027011","5.59874173632885","3.03658951356909","4.99259696449413","1.96337368168609","5.31129195198814","-12.7608993323419","-2.90174853531453","-0.335605498002174","-3.8935596901669","-1.27611149512818","-0.580362707175579","6.92336904306675","-1.50304333346988","3.18677145467823","6.05354305271569","-4.97244994121996","0.16282885041857","1.06446825137417","-4.29067204512277","6.70791416637263","-2.19189198453474","0.240276017404762","2.39928493561244","1.23297795717768","0.638250397825773","-3.90477641408099","-0.370248229345018","-1.14976769862161","-4.03460011042992","-3.16845798099737","-3.98118222552466","-3.08888299523082","3.05396112599252","1.72368478858128","-4.12648029439605","-3.06561616372172","6.81454256495513","-0.0331294115534871","3.52987094525042","1.33872095393013","-1.35541003390433","-3.74176655776785","0.27836427502626","0.936649835134987","5.0663203916045","3.25453949685674","-1.90496517666719","-0.5234689944561","3.60206852127954","-1.3998802960482","-0.774955355781397","-4.5952229343211","-3.58231019604946","-7.28397187550242","-2.07718494916933","1.05238096180078","5.09294700268765","1.35262345353497","-3.36011432636574","6.00264554804064","-2.94567526961448","3.7972223989598","1.07393008493291","3.22554752079276","1.7459887693841","-5.93216322845085","-1.24570551952342","4.32511793082992","0.0112344852560179","6.45131341410603","3.2335208015996","-1.19205352569261","-7.0504820070931","-4.56695016845593","-9.00678338690941","-3.93068997648292","-0.474127953489858","-5.03595707110754","2.36057911236942","0.124333964215378","-3.14024062776107","0.889446867149471","3.63569589555432","-6.76965187831923","-9.23909405353425","-0.831212269842076","3.55496903684861","-5.91224455623097","-1.07802035997616","5.4048186863107","-4.79777128776933","-2.07199451852084","1.69404304468794","-8.34169161528606","1.85464670210803","-0.535771898173489","-2.17622188899384","3.39846268703831","-5.15715862082561","2.8000383632361","2.71799454678164","0.699042936057127","-0.819736845649145","-7.60266405485445","4.60843995774471","0.0750771919884266","0.888053724001546","-2.80908642494913","-1.53593723071885","6.16281776574838","-2.04368786092405","-9.70347383212568","0.729798700898098"
"Random_Index6_32_0152","-3.0206492337396","2.04976445242401","5.36275901062632","2.99963244705905","4.68542700429231","2.24517915612994","5.23328729931564","-12.9680627788374","-2.68101844074474","-0.148794644005645","-3.66124924958197","-1.0768506022717","-0.528064211718358","6.76584225491654","-1.38773541017379","3.1171295616082","6.09479757193489","-4.49597711173905","0.259779155313483","0.823770869486035","-4.37946957391958","6.76616071002623","-1.95368303051689","-0.168200730184041","2.12853244309486","1.25833028216443","0.140666955063084","-3.65592094337037","-0.69512048323894","-0.928015120265766","-3.74552805954642","-2.93191284341753","-4.01434812012091","-2.92301332035811","2.93568848159358","1.79760657690746","-4.19763803762523","-3.15135926482914","6.87249165324195","0.3254228766101","3.19429285766966","1.45664667595555","-1.15643665395631","-3.35110628028946","-0.15528164741621","0.946497669273548","4.91833318218823","3.15231179086032","-1.79182561999589","-0.676782470224976","3.32780888957346","-1.21864914359562","-0.617274247896798","-4.52427849699906","-3.5260628963243","-7.07324536610675","-2.22113790936821","0.97773584151396","4.96282577347033","1.12720015976432","-2.90699037124661","5.61863199050228","-2.62242990887683","3.51820553708815","1.21722006017433","3.31162315701023","1.58332558878236","-5.64628369827243","-0.987723089656892","4.20752077491137","-0.120249935502632","6.45375068060337","3.06891299107383","-0.907058072870031","-6.83536910220817","-4.42614486273973","-9.00633971954111","-3.97743794131945","-0.149591457723761","-5.24360891764879","2.27204945772023","0.236027772175612","-2.89119752860237","0.780641776061787","3.51376770028466","-6.49912759582321","-9.26823684509849","-0.541470096097094","3.30819987375579","-5.70880777168926","-1.12379525825268","5.22983437412894","-5.07830490002622","-2.45323140400549","1.23386799619763","-8.26256197094474","1.50025797459687","-0.223000902963001","-2.36413143508059","3.25552849042539","-4.84946157332847","2.84991845006079","2.7015636601295","0.897250665736562","-0.567830749421779","-7.56783857506999","4.64097494885718","0.370130040845054","0.767071604940018","-2.65585622979679","-1.89805491356078","6.14267014043083","-1.94440787576346","-9.36386592711587","1.01745067561731"
"Random_Index6_32_0153","-3.01511510002119","2.06798850814738","5.47013318653051","3.18512972486966","4.70675033676161","2.09260195996717","5.2146899416558","-12.8896956788568","-2.56781642516206","-0.34948411748646","-3.69883238120265","-1.2657159785783","-0.723037034178558","6.64931740403263","-1.44204562125783","2.8987999986458","6.26073434896581","-4.44715679297921","0.14697173133223","0.663602209139498","-4.41999600098237","6.64011835297781","-2.05028809838586","-0.147506756087783","2.40195461278879","1.0446883395743","0.189918793108729","-3.66546195208639","-0.576010657988144","-0.946718671595172","-3.68065889797305","-3.18554612651406","-4.28735200855429","-3.01949908672573","3.03703511095538","1.64167003735575","-4.14323563973339","-2.94934504461337","6.9466847893192","0.200170058815308","3.18853860857482","1.31136334263483","-1.14651205619771","-3.43451258630636","-0.0908248381010121","1.07869191212577","4.98068106496232","3.38434959037156","-1.70961436875698","-0.519408265560977","3.31731170081161","-1.39542653499047","-0.823025370290466","-4.43636427624031","-3.67744177051504","-7.06079796882754","-2.17401987268134","1.00587199946857","5.03803956285689","1.20395974094878","-2.83811941984852","5.78645408155018","-2.68960949430858","3.45646170666845","1.00264516245863","3.28052039680326","1.46529096177152","-5.69150394013182","-1.1274736978205","4.23073765039688","-0.330594413879316","6.46095493169053","3.25924451055858","-0.846185888487529","-6.67307005713386","-4.43419002618195","-8.97339089185583","-3.84957361205321","-0.222378408475346","-5.14194552303807","2.3917556376658","-0.00916479602446467","-2.9923877217892","0.95269355202208","3.51417830097146","-6.50363439300268","-9.12416990504724","-0.663170960326197","3.43406163161277","-5.52459321851708","-1.04984601129438","5.18806318785801","-5.11201902570696","-2.23807327227326","1.09341865049615","-8.37024177041365","1.44535825757826","-0.173048788290516","-2.47678201043322","3.23557774144453","-5.03415131063086","2.87685053491188","2.86147591374562","0.833447283829982","-0.572396298102764","-7.488862197288","4.68534656265211","0.193949785926552","0.783291928572645","-2.65827985268953","-1.73249209707802","6.21946416725311","-1.7961772471624","-9.46385125240785","0.776677565871062"
"Random_Index6_32_0154","-3.22467241537545","2.17100182942497","5.41335519424076","3.08181107265293","4.72512266781299","1.97234737185441","5.18444063091392","-12.5906449371322","-2.72153192050624","-0.205918037985118","-3.62856057080112","-1.049120265862","-0.423230596163504","6.80953539433045","-1.34265749670043","2.98162280753405","6.18228631261129","-4.79990220515595","0.446568561096706","0.840457701073122","-4.34053769918131","6.69305529484616","-2.09923280342652","-0.0562067890838403","2.32828096967708","1.20718400953618","0.303074359848349","-3.65463823213121","-0.69321337679747","-0.98090472825056","-3.83223214649599","-2.90355359558521","-4.05771367387988","-3.03813758124504","2.93778436668684","1.84126143114774","-4.06603929000524","-2.98952345186573","6.82742678135384","0.020696924121813","3.23181359468238","1.36073747361365","-1.29785968984622","-3.56161289746586","0.0457138469659777","0.982555946222326","4.9478996616301","3.23456391517236","-1.74489193992841","-0.602228540950335","3.44086402241133","-1.15088188438097","-0.631122900100169","-4.30963833654526","-3.426001384976","-7.1008196246716","-2.21501188138048","1.00612082399147","4.9895080651938","1.11327913168575","-3.10631077070667","5.78303575889976","-2.79075680092801","3.57158339409761","1.1497348434057","3.24932154480436","1.67518690891913","-5.5998406640683","-0.946381263278717","4.24725671537032","0.00606510448306765","6.47371607828519","3.01601676182601","-1.06173223535982","-6.77378623718841","-4.31134334058355","-8.90316364799503","-3.97674302406487","-0.344834608184755","-4.95689950452742","2.45332218261278","0.137430775781077","-3.09175232812458","0.653136381094494","3.7304724377798","-6.52339249651317","-9.0004325050754","-0.759619510034923","3.43789988906542","-5.66669865425479","-1.13193956058321","5.22574566299517","-4.79316372758139","-2.50383971172215","1.28863498081583","-8.31012180669983","1.63217955182589","-0.353207417112476","-2.32343256062441","3.30792278093248","-5.003125348398","2.75155047743181","2.85954900248618","0.756436833149045","-0.753378088581752","-7.44249077834379","4.64598009040776","0.170017676818212","0.765667770813622","-2.7305027288474","-1.6060784538439","6.18452162319963","-2.03551560149839","-9.4791191501197","0.803323631426129"
"Random_Index6_32_0155","-3.14912928941304","2.30164370392962","5.54992005473319","3.24223894353163","4.77909720439681","2.09485063077298","5.21794757460856","-12.8358023438573","-2.6778782300651","-0.512332402846031","-3.76040986520287","-1.32480317832432","-0.803813564659445","6.73623263374582","-1.47818253623143","2.97180456850547","6.41838738229387","-4.57576192640961","0.118621804459871","0.772514787338088","-4.2257776473999","6.7953435683882","-2.1540494255316","0.0625078883478788","2.37939795511757","0.921509104281712","0.275037263676202","-3.88152348527453","-0.616538727425665","-1.151348127589","-3.78853886193944","-3.19809763870704","-4.10416458518951","-2.97865201431911","3.12465351169933","1.50963870120397","-4.09670461689921","-2.89843410364206","6.99679988577194","-0.00212869507140378","3.33571619722241","1.20377974050571","-1.202593174064","-3.31616257866586","0.122967648014001","1.0931986552624","5.00729354295228","3.35656920260204","-1.73894526113781","-0.450579263815733","3.32796906637918","-1.40987288699051","-0.830783510858959","-4.53402201884962","-3.89032341348565","-7.16689115425705","-2.0372804060455","1.15021585179652","5.13161813270274","1.05806241448471","-3.04611404027036","5.90761883815069","-2.83868930962556","3.53296539888175","0.857853907428914","3.40208564882693","1.44294776545043","-5.69118127375034","-1.0200431780314","4.39893398301896","-0.269039624825379","6.5582094856099","3.45504952685331","-0.914533170206786","-6.7718636617257","-4.61167178560799","-8.9198199426856","-3.92190034973517","-0.120402086772204","-5.14949284161992","2.56642775515879","0.0137211112349495","-3.06621657159558","0.782862969522353","3.61094200008725","-6.54230551290576","-9.27361634225348","-0.86329635531929","3.57507160580605","-5.40445871429055","-1.10706346759194","5.24264975673998","-4.85057125143552","-2.23005053820378","1.21952740609554","-8.5513085694028","1.43351770531089","-0.427421471660086","-2.42844057135607","3.40324937643208","-5.03021028131341","2.8562046620036","2.94995845528463","0.69345239675583","-0.571544506207942","-7.38284121333333","4.71964270184299","0.186922626813866","0.855233246154164","-2.80013001681648","-1.61196291335495","6.12637602003633","-1.87738287833932","-9.4996331148198","0.751669083394052"
"Random_Index6_32_0156","-3.67465848328502","2.27759433446297","5.70289050491493","3.18879133921045","4.84327903638825","2.09598416866956","5.27963676099385","-13.1468219255708","-2.67732547936587","-0.447057319408364","-3.84510652511928","-1.40091379032014","-0.587792805605051","6.86083691812623","-1.51120608287328","2.8236573324867","6.4027552855156","-4.77529217628942","0.0445981256830065","0.731945568369395","-4.09757602324405","6.77770918751606","-2.22490192302186","0.0925605183988125","2.4917971273815","1.02998923441194","0.289634234073194","-3.94759073485196","-0.548624979746384","-1.22912753967592","-3.77558100396485","-3.33145657347745","-4.12553554574949","-3.01480956365424","3.1894773105478","1.49596985751588","-3.86421003858733","-3.06756151974897","6.87947638057306","0.0125580227331412","3.3770465638477","1.23671555424274","-1.44655962781018","-3.54652436623016","0.0921414524666753","1.02390319921613","5.14106596694125","3.39988839803065","-1.78915675534681","-0.273425533124864","3.5490627792653","-1.55984785052995","-0.832707245852401","-4.69156465086843","-3.82475379926331","-6.92737102061382","-2.38370323513121","1.25163664109398","5.22461170628191","1.2449315170719","-3.22594281428984","5.97338060838853","-2.83988436285091","3.69264029948491","0.915507366776379","3.40919568721026","1.36022682516664","-5.84123066966425","-1.24804323889031","4.36218874066854","-0.338601222227916","6.68287080675086","3.23521148896524","-1.24521474757403","-6.70695130878185","-4.60807145677972","-9.05447142654364","-3.70875195058866","-0.338383640130686","-5.1856403081624","2.5155610839346","0.108192169910171","-3.01399281957941","0.780160241835184","3.6598201598251","-6.69193462648876","-9.37642041152446","-0.930989471632527","3.63797712570696","-5.46723650689186","-1.1766143299642","5.30199078157285","-4.73862872080964","-2.4132017565734","1.3665069926749","-8.43964711301266","1.72043160573642","-0.328407356353708","-2.3011659268748","3.40456445945934","-5.12419621945196","2.84700946883046","2.91687663953833","0.653883293391526","-0.574693036698394","-7.32028470664394","4.7532771226404","0.176106215543979","0.766920534364413","-2.87867042394067","-1.40715849790292","6.32483801367267","-1.74163251838809","-9.65453945426179","0.762002105171992"
"Random_Index6_32_0157","-3.24235872219258","2.02205873943527","5.39846265773584","3.00443762467784","4.74601176913535","2.05966976345229","5.04077468556443","-12.6949315599049","-2.84358604789393","-0.299512247642786","-3.64019106804017","-1.1174403264903","-0.568675982434133","6.76007756391421","-1.43943333305541","2.89646657978599","6.04654210871616","-4.73349333062172","0.334225315733603","0.857810587452171","-4.37877245506655","6.75328775800913","-1.9976905235277","0.000384633001301141","2.37346426307452","0.9916606210993","0.343166856427445","-3.65586191915652","-0.710841560864059","-0.981041021406941","-3.76428408071947","-3.02214921847389","-4.08165444309347","-3.05726175589667","3.07075221628047","1.55430310797372","-4.23185137296557","-2.95925745150374","6.70722069681946","-0.0303256701247422","3.23082959612922","1.33575089038626","-1.25115228035494","-3.45834055230169","0.13420627424975","0.960667846489173","5.03564115586954","3.23684409544584","-1.94450019911933","-0.676263044959856","3.3282156864318","-1.33658060062144","-0.719606724756572","-4.52288018302364","-3.61309674165926","-6.99042697762224","-2.14853023455657","1.21968921314213","5.00534748289195","1.02894260354037","-3.10667517887873","5.78201432849152","-2.67915888148775","3.66928955684307","1.09800245874263","3.29886775479323","1.53805159793868","-5.751850303151","-1.0424329977091","4.2340187374939","-0.195566546485557","6.45110128166674","3.09602023233941","-1.02546426467112","-6.67521960004121","-4.37967407457316","-8.79858068229071","-3.94950575901221","-0.430793924515117","-5.10349705273104","2.37924298213314","0.0736239228139792","-2.98617066870568","0.562852239791239","3.53453420929443","-6.54669183170683","-9.14861769094692","-0.836514120575359","3.36732340520643","-5.78221718428902","-1.07705680090205","5.16709097867263","-4.87430500878656","-2.28824988352857","1.31375741844645","-8.32534987665622","1.6559004204018","-0.487413544892841","-2.29905683346853","3.44733966104889","-4.8489287433395","2.80944105581349","2.75792825601632","0.754832002290965","-0.82854416116954","-7.55737785185607","4.62125536859375","0.34840890203815","0.605954366229953","-2.77531491118999","-1.59997047096813","6.14600787294794","-1.95951910051918","-9.36497425176684","0.736237022566908"
"Random_Index6_32_0158","-3.05981032847058","2.06692689506877","5.42271059372617","3.0302261954709","4.70320976472278","2.0619930368361","5.18738138103978","-12.7982679491277","-2.83516067645197","-0.217855675742287","-3.67066622633853","-1.13218978429909","-0.557835325678625","6.94332839266741","-1.42613322941389","3.11257997451783","6.22860323213408","-4.56709174359578","0.302217223470873","0.924483580971937","-4.53928025617589","6.81951959266984","-2.09012797595102","0.115604972366074","2.13420737675402","1.18426773012216","0.443251508782701","-3.62382101388354","-0.49534429289544","-0.952886346265351","-3.84124000769733","-2.91907024127404","-3.92318566559833","-3.15568309010584","2.98514731115911","1.85376900148361","-4.44970078174986","-3.32992224201064","6.98128625524474","0.262263348806093","3.2667991768712","1.4732606334699","-1.15547593614386","-3.6138988297114","0.0556735339878634","0.932741655698339","5.24352244826526","3.27056955327555","-1.7167556734803","-0.714154577591454","3.50454470144597","-1.17215270830079","-0.633280129633903","-4.38355512795305","-3.45577740111426","-7.42032586621312","-2.20462540476203","0.967969087759758","4.98690363202405","1.13885506371128","-3.10797203809581","5.70121334163884","-2.91056459381261","3.56741383075376","1.27601512116259","3.24654706440984","1.89442204760966","-5.75068406005991","-1.01015562638085","4.33595002489626","-0.0273318221307408","6.56664575072388","3.14571010684073","-0.917772849585825","-6.89035436604309","-4.50959828372372","-8.99424848367759","-4.13927942754985","-0.48019499621439","-5.22665202682916","2.32553355360934","0.109279897714757","-3.08059671692584","0.961238604587179","3.67891605505501","-6.79234358083845","-9.12836860536399","-0.650257466046982","3.33046529165791","-5.4529527564118","-1.28380935204277","5.35166299871319","-4.96084276656524","-2.36683679541209","1.45562245828304","-8.44124480041378","1.73529276800168","-0.376844671173204","-2.22174715762321","3.36604017813566","-5.01633637655132","2.87737077018461","2.76648814497985","0.835125871780213","-0.581683376320249","-7.68056690014242","4.60192995217424","0.157388953267101","0.774890144048444","-2.64104169889771","-1.73313983986274","6.14374723584858","-2.08465329277947","-9.58568983043858","0.713962487100966"
"Random_Index6_32_0159","-3.24878221730187","2.17285749971694","5.59536902386119","3.06064739361955","4.95366618260441","2.08889782698456","5.04293388861126","-12.7001392918515","-2.78303282219965","-0.221843312519394","-3.63742039190744","-1.11347737931068","-0.510029718223312","6.76274915346643","-1.29492713398264","3.02108829578926","6.15582292612868","-4.73959769998649","0.365570422732475","0.9164220003364","-4.26485310731727","6.7160790093885","-2.02704682705453","0.0943187527631573","2.23631521654832","1.23820426497745","0.26603594392212","-3.82085531106979","-0.652521187609592","-1.05276719720048","-3.91581803695515","-3.12672310988315","-3.99545464416657","-2.94962143062142","3.14472239293478","1.69613957880975","-4.2772827121509","-3.19775334063842","6.80080396127571","0.024152643661699","3.36886651032368","1.35370104126788","-1.27063555831705","-3.57279238819777","0.104718552502289","0.779069115099574","5.26010662545711","3.23494252737472","-1.85068571521646","-0.598288127723905","3.47885659739135","-1.3249958783477","-0.654259025600602","-4.5374880528775","-3.51376746828","-6.88281082041446","-2.05383068211182","1.11171078388992","5.15869361835106","1.19087755567819","-3.16170201283017","5.81716769394867","-2.89239502491635","3.78896870929641","0.90977987761777","3.35658983668174","1.76326922560324","-5.64427525191188","-1.13210249484366","4.35072761841632","-0.0460276026877185","6.51636817664167","3.22504136637691","-1.27220268831828","-6.60679966311632","-4.4328372988469","-8.96809247740892","-3.86172262835326","-0.465444743641676","-5.13147105924127","2.51924789702906","0.375180738415177","-3.01368404734443","0.77291276218288","3.80336279913989","-6.55363187283963","-8.91740356687502","-0.895165249558114","3.49302923421405","-5.74769773846647","-1.03462075717265","5.24378927992189","-4.91580766132084","-2.09652139902684","1.30802960707786","-8.32351564201089","1.77739866702503","-0.419513629442523","-2.22869611604709","3.49052885528255","-4.89630643437789","2.88114759213323","2.90861007160968","0.703650446887409","-0.81824158693774","-7.44243515443349","4.66178459002072","0.219190103591694","0.756511763818473","-2.83008106496075","-1.61822879788754","6.27278434984175","-1.95868188938295","-9.51148077602456","0.871412121073695"
"Random_Index6_32_0160","-3.24015104530327","2.05340465057946","5.44713352803557","3.13805109548346","4.7328920179344","2.01753832446721","5.08051377087825","-12.9410284391008","-2.79241326956637","-0.199125886722309","-3.64533123938731","-1.03983137375164","-0.532396155908196","6.89197448328262","-1.29694255171692","2.95663071204219","6.46145285350796","-4.46883039488117","0.283865578999135","0.898269003842569","-4.44649848016176","6.79824701899669","-1.96829332659254","0.0553602202808253","2.27572772290012","1.11192483441031","0.329646816955596","-3.73457296827073","-0.617771898611045","-0.943631668098823","-3.73887704848278","-3.06382450011602","-3.91029024661294","-2.96371388635377","3.41000361316963","1.54112702157425","-4.31695003231914","-3.11273826785611","6.8606336796358","0.115517262220733","3.13484204882759","1.47192493085937","-1.06268728577096","-3.57475529119468","-0.033246839223943","0.972754150982896","5.0347650513056","3.27593751498068","-1.77576516053383","-0.569590632914746","3.4584090232083","-1.26959093780789","-0.736314893381751","-4.4869485701463","-3.47836703249557","-7.26914440710268","-2.31800871013365","1.33990588946204","5.11246390039913","0.957339859762456","-3.18459918266825","5.79593708981551","-2.80434182212271","3.55522739798414","1.11388454934021","3.54481142861872","1.81788849392996","-5.72949825785755","-1.19226452534547","4.35071295412804","-0.201517515363381","6.66964200650835","3.10508480578032","-0.970796594721437","-6.88031770242554","-4.46752282987009","-9.07935305057909","-4.03912313779925","-0.374010798170672","-5.24259302608298","2.4239482128773","0.264429708024166","-2.96333999297511","0.771130686178004","3.60518609930633","-6.65221197304658","-9.11839258564336","-0.628205780053361","3.34485142288497","-5.30229641064194","-1.18723450715507","5.24166392605368","-5.01793650522316","-2.40471771737277","1.33822041641902","-8.3232563396301","1.60698535755802","-0.239309413003148","-2.32770238635966","3.71982869218034","-4.95048234766499","3.1365077279628","2.85117162811556","0.877919753928925","-0.528886673026762","-7.62597430833811","4.66860427646189","0.356137832026063","0.970145819954154","-2.78925585871329","-1.6141601122424","6.17096646231525","-1.98659738336967","-9.56964548171364","0.86448947227878"
"Random_Index6_32_0161","-3.11800245936927","1.86772469358593","5.45521923742385","2.97978556014902","4.75941460900917","2.01164284098283","5.13384570548399","-12.6685146217913","-2.68680039090325","-0.240230948184576","-3.56012567173294","-1.04867063640652","-0.444354813352313","6.76104999976783","-1.36398066156428","2.84056460608871","6.26919068579094","-4.80113819555972","0.291860028307549","0.806939971840781","-4.46208387925849","6.63880073019077","-1.98381986628938","-0.0874545869927887","2.45315659436516","1.21595385269473","0.35511242844897","-3.73128087277398","-0.659476420274656","-0.852821068278918","-3.79960018979253","-2.96995408347578","-4.01156294595674","-3.32015314420188","3.10807648677339","1.68262016578481","-4.23736257156118","-3.18175187267128","6.75989854591947","0.0341808074606015","3.15934228468745","1.42331900097376","-1.24285153097213","-3.73522018394772","0.0204901799866779","1.09718498934504","4.98153555341596","3.21492458921772","-1.88299374695277","-0.646802095478784","3.45887303122473","-1.16531945145126","-0.667369445803957","-4.28954932552976","-3.51537136885526","-7.03706246062471","-2.10510661014568","1.27859948650046","4.91429890022385","1.14566525750806","-3.18459131929185","5.76200841814346","-2.67176050553824","3.58211736595337","1.16848752674772","3.40631967952629","1.55961478142606","-5.67155456140299","-1.05170355142841","4.19289758322637","-0.216209119168803","6.52240723962948","3.08226466262659","-1.02588140213732","-6.8683435806671","-4.35715515654755","-8.9906813975571","-4.06804494927132","-0.291215172176895","-5.25497889132608","2.34507796199469","0.114372341527051","-3.13985543877514","0.658821291675954","3.57992723406543","-6.73916936057688","-9.01003812180004","-0.897975285000537","3.42325343106022","-5.70121499342813","-1.26223832225053","5.23203480101451","-4.93713128271863","-2.43122439473096","1.34341295568785","-8.3187238343252","1.58656436909561","-0.261796011448157","-2.24912032541647","3.47771798491962","-4.99029648274085","2.94626882521407","2.76558963057593","0.790743390336139","-0.74268081139548","-7.41823728137199","4.72940441567448","0.217849959576744","0.478649644438818","-2.69655144416335","-1.6953868124171","6.31772090118121","-1.9092151819945","-9.57232692165484","0.761117943525244"
"Random_Index6_32_0162","-3.21325361375796","2.1540246303884","5.61645210640546","3.13599228519609","4.75143988770517","2.13057864609662","5.31147189918979","-13.17727709295","-2.75405479564071","-0.23210326593894","-3.68681348002425","-1.22476897293848","-0.524790372951062","6.83507155717244","-1.45234359437478","3.11452234253648","6.3755752221992","-4.57808895054","0.234453914667338","0.932963595869154","-4.2706693278703","6.95158638309906","-1.92958651559078","-0.0776865581974582","2.38048754965161","1.00441367421654","0.429547198658412","-3.72134920601248","-0.660529727171561","-1.04691442655126","-3.80365049697095","-3.1010927479418","-4.09415488812552","-2.85546854024062","3.11030450048115","1.67148016180163","-4.23296419101061","-3.07434490878689","6.91073765487943","0.0784402891324614","3.22670761334541","1.40874251927248","-1.18018542136077","-3.45427908131451","0.119727630710891","0.886454983115444","5.19103660379094","3.19707172303765","-1.8979413096783","-0.763669687308497","3.42852154144077","-1.38232795145497","-0.777641661241914","-4.53754815107419","-3.44944535032831","-7.1284661386361","-2.34174187940797","0.925875018108655","5.12016860155519","1.21919897535551","-3.1661554454672","5.80358880492056","-2.97446545186153","3.63369786050261","1.11918461711343","3.37672793521251","1.58067317188355","-6.21309176486398","-1.1533481564744","4.46133927313072","-0.0215406048139746","6.63144666371227","3.19390780310716","-1.14512762444745","-6.82817107348762","-4.41049452942218","-8.9331559744476","-3.95047147798363","-0.558339010565334","-5.05278741747698","2.4895836832329","0.312477867111832","-3.01038450373635","0.863696735869996","3.61500395457477","-6.81386198342436","-9.41277729639855","-0.74291099565731","3.48896990570972","-5.46869714120309","-1.25447012963844","5.22044393146511","-4.83893779934734","-2.30076083371627","1.38308455089343","-8.34198193262465","1.64989640312569","-0.305327146443331","-2.25882556675325","3.30735881018865","-5.01323192142178","2.98684440866206","2.93394590893614","0.771349005610835","-0.738166624435243","-7.60250995487911","4.72965595061918","0.38139010647598","0.938976623763899","-2.71986883173184","-1.53475581635305","6.19767108103297","-1.98726569385227","-9.79773863069806","0.990000248294728"
"Random_Index6_32_0163","-2.9424531779547","2.11800109636581","5.52257355891092","3.16394015133913","4.50542043119854","2.32258488773427","4.95515267808017","-12.9481532904988","-2.74805573849976","-0.175750742620136","-3.51416130078125","-1.09962030591538","-0.637562892567236","6.79456274984896","-1.18721453358167","2.92326254593916","6.22400675015175","-4.35613318355236","0.267663684422252","0.774480390645936","-4.42975676022985","6.78308360508775","-1.84777115102174","-0.155657730443701","2.36158748657679","1.01874725417708","0.170560079534916","-3.56895239897083","-0.769526128951509","-0.809909048739794","-3.67980140874546","-3.06168434662092","-4.16829282865666","-3.09897544274118","2.93586939029026","1.80012706538578","-4.25342401192019","-3.0747094396147","6.9982185683203","0.226085140372764","3.17456745560823","1.52838514534708","-1.12829640498188","-3.17784078783275","-0.229850723262974","0.952823441591301","5.04904310331499","3.31713819201022","-1.79251091387532","-0.604275625456999","3.29911313780986","-1.20572216853364","-0.611678841884716","-4.55183484953031","-3.69658533923364","-7.28632885257067","-2.28544143746882","0.908648788391648","5.19213073433859","0.946980437425301","-2.87863612541322","5.69503787552936","-2.71607548979179","3.43596474181241","1.14055636028695","3.19775303450523","1.41673357057865","-5.75377497017466","-1.08290556662573","4.25683804170998","-0.363852468806509","6.54618938326788","3.10946809509137","-1.26221267979435","-6.84940213073696","-4.52739871659914","-8.92485459516122","-4.10581245837347","-0.357638356381247","-5.38758736449453","2.43757876799895","0.304440806558185","-2.85120628030446","0.86824856972408","3.59991637213309","-6.48444295867323","-9.20195450317855","-0.670436546969886","3.40676307113242","-5.53008312000422","-1.0929921814857","5.23299119008208","-5.21689289377975","-2.40165232289242","1.03436277509539","-8.49357686670609","1.31174396064572","-0.134606168595025","-2.40590005455282","3.26752779532561","-4.83567785438809","2.90550719830128","2.89777138261942","0.867459726971591","-0.636121615933758","-7.48780040769354","4.70638193505809","0.429449725946504","0.787964449213246","-2.79148896214242","-1.86082790300589","6.21612727461255","-1.95265479482639","-9.44790454088656","0.979179254373306"
"Random_Index6_32_0164","-3.35944492042087","2.3927494659198","5.72459003566185","3.15668638190397","5.01000708615739","2.25172649511737","5.34875444479095","-12.9740341167501","-2.80782674620322","-0.454242678493866","-3.60732934145849","-1.20618337926925","-0.521395322930986","7.1242674226293","-1.42656173183083","3.04445681134965","6.79540532215304","-4.67329352188697","0.260186375477276","0.778880206297737","-4.47936557498129","7.11403941946917","-1.95586001597839","0.185709756007627","2.30094521970355","1.04203906640108","0.35973402930067","-3.72832697428532","-0.629215180119566","-0.822781898632686","-3.6973303941811","-3.13847620428012","-4.16622321017998","-3.11349084621267","3.548881922817","1.39339804902661","-4.10974582267169","-3.16364524484544","7.19048800991805","0.194538716585102","3.52759134360714","1.43211140108416","-1.22285659353981","-3.63793166257512","0.119861464982868","1.20283968742326","5.39283673499778","3.42978489432831","-2.05942804054187","-0.431557617223605","3.46103053400764","-1.25386580392685","-0.689121143593987","-4.83565000406441","-3.67714097886649","-7.2736175989451","-2.10409213014964","1.4871509771851","5.35963935541803","1.22266480708515","-3.17139003306697","5.99803064180504","-2.58907417824497","3.95470427779953","0.992741015195065","3.87283433848043","1.58668698193529","-5.87175977798947","-1.12639624922142","4.48433226092477","-0.273303382809824","6.88324137966247","3.76603433165038","-0.916213534890055","-6.84865443826047","-4.64196708281254","-9.23911823833836","-3.78413801715554","-0.377612581988875","-5.38160506651669","2.72927143131204","0.333663845592649","-2.80515475046325","0.898745779511615","3.90613188196264","-6.72147704268636","-9.19609506734639","-0.939722452372342","3.73447749741886","-5.73153501378827","-0.912707105217395","5.29902520986754","-4.97612691646844","-2.15866248425912","1.34674013046722","-8.99744609833116","1.78704099252252","-0.2823425466328","-2.28311133115136","3.8247250976173","-4.94355435261105","3.1853076000441","3.03875926191772","0.927083010625796","-0.828285363036733","-7.78417126351851","4.87486121354884","0.354245199886549","0.840331732335939","-2.86364179361957","-1.58849072442294","6.56227093933043","-1.98527304897834","-9.72561365804621","0.992700055190949"
"Random_Index6_32_0165","-2.98691459012345","2.40877824964331","5.91977579626062","3.25301693196292","5.0793112054068","1.96249280698889","4.99809352700164","-12.8224697521908","-2.83448628189676","-0.359137917542131","-3.69826015886931","-1.1239392496597","-0.653680176610419","7.20632775628678","-1.38889806015036","3.20656880251618","6.4183363693666","-4.81419243027219","0.229549455121788","1.05069571800924","-3.93749569718152","7.12487965337251","-1.88927045216854","0.308776098939796","2.33463628251957","1.40467898210026","0.660974200424236","-3.80160976196454","-0.367443573036862","-0.934424555858719","-4.00618714053687","-3.14068460254773","-3.87980330151484","-2.74102508409682","3.07368068439518","1.59488119267981","-4.27230540041767","-3.20098180019707","7.29421508038233","-0.0223957535655782","3.42462744372899","1.42191325844494","-1.2391250222029","-3.58252545813575","0.0810381759903893","0.939224438092165","5.43875828110058","3.45109555360948","-1.78346054506423","-0.626118803347114","3.85462661109446","-1.50022526265895","-0.682092274709987","-4.44113108281717","-3.41219110947045","-7.11574796486979","-2.06797506597379","1.09915085135077","5.34380372849669","1.19081272211979","-3.40774602508475","6.13438543069316","-3.18929812781939","3.85684886830938","1.05025802096724","3.28023868613911","1.51230713283465","-5.63012187035773","-1.09340772272006","4.76489878622194","0.00394693411584088","6.73393915818816","3.31297952345331","-1.39868390680484","-6.89305477381319","-4.49809160289461","-8.99548138502178","-3.96051639997388","-0.526940487810044","-5.13275035207594","2.39464819044099","0.376751982978953","-3.24957846397107","0.916264590042832","3.93005915632929","-6.86319663200269","-9.12765850724874","-0.706121178105498","3.68120259896253","-5.40208121599587","-1.32318036017232","5.66502827593714","-4.81805835764722","-2.21079597913081","1.62467876096673","-8.39837575249804","1.99890253271859","-0.410991785978164","-2.12537672822354","3.47959149006586","-5.26044136325648","2.89793774356688","2.9591104930073","0.669935137413185","-0.655349413023723","-7.36186625184162","4.66022767344597","0.29042280465802","0.847803172883585","-2.582846171263","-1.55265064702086","6.40275734552437","-1.88847051007262","-9.83569190865864","0.76269243017583"
"Random_Index6_32_0166","-3.13936542042929","1.9514628466213","5.41802808264017","3.03000516322986","4.80642325224309","1.98713239385525","5.11051240087055","-12.8205606020856","-2.84300972361926","-0.237922522218315","-3.60054871152717","-1.02225527150779","-0.39704937274355","7.04217608194544","-1.36641074791636","3.34822536371529","6.43337770815127","-4.58798624528829","0.280464268862485","1.04149551529255","-4.39932239413107","7.07856052536526","-2.02889845897596","0.24786397683866","2.05254891139414","1.28414790206655","0.574342458953333","-3.71272167078488","-0.529506407635914","-0.824975666837696","-3.88918461703836","-2.90504373818214","-4.01246187979263","-3.07535617975111","3.04898487742824","1.66517573594093","-4.42801228127321","-3.33226612156762","7.12436669554891","0.0860056570325202","3.151605424837","1.45870736032834","-1.08567258962507","-3.55083722727621","-0.045429408289531","1.14603050523299","5.04129607284609","3.1542274473352","-1.94323575079204","-0.753303869707442","3.33912325704198","-1.14550808309026","-0.576575188967357","-4.44235082453338","-3.48857750623881","-7.30349727208183","-2.21926658031537","1.08173818211665","5.02607858319843","0.878505009197409","-3.15901391634772","5.65308374113953","-2.8325746156724","3.59600050307954","1.23361778891778","3.41100563915385","1.86088344330177","-5.57018090556014","-1.1085169306251","4.31426516070955","-0.176889056163458","6.6572109747987","3.11112823167086","-0.852479911230609","-7.08245574297348","-4.52747086560963","-9.16365639556483","-4.13454349202582","-0.385133174037596","-5.45369578127541","2.32421983137202","0.167820387356915","-3.15616797337407","0.941380413180242","3.70774017202825","-6.71225618090996","-9.05005494804437","-0.672015172916568","3.34072306757386","-5.27257260805993","-1.3139972976968","5.50177826836944","-5.29789389344863","-2.26000391533141","1.36632233683496","-8.67625112697043","1.72596517154754","-0.401373619883152","-2.30186147805768","3.42849965551705","-5.01089695437051","2.72525690742817","2.77226808323377","0.856975260473318","-0.639505337997737","-7.49677118887734","4.55298996114096","0.177795870426925","0.520732153824787","-2.53550353344111","-1.86835815008666","6.18498360338249","-1.95063574083252","-9.54211918000545","0.730277704323044"
"Random_Index6_32_0167","-3.0679173067029","2.04694177525551","5.37531126117351","3.06753154695779","4.69573880535328","2.09065872447858","5.0477756198644","-12.8615324638042","-2.99048453694798","-0.204467604590695","-3.66038024719086","-1.00140538296554","-0.478245025959557","6.86445089158514","-1.34230745357321","3.11561057231247","6.35972566636485","-4.62992458402575","0.367959240550649","0.935898866938225","-4.31430574309887","6.75407477417676","-1.93817935761776","-0.0639872264278193","2.13374018257301","1.10360054743474","0.379100034403617","-3.60762947403594","-0.609183238924073","-0.928355411173193","-3.82765159982467","-2.94689016214751","-3.94379583854621","-3.12704317201713","2.95688490243656","1.79086819331167","-4.33756717106461","-3.14590247474683","6.94644052284458","0.251291239444208","3.20790569042948","1.52363224567929","-1.08580450963495","-3.48163935606573","-0.00631983500052831","0.950506169168695","4.88952737235407","3.20863510923635","-1.7231614494996","-0.751348835140162","3.41419949626405","-1.24193506888951","-0.63823645629147","-4.44883317543051","-3.4889368318736","-7.2339533069646","-2.17809790007066","1.01212926446415","4.95624185443497","1.13962816508408","-3.22789577905376","5.7646004383465","-2.85255994302728","3.56339083566522","1.33266734985848","3.34008648210202","1.59990786248239","-5.66138138931855","-1.12639876857786","4.29832642792412","-0.116572920706347","6.59155300470277","3.00023759142611","-1.01074322154983","-6.73786345217729","-4.27111045376154","-9.01062348409953","-4.10482580316075","-0.514191954685517","-5.28566177937444","2.3888961098118","0.210395932444616","-3.08039022961536","0.893765698091863","3.81236796188372","-6.75454941730445","-9.06803235970177","-0.544794778720871","3.43161607509976","-5.5896875166097","-1.22701758831301","5.25574493353408","-4.8959251095611","-2.26773271764188","1.49993018198744","-8.42422832777732","1.69404522095883","-0.179756732500245","-2.143434553775","3.41124433991701","-4.90221476387558","2.90033837110179","2.74502842481216","0.912166115939377","-0.762223432413378","-7.76373393023421","4.5198505121317","0.321832089383084","0.686412351676022","-2.61679126494854","-1.76414480711507","6.18362642875241","-2.23953668423928","-9.52860734576796","0.956722537041885"
"Random_Index6_32_0168","-3.15479114997051","2.06931365416472","5.5631675324122","3.01776175932621","4.79353305931145","1.99544062024367","5.08625153324298","-12.8040692566985","-2.79069068664375","-0.26621113311708","-3.78297904780163","-1.13902567301293","-0.572156038431588","6.67939742059745","-1.51021506701422","3.03631373792654","6.26794625654469","-4.59000356344804","0.146427762749634","0.996923199450154","-4.27007455387397","6.74276501558552","-1.98157447923723","0.0871592122351883","2.47869864368854","1.14435222012796","0.438840879578099","-3.76195108000564","-0.540503720680336","-0.993541828496964","-3.92457693337598","-3.08004599147914","-3.97531743021324","-2.94445765588172","3.2105558749065","1.90642687209512","-4.15722993447739","-3.17272926938281","6.83502401600943","-0.0115062630781166","3.23180654587222","1.36685955169335","-1.20551437013614","-3.57334722450779","0.126868897010443","1.04681843557464","5.02425654896042","3.26842069380489","-1.77045722133028","-0.559053331980051","3.43291944276289","-1.20323395720706","-0.751233981459313","-4.31551999022621","-3.61996735535866","-7.11032338810693","-1.93235332126304","1.3014739221356","4.98909630015249","1.09151153113866","-3.16173467924677","5.71259948564863","-2.96170538338962","3.58535122123113","1.05069146196777","3.34031505756955","1.64643132003848","-5.7960825186987","-1.22603666511363","4.38124636933146","-0.187792213906123","6.54947996099082","3.09627292799295","-1.18823360555387","-6.83851784133822","-4.46910381619946","-9.00194924163009","-3.9279480889954","-0.376310758997093","-5.22226236728667","2.25393415203182","0.1383489215582","-3.08348399219061","0.806582202991122","3.49680454664414","-6.66419245354011","-9.1557872012127","-0.724106760606637","3.44373414664991","-5.55054633678132","-1.29670396701867","5.43957321845232","-4.92605514983444","-2.26384346011115","1.51844091582833","-8.35163858572576","1.74205646949086","-0.518572877143679","-2.19217459453332","3.58729366668028","-5.10508487160552","2.88327411203754","2.65218822038322","0.72771774768051","-0.643971830129672","-7.51233601265184","4.54640341663889","0.164586589719091","0.744773166278091","-2.61429090650076","-1.67059373903292","6.08628934558217","-1.89122585704231","-9.72188821136053","0.832494643967572"
"Random_Index6_32_0169","-3.03902588336069","2.1885917629192","5.6045346878194","3.13836065652448","4.93180383036988","1.91364903706884","4.93192029153421","-12.762986722022","-2.86062469364358","-0.457121805632843","-3.77598352249969","-1.22575836450332","-0.609019234923149","6.78764768398122","-1.49585308004203","3.00732340223501","6.27630324786156","-4.90714090179281","0.134585902352127","0.894593103268587","-4.20989570137007","6.79585261179998","-2.03210254994127","-0.0313128156332918","2.34047853002289","1.13169963507967","0.370538256464407","-3.93110239033254","-0.52789930004323","-1.09634791187756","-3.98175089762323","-3.22874087536002","-4.03626367399309","-3.00607270501194","3.12609752509883","1.63993272214526","-4.13596206180908","-2.953456972321","6.90308309666771","-0.107825953016246","3.25894461630084","1.26750159915381","-1.4839559638868","-3.67149318254233","0.216501977235644","1.10559174099764","5.14911773988057","3.26832437054154","-1.98004618117012","-0.551654127590037","3.54473030634682","-1.45833537256609","-0.807387121505327","-4.50262683827453","-3.52984141012926","-6.96299410812126","-2.00095838959391","1.16054200068111","5.05899307621541","1.10944444016307","-3.17128451600019","5.7429659570458","-2.91685397553259","3.73589808576094","0.97700640475064","3.43485042305856","1.44007990378826","-5.75337751716909","-1.24740747339017","4.42019225414528","-0.0532742650461953","6.60825470830273","3.32858464180575","-1.18722609210801","-6.5912619275622","-4.46569128021021","-8.81606071499027","-3.81974081651727","-0.646939143921801","-5.13737230784324","2.56281890967278","0.208051207462183","-3.20773068471236","0.78832355290489","3.83106002166043","-6.66216021604418","-9.10722662564049","-0.861514257483903","3.53354313734026","-5.60102981076969","-0.920990898166504","5.2247157330718","-4.86387223040928","-2.12945618188929","1.48438153918769","-8.19557900477352","1.6812895340679","-0.48392512893737","-2.04880384862367","3.46276545442668","-5.11720321029045","2.92172691610779","2.92128850876878","0.565430353653016","-0.874764552354302","-7.57417016201033","4.67630881733816","0.0772870275812516","0.669140957456409","-2.70557726106305","-1.52019904608482","6.32114334884238","-1.986163513632","-9.74250375520982","0.783462975287203"
"Random_Index6_32_0170","-3.14820788650674","2.07321915575902","5.48678010312109","3.03558434566361","4.81225854686441","1.99539877425012","5.14335982815646","-12.888720245746","-2.85472779591953","-0.366607331617112","-3.81169992475602","-1.18294902612372","-0.709063398486523","6.91000926508068","-1.46065559521095","3.20823617846786","6.41407464811117","-4.55188972914438","0.276280175363973","0.934385851072268","-4.26380932284321","6.80169511606229","-2.12879143292307","0.15371818237738","2.29107962387573","1.4552894561449","0.430239441405387","-3.87854342603938","-0.448255611296954","-1.04971543059243","-3.88093000373456","-3.04782992971042","-3.8134358249431","-2.88440891374761","3.04335892870927","1.79262259402558","-4.1476094116161","-3.15458105206472","6.97133182641407","0.0963598157746194","3.31921809893922","1.33625444614615","-1.12671957055368","-3.55505227446385","0.0819569582308444","0.994574793604147","5.06855052092675","3.21045310686484","-2.10401801857479","-0.662337406626565","3.46186811845262","-1.34449868410379","-0.520835426177842","-4.44331210206413","-3.38851735438343","-7.22462184723267","-2.15237834317162","1.04153438650525","5.0015285860942","1.28156649171296","-3.18208974251676","5.78882740165576","-3.12957864355569","3.62781911122077","1.14734469800024","3.39166377739049","1.63952780519718","-5.67995083973766","-0.923143440355816","4.4189054916405","-0.20764882302047","6.53992907787762","3.13476836230209","-1.01583604838878","-7.05950966207629","-4.31140098998684","-9.06579447176614","-4.14164306388041","-0.351872429150614","-5.32331283143332","2.2830944896488","0.0446194829912736","-3.45081516925225","0.722261629427924","3.56553179641489","-6.90747516661171","-9.00001092477218","-0.668996447593857","3.41050601973354","-5.57482876107928","-1.33036231268291","5.36251842141955","-4.87205046527084","-2.30178061120033","1.37736352387623","-8.33646429900473","1.74996830842251","-0.344515675066326","-2.14857574955977","3.41148035414452","-5.18774549262302","2.96685362279613","2.67936806599649","0.823767566376428","-0.419574407372121","-7.7146920973785","4.64395972710513","0.127600524509322","0.95243343021657","-2.6675070373485","-1.65470215174666","6.1966487417692","-1.91968186921693","-9.75260512607244","0.681958596606254"
"Random_Index6_32_0171","-3.03805560425464","2.13712748263283","5.52907256034882","3.02974134958228","4.88936947392255","1.97145807831097","5.08199738964162","-12.7736512042399","-2.92562043428536","-0.291524279747341","-3.69313389581739","-1.13360091126296","-0.577506898967756","6.93476180114904","-1.47032750861836","3.14200894541829","6.36672916754849","-4.69740615482137","0.248395484541908","0.965412930797501","-4.26518748432596","6.84547226330133","-1.97992678215783","0.114362613260397","2.11662009224493","1.12746992571816","0.390565670930421","-3.72519907010868","-0.462364803747076","-1.04306900441342","-3.8846590393855","-3.04328284038395","-3.92793710688014","-3.05092258191291","3.01906390695947","1.60189442921186","-4.24068563458524","-3.19354777968734","6.96021179793464","0.015819394512704","3.27441150750871","1.34842053692025","-1.11418736637833","-3.68288215609539","0.086550720880636","0.975999670419844","5.11563097023818","3.26528554295354","-1.91655307399286","-0.740323900828369","3.41991129885782","-1.27547609400681","-0.638465568022133","-4.42612596262147","-3.39192160511371","-7.1355530085558","-2.1308502860024","1.05878025945777","5.00332780018223","1.21634708371282","-3.23507342926794","5.73071098318292","-3.01704986781809","3.67323178566234","1.16546643946567","3.32077897641634","1.62195417271132","-5.59603885427234","-0.939142973504285","4.43156102652402","0.086326192082642","6.63066662922833","3.18437298683592","-1.13117737671939","-6.84166220622188","-4.4185286363403","-9.14048910857238","-4.1091388826712","-0.497618192479623","-5.22074169969934","2.39475827035049","0.223463457255618","-3.15221806802207","0.716101812505442","3.64309797163503","-6.9495193841075","-9.06169667676397","-0.756716568610439","3.40116816753372","-5.58494505862868","-1.25237568258135","5.42021613904184","-4.82592009977896","-2.1749169415455","1.38069121504962","-8.40609469236699","1.79280872078447","-0.373822486213848","-2.18341891201448","3.39409114343028","-5.04834538061162","2.88532575653853","2.81786928264056","0.731003643962373","-0.691723912749321","-7.66134551898414","4.52104861049196","0.258777148636041","0.747055581192765","-2.72586613857525","-1.71703433898779","6.26453099036741","-2.1283155044024","-9.64152337523148","0.740929355184261"
"Random_Index6_32_0172","-2.95284077489393","2.13684080763711","5.67370645877923","3.21782786384642","4.99745677557833","1.96385748759887","5.25802257596351","-12.8869174069747","-3.10404615073837","-0.419380196497247","-3.88802762233129","-1.36281287012247","-0.82193160518605","6.86908211418525","-1.64256805026631","3.19150429281919","6.21232313889899","-4.70323151113344","0.20596897096195","1.10594699791791","-4.35567511243047","6.90332633202728","-2.19591814004175","0.217615536068707","2.26073345002269","0.881209895407322","0.425104411400637","-3.94406575659615","-0.518802802336569","-1.04425812606433","-4.0831183063905","-3.3432768688617","-4.2269398684922","-2.97247259827122","2.91444244316848","1.71610124364127","-4.2123214207133","-3.07131835944317","6.94246962723498","-0.0817709838762259","3.43950327612729","1.18711741204555","-1.47597575171747","-3.62634330981083","0.432527766065813","1.07783627599308","5.18303834798189","3.26165057805802","-1.98295769480346","-0.453208118090538","3.55969690295385","-1.39671856598567","-0.877636999945592","-4.38235639027083","-3.6865656996524","-7.05754620112829","-1.82460309704731","0.996764477208325","5.14617936158913","1.06780285696819","-3.22010903928176","5.8135208203282","-2.97275190423404","3.71497216274153","0.969097854594993","3.22086502655373","1.61620339988237","-5.99087065134832","-1.08314524487445","4.58755167510916","-0.263409983772639","6.42210539464039","3.20504307838228","-1.10666425080094","-6.79614242046897","-4.63129830695255","-8.88524606079239","-3.91530399670303","-0.489175986023049","-4.98790617631209","2.49242146201547","0.120023330173129","-3.04471762149457","0.995745567934982","3.74282419246017","-6.63313520881203","-9.27536216411896","-0.945802659390326","3.48368742150181","-5.62002752698428","-0.985644338963423","5.50138114815584","-4.88956261889958","-1.90734157170725","1.54555642440279","-8.44355068519434","1.79316319893982","-0.65220288086809","-2.32718616188132","3.20486031147436","-5.16467418302804","2.73557091526022","2.83847826453286","0.522989169747598","-1.00588314274502","-7.47018722607919","4.70860458471687","0.270358023698365","0.994909675900462","-2.97129651048892","-1.55365023352592","6.27307642173734","-2.02507138777326","-9.45551656946643","0.825037360354447"
"Random_Index6_32_0173","-3.11609238037468","2.1133259530453","5.64068618367612","3.12046201453717","4.76772335282355","2.04123756270477","5.25937553790598","-12.8148837496291","-2.6007602504189","-0.348595110327972","-3.75557087195781","-1.12531416391469","-0.620398513381519","6.76424463525153","-1.38863244893665","2.94395463840545","6.14075030865145","-4.62610421937418","0.23593650176061","0.877357086367009","-4.07115069636743","6.74390336279477","-2.083146672399","-0.0642424806577233","2.34724239507047","1.13073145952682","0.303651643604992","-3.74131457661854","-0.519452248187608","-1.06817537931231","-3.79265211145407","-3.29852281452239","-4.15427413551238","-2.80887589176436","3.00551956223179","1.50737492068382","-4.16806713420045","-3.06354181057697","6.77042406845048","0.0496427151075233","3.40231243772431","1.36738306977782","-1.36421072338152","-3.41024385845276","0.177270895002946","1.01599325192169","5.01610538338357","3.28194032679524","-1.805189869325","-0.613615122885743","3.45061792424265","-1.33479461234585","-0.830375165772213","-4.51783208963721","-3.64725514891542","-6.97640920672987","-2.15777043634522","1.10221260845346","4.9984668656755","1.19977290063836","-3.03329440304308","5.81772328687882","-2.8574469605139","3.66163103654318","1.02716930973562","3.25855645305363","1.34536577648627","-5.71938977980219","-1.26847654903598","4.27017796496524","-0.135062676759732","6.39936477241089","3.19159927039359","-1.06274434223543","-6.81058553135476","-4.24307469856194","-8.77745972897667","-3.89023860998312","-0.396445115009512","-5.06512737510618","2.28165499521121","0.0600284844899861","-3.13867982879166","0.771202268985415","3.52823282434789","-6.53463508736128","-9.1986179195942","-0.712667158699349","3.48434270672506","-5.40671516391741","-1.24320316578106","5.24075753960232","-4.88246095281398","-2.20661746738673","1.26374778580486","-8.11232272454229","1.61879783461593","-0.324130205524428","-2.28204148528532","3.28251620500377","-4.94636335304735","2.82869531232346","2.74766024159985","0.779566568487545","-0.630136873593886","-7.34290601325947","4.59805586157894","0.28290557933414","0.866258799780921","-2.67769850851752","-1.58356100272467","6.18052301612407","-1.70147626955041","-9.57052781826151","0.676923148975104"
"Random_Index6_32_0174","-2.96990810624009","2.00796495381832","5.47513703576347","3.01558032232387","4.76795614483827","2.04816094411232","5.04917720936636","-12.7243345566652","-2.67132488265244","-0.32287314434838","-3.7445513306361","-1.18687418123678","-0.575949403743759","6.79341636786755","-1.37933919634267","2.99792895284883","6.21742441410525","-4.72281971890822","0.153941386361609","0.968606534572111","-4.21521397936327","6.67198120949241","-2.04795787979092","-0.021875308296254","2.11935611036539","1.1561974512495","0.371050987834902","-3.77248457450474","-0.630720894918619","-1.03317063657784","-3.93056256610731","-3.16409544398735","-4.06321106502267","-3.0357118589893","3.11864428236826","1.59304651251149","-4.36345936627425","-3.05120163446258","6.85521015898142","0.100012895093151","3.22842205000897","1.31161571112243","-1.13793691072727","-3.48493170434655","0.0425274203816762","1.07670713455311","4.992101839202","3.250557801899","-1.72582238604968","-0.662940154152583","3.39484643774223","-1.32747001364938","-0.774352887940991","-4.29757743894298","-3.62126341130735","-6.91385489039983","-2.02137919216715","1.09308296982726","4.92743152073933","1.1660959630133","-3.18072061389234","5.68940006216161","-2.74085693090841","3.6197967266493","1.09357337639977","3.29465755745518","1.5577595476","-5.6188779236923","-1.32982521130891","4.26996305425841","-0.0604300707461524","6.48299379858658","3.09096247002087","-0.942751407668107","-6.71332028286083","-4.32828413378292","-8.6780450648637","-3.91929153438794","-0.394864788327312","-5.23179768531224","2.29075028451593","0.0423414843498029","-2.97701349129306","0.866576535151711","3.56933446503708","-6.61806440936998","-9.07844343336323","-0.692460565631491","3.37972044616507","-5.56660173077176","-1.15969750628065","5.30488713241177","-5.05871258474111","-2.132211460918","1.3821178464482","-8.19146484853768","1.6446251525492","-0.391640803286964","-2.33627623148676","3.48262288496915","-4.9222656237379","2.92949995279563","2.72983208550954","0.716121237782337","-0.497881981104107","-7.38651872609006","4.55189657139663","0.18674359211761","0.607290075799321","-2.58771536834039","-1.76372366882696","6.1859263566161","-1.8789650325334","-9.40907687049791","0.789049590006302"
"Random_Index6_32_0175","-3.10032928035384","2.16741785649732","5.70207270780706","3.19950086516673","4.84020922225329","2.04985385869673","5.30727287019202","-12.8086485258655","-2.93595166139907","-0.379283429452209","-3.76059923363827","-1.16980165454744","-0.754070291563692","7.06121481079574","-1.46032086528984","3.35895212554135","6.30381048481426","-4.9019295110279","0.280190236955317","0.936309216928873","-4.303608631409","6.89602753359316","-1.89034327285546","0.155828210504894","2.11712586683371","1.1737800981324","0.594891995827207","-3.77515401743687","-0.507397876593888","-0.989403237138117","-4.18503286023755","-3.06952047138972","-4.34885462910564","-3.03589715303295","3.07774421399415","1.70716793353724","-4.3096480640881","-3.15407219404253","7.15515278873199","0.261585863363058","3.30429907053531","1.47482905218838","-1.16909280195611","-3.49529739323413","0.114429214297055","1.15651058572739","5.14771088783962","3.29297123450925","-1.81783727030178","-0.915223309976101","3.43469380845808","-1.42327132733331","-0.737707533144841","-4.43538885943358","-3.64065430460031","-7.06563280288185","-1.91601439822825","1.17451605572406","4.97780018505492","1.22624425811702","-3.28073601788713","5.78180133952138","-2.96959717155119","3.54550561527237","1.26628596724949","3.3257297515754","1.46910664137209","-5.79698122130298","-1.01474387383837","4.43360252600925","-0.102722239380765","6.68296723810922","3.2454259114325","-0.844844764463809","-6.88849405747087","-4.4254766633819","-8.93052424287582","-4.24556965211087","-0.368077961197402","-5.29741252990121","2.30448264546035","0.311491603495276","-3.11944005986088","0.902711661708156","3.70767387025482","-6.75658983745918","-9.33174506617092","-0.828364188340602","3.28534164122534","-5.67269293056857","-1.39065723847525","5.44480972908289","-5.16849894651088","-2.09826782724507","1.4428069282759","-8.44448900937871","1.73456438735777","-0.508163117257645","-2.47305498011931","3.51054304583456","-5.14114156509293","2.94750636400218","2.799736688353","0.861147807279016","-0.616546409048155","-7.75852565669975","4.4751135517777","0.302989597006583","0.67319945654804","-2.75354440725172","-1.78704149407042","6.17135822955948","-1.95519247706736","-9.57703535644248","0.845244558054452"
"Random_Index6_32_0176","-3.19999122140717","2.15169961063552","5.58812253995417","3.11604573572762","4.85197228257725","2.23543252817529","5.356728783998","-13.1120450921744","-2.7036431394928","-0.138880520621423","-3.70052179327106","-1.13628454820918","-0.549520773883189","6.97250611180385","-1.31872217629068","3.0063498642604","6.37339410600168","-4.74425516113238","0.411894240603078","0.92598314911255","-4.26955463269194","6.96699876049647","-2.04450595009147","0.110040331221537","2.17250703371295","1.22178984187812","0.193650368632597","-3.77044349418247","-0.768322848287951","-1.01227886409581","-4.00465201210771","-3.07764108796924","-4.46357060917001","-2.92397776668798","2.98272792307584","1.81438167146693","-4.36896343857274","-3.26771341738239","7.12812530757928","0.122168327979515","3.4309198344451","1.40371556053042","-1.32663031864484","-3.49343039137172","0.215774778544575","0.854400416398466","5.08265383881499","3.19455030545599","-1.7565811495771","-0.750995371306706","3.49988828490293","-1.40876287725278","-0.789828345056101","-4.50893555514283","-3.67751635880585","-7.18990413445224","-2.34208402189963","1.05568391540944","5.21819678861774","1.22084737793948","-3.32459168796409","5.98180555937275","-2.83433828672561","3.66379857543798","1.17751944804769","3.29499171738439","1.57204247170496","-5.84207054950329","-0.92296049891166","4.39178040008914","-0.153331399128758","6.65556351509177","3.13159847872574","-1.25318923658042","-6.93544666582832","-4.40781278600683","-9.30775911680058","-4.29078322499199","-0.452752827896541","-5.38098329493441","2.34607650137011","0.412617479399673","-3.00765027220031","0.672754853118113","3.80936149388155","-6.71069040597937","-9.40141221725405","-0.887477835115747","3.67360286724281","-5.61299311424931","-1.27079392982017","5.39666180971992","-4.96523378693935","-2.56402609999529","1.28631808745317","-8.38295426651754","1.52335589219117","-0.338580531482532","-2.52661660104826","3.38104148514421","-5.10088911336143","2.75005457289447","2.91159898759828","0.951594914368752","-0.76602343708435","-7.56113287507804","4.78417512048259","0.516697351711195","1.13567634318147","-2.87549922780749","-1.54278374008662","6.30118949422983","-2.01222957920682","-9.85539914978949","1.021467552018"
"Random_Index6_32_0177","-3.14995685673969","2.21951129831731","5.39478776027336","3.03062094966536","4.79749508801708","2.1365078892859","5.27189361613776","-12.9679651133223","-2.68923443694162","-0.181469910309916","-3.64911963404167","-1.04716926164727","-0.38744413466342","6.83403348048356","-1.33914883305168","3.0510123259855","6.25020439571379","-4.73428482483706","0.290694267985064","0.902156386038316","-4.22925766079073","6.69840255281549","-1.99774075295572","0.0946935998433178","2.20913418442325","1.35388035928388","0.428119595546495","-3.73755299830595","-0.556141992879662","-0.941317342489597","-3.86171599407597","-3.04555958317269","-3.99561002738922","-2.86231834102211","3.13254302041317","1.83529019631969","-4.15505670367559","-3.0908189756995","6.90730631984535","0.175658141548559","3.17024058382649","1.46093306730586","-1.24917303039444","-3.56273979471286","0.0881107049349332","0.875408754973016","4.98204733351542","3.13802671979334","-1.78597974455467","-0.652278432760171","3.52106407013547","-1.29745566698912","-0.712192961326173","-4.35757695213941","-3.37802092936832","-6.98116746520594","-2.31512353716578","1.38858189809834","5.07512244704955","1.1915760510594","-3.13451200070182","5.97256920855662","-2.76107293595718","3.58789773948756","1.16593991847851","3.43882181692728","1.5814181551509","-5.55677972615012","-0.988138111961874","4.29934975203593","-0.103268176613029","6.5381066249925","3.1139706573983","-1.06446218608655","-6.89104474881774","-4.43746373879472","-9.21162305707339","-4.04632516658394","-0.327610442760816","-5.21816433524304","2.31601500191117","0.348620935607598","-2.80306509894783","0.812705618811859","3.6199900005951","-6.53313077498645","-9.14846116128226","-0.603595919547838","3.46042738633174","-5.43984785013868","-1.21554278039959","5.37907249493189","-4.92079527202502","-2.41468150195179","1.47832031174279","-8.2270420351842","1.75578037568676","-0.320423221212744","-2.23403555101233","3.49189943883275","-5.00318647875287","2.94469121435138","2.80116147037124","0.817558410688688","-0.666601316083748","-7.49889813622829","4.64819877123507","0.464746680253304","0.969408253726847","-2.62178072597882","-1.66646843363212","6.1231724276902","-1.94994377041823","-9.60800543691054","1.01195708978236"
"Random_Index6_32_0178","-3.1285598344675","2.31869168446502","5.78022612891554","3.25774209262423","4.90517474050475","1.89990802140574","4.99826000622556","-12.7410123427388","-2.84033832391211","-0.334752482696833","-3.77004093724073","-1.27733137793061","-0.594351377061467","6.89265024032369","-1.60318896509318","3.14230706389246","6.13162986058311","-4.85385947788315","0.167204759497349","0.958978341908752","-4.21629008518249","6.86575613817465","-2.10828225680713","0.154475738062884","2.4865070635356","1.01158898340931","0.487007689987578","-3.78546546170799","-0.425194379434862","-1.08610969931463","-3.96329806716214","-3.24753171041237","-4.0073898983534","-2.97333008526021","2.95170374788458","1.68206921187463","-4.1296031940011","-3.08047667623596","6.8650114715138","-0.0858400306000376","3.34786113420518","1.31205047715775","-1.27755750502738","-3.58746071724477","0.233202076402241","0.997792425459567","5.26596903848419","3.52230523646431","-1.91195456529904","-0.446997568064505","3.60963579589026","-1.37228431818561","-0.8783030094284","-4.40134184995957","-3.46720012163687","-7.03288709729113","-1.99534945876652","1.13697234455235","5.15723759463031","1.10959484190626","-3.09169043500734","5.97789576449932","-2.88357959673891","3.753555852726","0.945569936838141","3.24758091136156","1.4645530415741","-5.83569318011107","-1.02048962176584","4.39153120309711","-0.0124384434964816","6.53387713934177","3.32580989625292","-1.24761072810454","-6.63208047523588","-4.48479752338013","-8.95779430318808","-3.94246961858669","-0.534579720161884","-4.97869367874904","2.50563269426254","0.13518964450297","-3.06198452413733","0.989905069108861","3.79159335903812","-6.65167874829183","-9.04018170360904","-0.84175625546066","3.67649494692468","-5.54666504070925","-0.824260890968277","5.41157053224966","-4.75038933519545","-2.03319124400473","1.59231665003585","-8.31827179823463","1.86098865441936","-0.494756434733671","-2.21599700581014","3.35614502379139","-5.01204415145335","2.86571110758598","2.93977258950721","0.623800861231953","-0.801733191093123","-7.51662616697804","4.75095215645288","0.151631565539397","0.895075659200696","-2.66299548242019","-1.4382074398873","6.40641389180497","-1.97432993990264","-9.54748948393833","0.701565693781488"
"Random_Index6_32_0179","-3.11172298000328","2.18016082781529","5.60764203195861","3.0455321563659","4.89404855101307","1.99574577417891","5.24570806705011","-12.8026035808784","-2.51621713081262","-0.207835920481504","-3.83105309981557","-1.09899147320285","-0.806576384750429","6.66991355674397","-1.41221846128995","2.97373264604351","5.96870010550841","-4.67486312137991","0.200269793518483","0.950674553410552","-4.03810147536828","6.57204979323452","-2.18931868916497","0.0360774662093955","2.50023488176292","1.13234526872092","0.359654864871985","-3.93177718567057","-0.427971325280014","-1.11503794769188","-3.87907977775027","-3.17603563538033","-4.07005675971362","-2.58687528354747","2.79620300432844","1.72155535388476","-3.99449571697335","-2.93013421862179","6.54715745192702","0.023685799274869","3.2797165504551","1.22286503946028","-1.38683551173035","-3.60339150445417","0.0703364885301313","0.839112124273226","5.11779617457521","3.23497031987957","-1.82802818013888","-0.376089975057036","3.77191295300565","-1.31680572056212","-0.705117183265953","-4.39225251848564","-3.39730474880463","-6.77096362463475","-2.05138624793294","0.882452144495132","5.22210664552157","1.43902497497168","-3.04408839415093","5.97431021355976","-2.83193564203894","3.73324957718153","1.01554617489263","3.04635105908444","1.66293075353054","-5.57249823199242","-1.13960714659762","4.32071251834274","-0.0732512205016785","6.28837726197761","3.19907377621925","-1.17591030819755","-6.60714421973299","-4.1955756301425","-8.82238613458631","-3.66649437876497","-0.321423298132836","-4.85321367672537","2.32976740070667","0.0131895471240412","-3.08135938083107","0.738555769784282","3.65442030980481","-6.4847619201559","-8.97937061823304","-0.770157414175217","3.53924202992413","-5.62336220494344","-0.967172102466901","5.18004906142843","-4.76358982855574","-2.23450597581352","1.33254386269038","-8.1424917586146","1.78730680455824","-0.359238570072806","-2.24722047704993","3.14980173291827","-5.18455962819258","2.55700598246507","2.84494757896134","0.500190089001816","-0.742311592650788","-7.23937566678426","4.71059496533069","0.0405942347645675","1.04725955481318","-2.81087746273226","-1.37452301422076","6.246498629658","-1.70423320900459","-9.68461903229373","0.720623462209849"
"Random_Index6_32_0180","-3.1563690755522","1.8847407639816","5.47562724881504","2.98210317101537","4.80098006640154","2.13148454180199","5.1489776113059","-13.1275505945296","-3.00222374618327","-0.156559684178783","-3.73067954962021","-1.19988069352947","-0.53209594536185","6.90600458609382","-1.36635791171481","3.20221339574359","6.35945924644504","-4.84812082773761","0.338277169519285","0.799472754031574","-4.56352841206563","6.77045538673518","-1.99194923193341","0.0427648950289194","2.18260934698048","1.30973787695724","0.348160179046776","-3.77964807067179","-0.599640091311689","-0.93494913339205","-3.90987797469444","-3.02842603809326","-3.92854659507838","-3.33491083102332","3.04730337835649","1.73890160578351","-4.33510415276199","-3.23946923204788","7.01868238337469","0.277310788992711","3.13764168609117","1.52265440411589","-1.0795843114412","-3.6568884410439","-0.0681021034545385","1.1021588660699","5.01691742474574","3.14388551208227","-2.03908876132523","-0.756925510907821","3.29981862403762","-1.25895379599048","-0.70871122506174","-4.46711924711548","-3.53355711561197","-7.31710246600597","-2.26579420315841","1.04003576381701","5.00744900665956","1.01072439278511","-3.14682578030041","5.71999368941298","-2.79899938276233","3.62046472514349","1.31060407821511","3.40040312660901","1.7745518078161","-5.71795453293593","-0.900683569229733","4.21250184683149","-0.139789273568033","6.602124669704","3.06488430065142","-0.980137397480551","-7.14240963533932","-4.62364349040071","-9.18598904416632","-4.2493953942551","-0.26806207265858","-5.35550280684001","2.3520821148671","0.287738736590554","-2.92842185251673","0.890621167282058","3.70743508245136","-6.90820640581495","-9.22074887887174","-0.560663244231453","3.29950588816732","-5.80596520878274","-1.20360168784528","5.31204113765213","-5.33822079002499","-2.35693471124574","1.32249186725636","-8.45949181714083","1.53250154120062","-0.393107374405486","-2.25747824736156","3.44687651068313","-4.98504805531327","2.90292856643506","2.71146528590792","0.930430144672137","-0.674481427858493","-7.81616637367952","4.72114069196554","0.437299215410359","0.681496718345451","-2.59031381556522","-1.87657194363275","6.37559582376219","-2.27854408098804","-9.56546665432956","1.0109754552578"
"Random_Index6_32_0181","-2.99179098068023","2.01887491621827","5.50044522346515","3.02857049156327","4.62295727265348","2.26945306095399","5.29411619993623","-13.2089488181552","-2.53493958904431","-0.192907064338719","-3.64289168048206","-1.22420163380698","-0.525113965287509","6.66989304284405","-1.33873234949377","2.97105801760109","6.20853193387591","-4.78295318397619","0.418534373936501","0.797459441747383","-4.36402669237729","6.57633822252937","-2.01339471207441","-0.120311825417753","2.37265447441711","1.16932725342881","0.429232532588973","-3.75264402918153","-0.755857888864153","-0.964509360761302","-3.69319958586985","-3.02712801749217","-4.04661527026474","-3.10696440064579","3.00034774076721","1.79506092840016","-4.09948487815338","-2.87061516542759","6.81376856133985","0.240444616621578","3.25709128824618","1.43932312353361","-1.41308815341953","-3.4048993404527","0.114040969372068","1.05084832198609","4.98085322961016","3.32567271356014","-1.75897159384722","-0.578930328486384","3.35746095221927","-1.2852757965907","-0.659782013720437","-4.33306502544385","-3.50807940258586","-6.99386410256682","-2.24718725386557","1.02085187924484","5.10796497467675","1.2863938606642","-3.13536206317141","5.86428075046138","-2.74818166714186","3.5153693000658","1.1102515628727","3.34834803455426","1.65120911932124","-5.79278145191349","-0.975045297862943","4.15776811754872","-0.238920576651173","6.45436521778819","3.14323588291447","-1.14317801820248","-6.38805867066993","-4.34042205873038","-9.18725073614962","-4.06365107697376","-0.402996663865955","-5.00317415408696","2.45373409295246","0.395000776803867","-2.81688996706519","0.808648306645627","3.72753153381023","-6.59723898392576","-9.01059017768414","-0.719759649354442","3.5303994822487","-5.56893871425181","-1.00254709364599","5.30482740209809","-4.97315517160561","-2.27556640781532","1.19532339799185","-8.51581517172533","1.52910880309673","-0.199655828954155","-2.26240783785306","3.25038210755331","-4.94072724181153","3.01952183525279","2.84954004577007","0.867242582428982","-0.620226997367891","-7.57305754512986","4.70504627009089","0.465329050404692","0.838828194976374","-2.7265746039356","-1.75305386372884","6.3443843649444","-2.06152864323413","-9.64788054244708","1.13115993967504"
"Random_Index6_32_0182","-3.23268170472902","2.10361898906108","5.43812164940942","3.07402287194354","4.79395893215789","1.99850888438744","4.89838870187874","-12.7136588684014","-2.8220984377721","-0.307878197774625","-3.69728088492431","-1.18336720511972","-0.568578355856612","6.81689297966409","-1.4002509064556","2.92857111809893","6.22335517072352","-4.58227602077233","0.302410084245154","0.813344872993787","-4.59333976822341","6.84091906979803","-1.93574735345018","0.148440149098763","2.38960980256905","1.17276932017528","0.296756696967435","-3.69850967327658","-0.3901453828956","-0.925254918596341","-3.91959237609299","-3.19914335660442","-3.87802408185082","-3.04937577400658","3.20689525138271","1.64627126592822","-4.14480918473431","-3.35104905499624","6.85318835387591","-0.0668439777286423","3.29865697906758","1.32143967877273","-1.26828976767202","-3.61216749827163","0.0177901736377016","0.93385576482785","5.06661747029374","3.31924019764991","-2.12503890419913","-0.499086763814588","3.56639071245144","-1.27043274889545","-0.771928033271119","-4.68565518474913","-3.59124411280223","-7.1438504782377","-2.01124755106496","1.30148163749974","5.06130848233234","0.999105270740072","-3.1004034978025","5.84371164451092","-2.73416613662303","3.70917877377826","1.01467962593016","3.33592781457345","1.60786874164093","-5.706291551549","-1.16629826891606","4.30161349432067","-0.237950436223075","6.54012978401177","3.21642054934169","-1.21832825266972","-7.04721629841024","-4.75951667720445","-9.19743033193073","-3.82894298920311","-0.441661067817532","-5.31032195092864","2.40118636491519","0.11286104807488","-3.05288813082089","0.694813234562512","3.6560347257514","-6.515567483783","-8.95067488895354","-0.712061890327662","3.41888714605087","-5.7773345192732","-1.07777618362341","5.26370603491243","-5.12335316471807","-2.33496737402248","1.48742382949636","-8.3759058610563","1.74977225644968","-0.422791184010756","-2.10246868378386","3.595406350208","-5.01300166562319","2.83284927304456","2.87444755610209","0.630979909557559","-0.909948751473716","-7.37792588506825","4.68889229161283","0.166996897805231","0.708001692467302","-2.79869531618767","-1.68157788323717","6.21163785680705","-1.90530770013518","-9.51773543004581","0.688173277805552"
"Random_Index6_32_0183","-2.92732592488747","2.04588277728463","5.50772278122363","3.10091059433392","4.75773559902803","2.11586105497903","5.1818755004796","-12.6746434976737","-2.60379241718486","-0.262788350139118","-3.65552793665831","-1.29090877297845","-0.583745667081876","6.64114821226317","-1.40352114847085","2.94480294314124","6.13513304092368","-4.43099350967981","0.161032951950456","0.858170105137149","-4.37523755529206","6.54780917247868","-1.97951433948908","-0.15105346736574","2.46844796740118","1.21331109843328","0.229689622569124","-3.76570042394442","-0.539277257739052","-1.11239862065312","-3.8423709340641","-2.96213212925205","-4.00559626622826","-3.11014251579386","3.06845842466269","1.68358751195809","-3.99632843034303","-2.94213151932134","6.72053411925894","0.0894338862766862","3.23632241926007","1.37657850114725","-1.51272753475625","-3.58141338750196","0.0898268793926912","1.01022409168542","5.07774816028515","3.2164337157574","-1.79456799541129","-0.56121162962694","3.35035308500737","-1.45675315800889","-0.70619108221989","-4.39274191475788","-3.52526157164237","-7.13544396075071","-2.0297756387904","1.08945758458625","5.03157285669954","1.14854175286014","-2.99588353931135","5.84460889457339","-2.87410730569804","3.59833561213879","1.01648124636952","3.36866312331338","1.64794164013591","-5.68027033192937","-1.07402531028265","4.22959017219064","-0.0630558040949759","6.25302288020687","3.07310079851378","-1.09872619156387","-6.51422794071401","-4.40837151060271","-8.674135616197","-3.96487001536388","-0.338697950388357","-4.90128585021856","2.43171565754007","0.239380677493208","-2.9429555432658","0.792518498807654","3.71708788858838","-6.65197459720689","-9.05498441706663","-0.97668308252374","3.39581205702445","-5.45534246709179","-1.06327568584211","5.14236659656943","-4.9469451396559","-2.11913528805119","1.24021401398915","-8.31712982983855","1.51440983846257","-0.270008824427398","-2.48954172840382","3.4027490525215","-4.91809198221573","2.96072329097477","2.81540130748508","0.783341352664239","-0.367982889989318","-7.46057996815719","4.53897905287099","0.294218427033375","0.669572568686514","-2.45618113871892","-1.65104073185655","6.19054997113688","-1.99958116058655","-9.52097102450025","1.05069964378209"
"Random_Index6_32_0184","-2.97623258928181","2.00633548202421","5.54570559961341","3.0784700632841","4.7582383760441","2.10808408818004","5.02115798486755","-12.9608648435937","-2.78401102278262","-0.19467571996561","-3.48796196231977","-0.993481942690824","-0.434905691521798","6.85140574976469","-1.13196016361327","3.12979713128688","6.38660717640805","-4.58115968432958","0.435572328140158","0.921502789270389","-4.3918425408546","6.86718698219663","-1.82235011827928","0.0497485620923918","2.17965670199078","1.13579884039023","0.406944618064451","-3.58705174876696","-0.684277753043045","-0.804737075623352","-3.832674023699","-2.95817686573688","-4.09220277253042","-2.99475908145924","3.11940989845137","1.73030633702732","-4.40599609598733","-3.30522117465936","6.96292324248066","0.162627415645557","3.12783322683317","1.60402257028754","-0.855308438145654","-3.31263092228024","0.0174603908499709","0.835901832577004","5.13363318192487","3.20913344429977","-1.72724147213868","-0.697380364481517","3.46597185929544","-1.22026222619117","-0.569401202778696","-4.44683558616725","-3.62043695121393","-7.0828483801865","-2.15375107547382","1.15867792272654","5.012071826188","1.097252483519","-3.07173850276676","5.63730838461492","-2.84268430762372","3.51588126428406","1.23571907840341","3.36419018969237","1.52548036343234","-5.69435446860216","-1.03287134533103","4.41683145388769","-0.209528165853286","6.58387453826978","3.13394668078874","-1.16311317535192","-6.98834099731167","-4.40641528338806","-9.08194821214817","-4.03995820674064","-0.245883988210664","-5.35648979498717","2.28274837033555","0.386483121965645","-3.04239901298711","0.815016254690772","3.5462343179538","-6.55854898929825","-9.22958844505203","-0.636027039477983","3.35509322301699","-5.52619608841119","-1.32904732564443","5.3059699052746","-5.18692612197917","-2.30844494607418","1.40126079785328","-8.27516323261736","1.56919066363559","-0.215585672525998","-2.53915397043032","3.53432544118231","-4.94875281229614","2.9171437173942","2.71546277899951","0.941031111827093","-0.601538432515883","-7.53312688556486","4.46874572031813","0.461719045794101","0.55916870351617","-2.59677065175748","-1.85919171110186","6.0344477614518","-1.76240027492302","-9.41358058926661","0.876735760226335"
"Random_Index6_32_0185","-3.35021022523111","2.48802002076678","5.93749960857789","3.4530832223839","5.09733299000878","1.92392387726688","5.10426373775434","-12.7903067185535","-2.99711216971755","-0.613544008134575","-4.06125294227141","-1.46785895320159","-0.789689754545049","7.2349282768981","-1.63018679834924","3.08332992697862","6.53859495418431","-4.86717309478041","-0.0635026669564899","1.12310112276525","-4.31221902486173","7.21632659498937","-2.26929221418017","0.284146963049785","2.48810396385932","0.910361198039121","0.527323006219281","-3.93022710388891","-0.41835374943089","-1.22232396236639","-4.03217695394685","-3.35235979850845","-4.23498809508241","-3.01983629926372","3.2360960177426","1.50339793005354","-4.23812079515913","-3.14205614821264","7.33987898791678","-0.140171188741237","3.58556405121265","1.20577041719497","-1.34073344061947","-3.76450725041021","0.36445391942674","1.3430167037227","5.39292373846184","3.60548902247789","-1.98180242947584","-0.493650502697415","3.65340390374024","-1.58368074520298","-1.05301609942971","-4.56196595987557","-3.78321553150484","-7.24925182764561","-1.99833483466519","1.29082002701917","5.35356555715759","1.33788486014563","-3.45919617173304","6.20767443084929","-3.07147576437403","4.02851268212612","0.817123221558592","3.48110950676609","1.31251190230901","-6.13857550112991","-1.31681125754073","4.71198667065203","-0.190303946614684","6.92325443490881","3.48038778632273","-1.17196657320953","-6.98358172781017","-4.89884997428349","-8.91887451026442","-4.02814482309507","-0.647528888094792","-5.33601166244222","2.67410484827237","0.193949540883464","-3.09952311431981","1.10090026899638","3.97290820698656","-6.93285635403811","-9.38536167790403","-1.14863360264597","3.83339848989741","-5.44929492056938","-1.08453293891367","5.78233553735034","-4.74175151609232","-2.1975275917071","1.6525381326365","-8.45670756764598","1.90468769087449","-0.680510551050298","-2.26288180995629","3.63255397405736","-5.27591405709633","2.9688458128411","3.1729940333013","0.654358975018874","-0.795263154065487","-7.56513413460109","4.97064883764772","0.141255941457689","0.862745656945465","-3.12354160842918","-1.35078639720412","6.43546951985951","-1.99079193870953","-9.66549116519689","0.649178816393114"
"Random_Index6_32_0186","-2.92212887595109","2.07116997638716","5.56619754541205","3.33105890743803","4.65873193879823","2.11096867365674","4.9750342814319","-12.8140962609705","-2.74283588505236","-0.25520440482746","-3.51635994138882","-1.18113929709727","-0.538547587521198","6.81064830539759","-1.25694410175185","2.87902805818772","6.2541056194676","-4.68151321024132","0.406632801740588","0.693354359721938","-4.38998734820668","6.78985192355073","-1.95105403891267","0.0286412331517388","2.43321759958249","1.03580184416618","0.261113765804496","-3.68035405535708","-0.631625213832014","-0.99778891457264","-3.79512205117081","-3.13216564848658","-4.24798644117461","-3.11897284861518","2.98657861555389","1.62778201567983","-4.14506200045824","-3.0749055598731","7.02610142034123","0.0601522239522876","3.33180903664698","1.4108923971713","-1.29073470901912","-3.39925140576225","0.0530524070155423","0.962801381065528","5.08314020131532","3.39671645259174","-1.82630088811575","-0.556728924736993","3.42018792334957","-1.26425195399742","-0.757043587394912","-4.45441769313398","-3.70439796344824","-7.12033164385381","-2.39695167700735","1.02217756818306","5.13113285132402","1.12800950098695","-3.14407868194231","5.80243353348083","-2.78000171247978","3.56464295727871","1.04717883063313","3.27829255511681","1.48622963852074","-5.77946472430378","-0.967618413022418","4.31775944731769","-0.41789383763052","6.52501313980316","3.26543430916198","-1.01534390925081","-6.81784779059716","-4.28328295897903","-8.91581929895703","-4.08289451418025","-0.342145094814555","-5.04956602312022","2.48259184832777","0.248244611629957","-2.97141241447243","0.856171672637909","3.62158093250808","-6.51506044769049","-9.08918526593463","-0.798877303370386","3.57252045391134","-5.4287541133037","-1.08850981219608","5.1895457946589","-4.96547028815059","-2.15023339964595","1.20033947777549","-8.25787201981064","1.51545324411587","-0.230666264474613","-2.45045827755948","3.28197420398944","-4.92091578787372","2.86440019160781","2.97913219318246","0.797360624237008","-0.622429358092318","-7.40043303675351","4.68391075725121","0.454479313796019","0.800524704596891","-2.85010243628479","-1.70748997190349","6.26265533846098","-1.82620520000944","-9.39310243722749","0.875961166435883"
"Random_Index6_32_0187","-3.08634511065088","2.24491486053349","5.63931846020698","3.13972613815757","4.98000501301388","1.97125420911903","5.13184126323568","-12.8359981565553","-2.81612921915124","-0.290952303723042","-3.75616452069207","-1.17294504525228","-0.601138164039136","7.0525980917068","-1.43942656196832","3.12165535446156","6.32333343464588","-4.61506148090645","0.1824356761014","0.848881808406352","-4.36095560734571","6.97857272598786","-2.06098048730308","0.202918255879938","2.28157454517115","1.09671956974798","0.387818806261098","-3.75249571700675","-0.480395319676707","-1.0084347633824","-3.89238690521978","-3.10914959216942","-4.00302605807096","-3.00726227605828","3.10967741436641","1.67549912520585","-4.24199883077044","-3.21002684054086","7.08920630725232","-0.00386119191346355","3.35563547700356","1.36670670679149","-1.24577835630936","-3.60917691714986","0.147224524704261","1.04688135038363","5.15952400290078","3.39611825027704","-1.93592472294795","-0.545697638820685","3.55492126486645","-1.29551202725767","-0.691143976327739","-4.55712007154032","-3.53357162845721","-7.11595490122212","-1.99964175661279","1.14980517412527","5.15477858634044","1.04285686445443","-3.12797124984789","5.87597544647984","-2.88100558113609","3.78545238454285","1.07157243318524","3.37099659301421","1.5843463928015","-5.87187654561918","-1.07640475176185","4.48428670573793","0.0478938215252549","6.72842606795605","3.29649497893164","-1.1419038774311","-6.85772477577229","-4.643039591664","-9.09214209931493","-3.95055245019447","-0.449810859946774","-5.27373600022422","2.48350346114403","0.119689274535273","-3.11233333227332","0.893896049572846","3.77626292520841","-6.63352040828962","-9.16577511813716","-0.905789995215641","3.56224309120676","-5.62443035808311","-1.12612794498123","5.47876189130449","-4.93414859787156","-2.22435849310762","1.4559739658063","-8.45125192555766","1.7585528872676","-0.400420330886217","-2.29662016480775","3.48725623550142","-5.07372410790528","2.9580738768548","2.94730018356154","0.685004001236628","-0.800079884328096","-7.42668833553353","4.80278144695484","0.210854675632044","0.848714218447443","-2.69052155482634","-1.51869295160676","6.30340414844632","-2.03625383149845","-9.58103064953124","0.687460558913883"
"Random_Index6_32_0188","-2.74151570332644","1.76956459440839","5.44104438162244","2.89575230735947","4.71744904631763","2.12289079184645","4.91873484195657","-12.6889467584167","-2.87655237057188","0.0225502871223231","-3.46670885698071","-0.867864981233457","-0.316776747669426","6.85254704877096","-1.1260109624491","3.35695998755756","6.06703617710454","-4.75989672758809","0.629713422780258","1.05734699411834","-4.50274125342745","6.60086403390744","-1.60841923629353","0.103375446122339","1.94242380758268","1.57906680403999","0.600032815033697","-3.44292661886173","-0.485210270969206","-0.719178145698916","-3.83078757979459","-2.67904411051589","-3.72736917905076","-3.30050840277326","3.03286136457152","1.9932819861069","-4.5673436189032","-3.30639771315711","6.893478896189","0.301911856877703","2.97598290982616","1.77313695785818","-0.88080137537896","-3.39917182720354","-0.29127775472591","1.04155595069614","4.87512893642235","3.05222590193731","-1.77751562408094","-1.01939522694706","3.28708462820412","-0.999264101974654","-0.295603817742743","-4.28393658084623","-3.37014421012139","-7.14129357345055","-2.07000271660587","1.03635737884108","4.77272097127726","1.09405062355751","-3.19071012942618","5.45999056564382","-2.99337072795757","3.33879162120176","1.43970734496842","3.26783054918363","1.9091899358383","-5.75443144767666","-0.907142860551415","4.19848094148648","0.116007963197049","6.42387249093355","2.94264973051292","-1.04443326346459","-6.96500356099501","-4.32592993553217","-9.04227212066886","-4.39582917067181","-0.283139600746442","-5.32533286883813","2.04957525562854","0.476911853403224","-3.1170067426941","0.757282489309331","3.59535080928103","-6.69608123699708","-8.85611247531689","-0.493076112581737","3.08552427280042","-5.66104331375651","-1.49954303050471","5.5153798963462","-5.20137111613748","-2.28252289152883","1.44483996210628","-8.53874312911473","1.75552074804525","-0.253703858112226","-2.18395163605016","3.53781887453717","-4.89803407105032","2.90231235213915","2.55810628709617","0.983811655618011","-0.587726097561427","-7.703746599714","4.32695081622329","0.416540306207807","0.431743503474997","-2.39587902240817","-2.04941557415713","5.98974521086102","-2.09802568227291","-9.55656683730089","0.98752844214254"
"Random_Index6_32_0189","-3.13980029228541","2.46226979870723","5.78232859506229","3.33940357738128","4.84645767247708","1.87873092943654","4.97375133066341","-12.8714638644336","-2.81045587500148","-0.539326565332959","-4.08708586664488","-1.37649167514056","-1.24293670688063","6.70209314476486","-1.73448087332855","2.98401554158028","6.26550958399997","-4.4277041579355","-0.0831733156195384","0.944695584237286","-4.68824916469417","6.83685818437548","-2.37578745217272","0.260178187402583","2.68537930758207","1.19041206964702","0.436319591674806","-4.05981119236538","-0.463096295495188","-1.21355448565297","-3.97602886300445","-3.51554613072047","-4.19019973261984","-2.87226067553812","2.8001489258102","1.61191271961238","-4.0273990681361","-2.93985555143531","6.9156435524753","-0.112089738332266","3.48445799820225","1.04281878819208","-1.17727430470281","-3.61109543261677","0.281695924312581","0.927710860291073","5.08810684445244","3.49306643386502","-1.97819385141714","-0.29349115388904","3.48638185928177","-1.60658577301694","-1.02587578216762","-4.39654065679178","-3.63963150351209","-7.10393036482429","-2.02462137753458","0.795112233361016","5.34483708077157","1.04387352365458","-3.11183577843434","5.93211179176186","-2.87260323461611","3.82372999923099","0.56527094427946","3.13862711374017","1.37157250361371","-5.8299644949593","-1.33033852224281","4.46547835534233","-0.441976531443457","6.68238890594706","3.28416107384101","-0.984887381800357","-6.77052889293223","-4.65615744168791","-8.96020718510228","-4.03770972056944","-0.475762536256124","-4.92410932254359","2.6043251505537","-0.184865957169682","-3.36296180573941","0.974354080876157","3.82218097165412","-6.59091235519992","-9.10531896688255","-0.887709994908243","3.74459795865723","-5.46527938195784","-0.860541173683296","5.36216217616258","-4.83687568491834","-2.14739596155322","1.60154060863901","-8.09623665684338","1.68951609585801","-0.677319159457024","-2.38138880193794","3.09571267868734","-5.17940557035261","2.75005044602781","3.01492646081276","0.449800313202909","-0.745379064206187","-7.23279260142701","4.75259559613889","-0.0539035051222757","1.1953776001708","-2.97553727519055","-1.57801379009889","6.35552774999453","-1.89611768263279","-9.45903303548069","0.491177572514277"
"Random_Index6_32_0190","-3.02307873598148","1.94879081170591","5.5641444314687","2.91361514535047","4.84349893109512","2.24531300770352","5.2966099491866","-12.9789317895747","-2.56701830723107","-0.252786955806538","-3.62580886875559","-1.00634372035484","-0.481383232534515","6.79834286425278","-1.36626822432998","3.33514778635836","6.14928120422159","-4.83125071002181","0.494981367063066","1.23139705005797","-4.32602205726943","6.7469136974393","-1.86041215644613","0.168264945559561","2.2588407939871","1.35515739322253","0.62849295517177","-3.79849849066625","-0.542871025606142","-0.7914648448672","-3.91097797953859","-3.01311470103878","-3.93589505985234","-3.15745283863391","2.92556496865827","1.99315719734176","-4.43414859980599","-3.35178408382865","6.79342778201002","0.117689433148287","3.24892020086566","1.64084980620383","-1.18914247722583","-3.48582252607952","0.135928613372702","1.12003629242127","5.06068837901935","3.22334220451194","-1.58598807170017","-0.773478163661288","3.44694859897253","-1.03422517471383","-0.449967492105776","-4.38000691228955","-3.35330389037979","-7.01602172894032","-2.02839085166927","0.971140050219573","5.05612343235082","1.49390745245223","-3.24581787148436","5.86901712241466","-3.07509222457591","3.5006591685753","1.25399447468142","3.21929397547953","1.75736519637719","-5.73134375127042","-0.85875291291292","4.38084652524929","0.216598762838104","6.37200134565289","3.08780155362897","-0.979700976572575","-6.95376196700226","-4.35676675172812","-9.08314464616295","-4.1648609363279","-0.195903567452756","-5.36804283474124","2.00299399529765","0.336552818940326","-3.3367176497624","0.883182341928188","3.43419712964891","-6.779657019638","-9.0094459598141","-0.659220483132861","3.47736180362529","-5.64178426384359","-1.40957663160334","5.68976447054409","-5.05764453054919","-2.20305227265051","1.42552086151834","-8.59573475052503","1.87383322073047","-0.24496808725635","-2.12272632062805","3.36248993915623","-5.04337599249894","2.67199365992391","2.44007114274241","0.900594225450693","-0.488755645335854","-7.51682191817319","4.49078016029998","0.405128422150207","0.508789715524182","-2.60806260912963","-1.91734994517477","5.98459466567874","-1.64924495101486","-9.88098033207666","0.969680916685682"
"Random_Index6_32_0191","-3.13163217243271","2.12585357535639","5.54500393223881","2.96329285623393","4.83633839619923","1.98582844972066","5.16243165419487","-12.9393296479021","-2.75051496978857","-0.0766295259870495","-3.84250951921981","-1.22695858663233","-0.73360554039731","6.87282020048801","-1.47713806367333","2.9204503361793","6.21026847038147","-4.66203672413809","0.232268966214292","0.893815708028849","-4.21225649822787","6.79297906053479","-2.10839945344693","0.08932330560777","2.31808309185001","0.954732548946028","0.420838605490313","-3.9593365666751","-0.561681498845443","-1.1149394691317","-3.90778695282709","-3.21612451976","-4.02468398339837","-2.85434890134683","3.06722515793925","1.57138310661864","-4.31523101527964","-3.11826013998958","6.82833305025247","-0.0727898694721803","3.18351800363938","1.25793865010655","-1.31336275785083","-3.69166573925688","0.0208655572086325","1.04035655887123","4.97102235370222","3.22694283205601","-1.94448341772897","-0.583030572208997","3.5446254725408","-1.43810069330592","-0.738535025512009","-4.4766057055152","-3.39417147780971","-6.99595076335555","-2.09487611583183","1.1413680021772","5.0125290732452","1.31914554307255","-3.22537636838714","5.8473083201302","-2.98822851547081","3.66377485464009","0.883721007023655","3.29973490711757","1.48569162793949","-5.64097603881799","-1.08659645136016","4.34824528878467","-0.0557543253091644","6.51442039359035","3.16815504692283","-1.29391674856895","-6.8210311614496","-4.58336317978159","-8.94699282834774","-4.21780260849048","-0.352665141591079","-5.11184323107647","2.27852082304791","0.157085142906054","-3.08404278824388","0.749960646023445","3.6339918760128","-6.67033737293704","-9.15819539278767","-0.812310457821369","3.43240422411591","-5.63289968490267","-1.19562410065599","5.42371669760971","-4.80513350051208","-2.21750946337863","1.34249820411551","-8.1637036944842","1.7223616656593","-0.502827659794215","-2.16796798224641","3.40455531446715","-5.03913085510638","2.82392962470358","2.74131281279684","0.697757430289719","-0.815484524846737","-7.41565452003356","4.65186665476886","0.22006885997865","0.811229000845072","-2.87527010872763","-1.55328807693533","6.24461674751321","-2.09686130207607","-9.65182388626882","0.793029021153716"
"Random_Index6_32_0192","-3.09957083434969","2.12132255995593","5.53427675066808","3.23138285319781","4.90007854557421","1.93234832308908","5.00731385029108","-12.9175690684752","-2.6617586515262","-0.359554805243658","-3.86115283428001","-1.21582885432705","-0.560824177293728","6.87770081833673","-1.48809883881079","2.78288858924447","6.23147306936611","-4.66342468071458","0.0435569815951355","0.725852341485089","-4.32741781237648","6.89263207395557","-2.20679462100517","0.0765362261664323","2.60201892313966","0.961565191771782","0.22024630462856","-3.88715784719111","-0.560882308836663","-0.965572407859013","-3.91959745377305","-3.26699440329543","-4.16477368506257","-2.92782814778981","2.97883280587244","1.61001314138015","-3.96431795148547","-3.074251338544","6.90076782500676","-0.204923404620203","3.3109622225107","1.16175586203824","-1.48792643287713","-3.57624746357919","0.127970432756608","0.866288843677088","5.17304426159707","3.5122238391482","-2.09278324083799","-0.184856125792081","3.60891229966117","-1.38842578567069","-0.829604990169914","-4.39825759577831","-3.61532727308792","-6.94679113231909","-1.8901266213136","1.16767923246215","5.14453453883522","1.1073946924038","-2.96287940004806","5.93095753756825","-2.8802390147185","3.82201781639979","0.846824048324779","3.32022762586495","1.38892909800269","-5.65963699835687","-1.06350052063559","4.37378744282199","-0.318814633537723","6.71936649789541","3.33285964990957","-1.19585439264536","-6.77375854360139","-4.54896386357732","-8.94490980641629","-3.72553332020541","-0.48971166767564","-5.08869673732866","2.59317755031209","0.0323290068720064","-3.14503940046129","0.739944215786062","3.72953447652309","-6.55301316097461","-9.22975073938178","-0.961063319927639","3.59853399647039","-5.50835942097769","-0.918250083357974","5.19743546957738","-4.87294989839795","-2.28714927077108","1.36591344054628","-8.36538490851543","1.53872371963561","-0.418764479818507","-2.26810703897138","3.29938548156256","-5.07687004752739","2.77863196261943","2.97914021218483","0.571125612534609","-0.898364671316985","-7.27680122968632","4.86522760920875","0.110028261014507","0.964577653340353","-2.70072112723177","-1.55161911318865","6.46621611929222","-1.82481376437138","-9.51789211444005","0.694539158515378"
"Random_Index6_32_0193","-3.06308698796796","2.21121672846776","5.58330936867998","3.24365999726458","4.91578143767931","2.11914142653322","5.07953200566501","-13.0340108559722","-2.74982730445643","-0.159113312947563","-3.66891801917603","-1.10932364839868","-0.572137455997725","7.00083086078061","-1.28296481939118","2.9803717243712","6.52322305270946","-4.50061377853811","0.229728196107959","0.701780119123412","-4.5141203558762","6.9321748048084","-1.96130372437286","0.114121808300809","2.24953963593013","1.48348834526674","0.319854616647323","-3.71728399817124","-0.601510302715871","-0.907167824697879","-3.82776406194049","-3.08635452883238","-3.90054061200359","-2.97358055127779","3.2057624119522","1.50532255653146","-4.175799830763","-3.20047328934356","7.0387046221404","0.156258748308759","3.35300533293418","1.4792202508403","-1.04938991613932","-3.53559086715904","-0.0560790587914359","0.764540963767712","5.27784434725516","3.40095316911861","-1.83904019555677","-0.57238574011108","3.46835520669722","-1.24690649515873","-0.653427569623646","-4.68117789350663","-3.60132900458465","-7.30909200235415","-2.35265142518761","1.24979903098357","5.12202905947245","1.19620644605517","-3.19993597690344","5.78631362932048","-2.8786801979947","3.81858019763236","1.16600142551776","3.49140564626896","1.59045118269787","-5.72473753286234","-1.1492905221027","4.56066945059998","-0.245001664105631","6.74739072885646","3.20725847798362","-0.95238264421368","-6.90993459727797","-4.56119308770346","-8.96527833603339","-4.05356337523125","-0.247318323773959","-5.20732342700384","2.75094577333298","0.180335469251877","-3.03315784447026","0.80550828151686","3.80334171331667","-6.68800752171445","-9.13504655698589","-0.676517990185133","3.39196044032149","-5.65022676765174","-1.11156981233888","5.27535907903845","-4.90592013036048","-2.41467310812859","1.32132646245944","-8.5947131217032","1.61253326073711","-0.208002412157284","-2.33828261383156","3.62003669233285","-5.00116238170111","3.14457264584994","2.95162094901422","0.836306713426949","-0.657401676537106","-7.53584590446292","4.67158568277712","0.248459371386517","0.826729596074416","-2.6936219765327","-1.77447210591625","6.43198714779568","-1.93064704027576","-9.55260847991687","0.927069126715501"
"Random_Index6_32_0194","-3.24681616646929","2.29115055705643","5.65827994538807","3.32364468819704","4.94174358404567","1.98152593189012","4.93665428001433","-12.9304527400088","-3.02051399429534","-0.2097241921458","-3.75343944172957","-1.17194471865032","-0.579860103823914","7.0578486770899","-1.30456367769597","3.00208736320779","6.60431961823978","-4.4832388479452","0.392819873595438","0.845188936796219","-4.60809512573836","7.23344043599399","-1.9447323241173","0.0501502711073718","2.18737439322135","0.969856625877522","0.504013794582055","-3.73007921716248","-0.526198978624876","-0.981907961488469","-3.96512207827422","-3.18537185911819","-4.20550778632126","-3.19896050389767","3.26914644981557","1.63297120518653","-4.29677988191738","-3.22217727107343","7.23464120762006","0.0151595889332478","3.34736955002003","1.39978882676503","-1.20979652491485","-3.53303123151264","0.151971845984494","1.13355479998137","5.16868273749121","3.50776783738653","-1.92234931645324","-0.667879063158531","3.39609822459344","-1.40473222262422","-0.783564100250838","-4.50321466046103","-3.64459921835688","-7.45674647651876","-2.06256855015048","1.17801114668166","5.25817200527982","1.0084974772273","-3.25640376490449","6.04973799427441","-2.82909943771288","3.81017063222071","1.06310489319803","3.61387157641433","1.57384527661647","-5.97059091351932","-1.05646092728185","4.5713591110117","-0.153674975576846","6.96452559256154","3.31014917422719","-1.14839302171001","-6.84794592273812","-4.55388076314944","-8.96391288936901","-4.2207411292001","-0.608786966658828","-5.39529442730334","2.67206028847415","0.329736658529387","-2.90588991109717","1.04296789381527","3.99777171913245","-6.85838587018255","-9.15658101988906","-0.920817682834728","3.70310947995582","-5.4611101931262","-1.04274536556143","5.32596640793135","-4.94630097370905","-2.33248903629953","1.44061316801831","-8.51927821857683","1.55285686897075","-0.508776876890694","-2.2412840776563","3.57143175637163","-5.03850599128579","3.12370839963062","3.06487460879365","0.775934864348536","-0.761837184984229","-7.77510348480406","4.97568945197915","0.510434745140599","0.840427835213052","-3.05855407665505","-1.51278827669833","6.41762397242081","-2.26418851068898","-9.6166675847039","0.986879653094665"
"Random_Index6_32_0195","-3.21515660448452","2.11874275396814","5.43155934313856","2.98879469150856","4.82755286831043","2.11633174016306","5.21139206141248","-12.9234148856544","-2.72944623075852","-0.105029188361794","-3.70432470492466","-0.99941932605896","-0.521954214358739","6.90884226001115","-1.38524126812438","2.87997898754288","6.34332585458285","-4.4882893494477","0.296514852254555","0.813200828791666","-4.45531522657926","6.74954482404777","-2.02827663073611","0.0706015207081728","2.17390625149821","1.27873747484916","0.25677661639855","-3.6797797981985","-0.589780335650832","-0.832078154613065","-3.70404096376874","-3.01399468181581","-3.84739849574553","-2.96815599098752","3.12509090877137","1.73560886940077","-4.19199101161383","-3.27023960861093","6.93726409829336","0.0507242258136167","3.15246165236566","1.36603839010995","-1.00405963955174","-3.6202204891275","-0.0284794693852343","0.978396086840388","4.89014713250481","3.31103684537485","-1.88601971489638","-0.703059213387886","3.39922826809153","-1.27528324604007","-0.569051161887439","-4.61125193266312","-3.39160621056281","-7.01380881652917","-2.28510566868886","1.21282394536851","4.98409585610255","1.11432645350922","-3.17906608813715","5.78177599857233","-2.83460519429834","3.60413420393231","0.999103622638032","3.50184102886586","1.56143756379811","-5.48170120844487","-0.849499668629801","4.32577169470836","-0.128259608522079","6.69595435048121","3.1346780747304","-1.0809988637013","-6.89589624040135","-4.56502978517296","-9.32478465909212","-4.32405845288156","-0.41906019432309","-5.34977470824591","2.36818557175529","0.158120758356513","-3.230370902915","0.5271244424602","3.57304956322239","-6.70067685316895","-9.12195285474318","-0.718377473290183","3.42462157263033","-5.69775373090948","-1.33392573212103","5.28873326405328","-4.93430763737471","-2.45140503834185","1.16104232833166","-8.46148944430296","1.69216077805926","-0.344028893259967","-2.23532714320369","3.45359830869697","-4.98590626206867","2.89003267182731","2.67140550502829","0.723750277848419","-0.542766073290202","-7.66657024587084","4.67294116382543","0.305337343914524","0.763040432591621","-2.75916496383175","-1.70555846749701","6.15811707331665","-1.95223133184174","-9.73429688590716","0.658322534210956"
"Random_Index6_32_0196","-3.07758852154266","2.14047450798057","5.5486754316605","3.15056084941634","4.91481242712242","2.05094939830828","4.99375764410943","-12.9565151690604","-2.88974293980847","-0.301129146894586","-3.74014266716001","-1.13087181002909","-0.560098246252734","6.89903677285871","-1.33023145754428","3.20569126893341","6.15880728542646","-4.68064786137721","0.297886746442812","1.02586786381118","-4.19716642995902","6.80576708990846","-2.02396227419441","0.0890971685558826","2.17710357065543","1.25440514052344","0.453211013730202","-3.82052293582425","-0.472469551450393","-1.07470721814794","-3.94401483350489","-3.12288030487657","-4.07395618671649","-3.05084652368808","2.96854128300988","1.6717727698172","-4.25537454659272","-3.24529626722754","6.90912535898316","0.0266314076023587","3.32571710886116","1.36274250240053","-1.21120818796712","-3.58854582861202","0.0792452409104911","0.883368839739061","5.01372779385416","3.17842113579266","-2.0607941695997","-0.655518199218468","3.41764452554856","-1.3913755891141","-0.844851394430675","-4.52292945360736","-3.65329418454659","-7.14732106709841","-2.15682913581523","1.04767571663417","5.08421570550513","1.0851030283703","-3.21493416767126","5.70120282955289","-2.90906518938624","3.59442584041159","1.10864353984859","3.21174277326909","1.47259694569466","-5.7180438641531","-0.906509224228393","4.44958862586402","-0.0582330059554265","6.48453911785194","3.11311716634497","-1.07708353514633","-6.69943375475388","-4.56954035760519","-8.91936760686674","-4.05639792168801","-0.447185196034581","-5.29742493787475","2.39424557569098","0.176561339667698","-3.14290983736648","0.818909386823364","3.61295348868529","-6.63136781910632","-9.06294340628333","-0.789829347674398","3.39845023202182","-5.41964895557404","-1.16925698157643","5.44345093139012","-4.96953744480958","-2.34827611692079","1.45613285770738","-8.26169061966802","1.67966216598645","-0.428878169199384","-2.36238372156638","3.41598032888822","-5.05844953913485","2.82000888808221","2.79611872102115","0.735323589486475","-0.524604906114416","-7.52270805757163","4.53578662688373","0.255247867541103","0.735359596349093","-2.75291571599937","-1.69018933143281","6.06941634548607","-1.89529419621205","-9.57954018338776","0.78824540574846"
"Random_Index6_32_0197","-3.16964789631122","2.37277636759084","5.6255868322041","3.26110613591109","4.83181532695572","2.10312367791621","5.35721752001384","-12.9712722255145","-2.810032615191","-0.325146565139271","-3.67762586210969","-1.23839905633519","-0.654241876373433","6.92920978752639","-1.41731591731817","2.96984996651604","6.13263849899278","-4.66665118266013","0.162342825435427","0.942025527657737","-4.27446232813001","7.03326393061287","-2.06754844183445","0.1562034306955","2.37770081009749","1.00216387260839","0.369963350520745","-3.78808941706128","-0.661349912270569","-0.991341243568881","-3.85765384630891","-3.08219614134888","-4.01413802144172","-2.89790722102685","3.00000085344388","1.60693977515006","-4.09419304408324","-3.0855182525673","6.90336465949854","-0.0529951324038033","3.48611960317675","1.38176236035003","-1.26623912167812","-3.67962213409588","0.167696376127541","0.91010551073847","5.12854185578721","3.4690657508521","-2.02202797702812","-0.426930801228306","3.54649661493225","-1.28962544960419","-0.752863204494886","-4.63559916344345","-3.46671170755015","-7.15772323881153","-2.07382876108007","0.990335328513084","5.35105583418359","1.26206901461435","-3.13294547490135","5.8998937437437","-2.94029237426081","3.82068656712624","0.926487561334921","3.28151502931441","1.50323409363479","-5.79636058570659","-1.13105129635551","4.48475984367441","-0.179817899012419","6.55492062776322","3.40162666425552","-0.801707859019727","-6.88724496091112","-4.63636462119784","-8.85244456538363","-3.98732059563739","-0.45813339333119","-5.18749083160066","2.48922180545827","0.0985682521705562","-3.05057604772987","1.04274829348137","3.73945348301998","-6.72679373866933","-9.18368976688358","-0.818687133570816","3.65032660530526","-5.43767176997036","-0.974563408550777","5.42545215488356","-4.82803658254539","-2.14599492249394","1.46201737164787","-8.52875323319073","1.74339983177733","-0.39559946771518","-2.19754164109579","3.36276309138685","-4.95767464856755","2.75063245506054","2.95549659258147","0.87294163642564","-0.896720133367677","-7.59143595803393","4.82777561667399","0.285813479640614","0.759683699411014","-2.73364290047467","-1.5521599176127","6.25260268726775","-2.06012114040221","-9.51690144558817","0.687059752396767"
"Random_Index6_32_0198","-3.2141190012202","2.42859780229148","5.87288225750428","3.46573500579851","5.09300753662936","1.82049958631062","5.13477188096045","-12.796036272816","-3.0859600202366","-0.626989837401761","-4.13187774464448","-1.55741209651291","-0.897524924332962","7.24314706832629","-1.79861933400965","3.25717750045382","6.53228513635978","-4.79148177194635","0.0252029899128828","1.13918444473221","-4.19473222524317","7.18168812139163","-2.40624937036987","0.236210678744189","2.59104877755337","1.00594059846432","0.535920009783781","-4.04497310066166","-0.298445148792334","-1.35097712988872","-4.28031890036781","-3.52060392433988","-4.35364683327601","-2.99102759805616","3.01384200663338","1.5951026139865","-4.27961691662079","-3.1220651929702","7.38349430437061","-0.161720729800325","3.55253940819319","1.12777041942113","-1.51160219240435","-3.95780351653008","0.545570197373636","1.15162523598569","5.42116197936478","3.57538938241822","-2.09587420508985","-0.448054994336936","3.82634279982258","-1.68851480045292","-1.21613278775856","-4.33173197528501","-3.89347653349806","-7.45559669133705","-1.84764326258655","1.01250916789432","5.51324390566574","1.34958125762247","-3.30543770926515","6.19072781762874","-2.95238899544023","4.00614174214711","0.808151529642487","3.38698315947438","1.25176020052628","-6.04170683378144","-1.17275894316305","4.73531346520438","0.0840228870635993","6.8886846766609","3.45818405367256","-1.28425129200177","-6.76098250034192","-4.69901124302013","-8.76401031924554","-4.02752798379667","-0.676314245741938","-5.04373090516073","2.760339154576","-0.0660956101648471","-3.10560033667854","1.18030000608619","4.14512590939121","-6.87217249607874","-9.25635005614362","-1.03320860110797","3.92041399240183","-5.29179622933731","-0.827885297566543","5.60364380999149","-5.02045335878553","-1.90847847577215","1.61573600122086","-8.51012611294073","1.67126416803423","-0.71645728666583","-2.29591412473803","3.40904717010105","-5.31178376917437","3.04978220129207","3.2716268854305","0.515937677697272","-0.857935292782979","-7.65996762390263","4.89048185711576","0.0018088090596695","0.886622685993208","-3.20176635592483","-1.38926617654908","6.53532586346152","-2.09703566914402","-9.59285193274945","0.720593771771521"
"Random_Index6_32_0199","-3.16062162798439","2.18562586333248","5.40089365886614","3.05129322380236","4.76021832965935","2.10844619826868","5.09372816694104","-12.9209494475479","-2.855972894847","-0.297637916435978","-3.70511018714603","-1.01735989903574","-0.392371134423637","6.92064187764474","-1.32383904158972","3.10631870635847","6.09973061048041","-4.61495064557452","0.405098561402483","0.890948727709759","-4.28868736999425","6.82964087093213","-2.06739912848995","-0.000514442579943603","2.17453463752651","1.19403259684465","0.30321450599411","-3.7539333038697","-0.694649284617525","-0.754779056914512","-3.84845701862935","-2.98649704196765","-3.89852431153535","-3.03907167802138","2.91890401998318","1.8182408131017","-4.26531339059085","-3.27619746259363","6.94235096128159","0.200804754216","3.32713710116979","1.51159950693913","-1.01507309347501","-3.48137418293329","0.0857331941220422","0.727167260273043","5.08652258019369","3.16475421221013","-1.87631581311463","-0.793658279355392","3.42885901372868","-1.17934405428614","-0.616654758852933","-4.49970097369699","-3.59341656229554","-7.18882527689337","-2.29826528568989","0.878645148675644","4.91249931047827","1.17314711920828","-3.17193882839463","5.61532102581072","-2.9189223287269","3.67860623916726","1.16810830836716","3.1367272369952","1.89701915611535","-5.5574548874375","-0.937738455465831","4.31037613135129","0.0631883588443517","6.47543394342487","3.19351611455417","-1.08672295886394","-6.94986239689927","-4.37926379947717","-8.9609106709812","-4.13537807368411","-0.434682908147136","-5.17261466434134","2.29296257997535","0.126468253273248","-3.09824740036732","0.674093772786978","3.63838091274418","-6.60813069290911","-9.17243257419776","-0.501947157500093","3.32300720856201","-5.77884372060303","-1.19150658778333","5.19490488034386","-5.02770365496875","-2.4929673814894","1.41160165755802","-8.28245506940311","1.7456008743055","-0.375865576653496","-2.3885131461294","3.28707348596151","-5.09769841249949","2.77568984958467","2.84237014827588","0.797411369938391","-0.723763080247971","-7.62741055418411","4.53156224199248","0.182183162244413","0.845303751229436","-2.57050947470156","-1.69823791335911","6.08522314013573","-1.91140907940858","-9.51852524123512","0.757237593218014"
"Random_Index6_32_0200","-3.14194973766247","2.235513021262","5.42029156976492","3.06217141471165","4.70032171362175","2.14664608579563","5.09946575277131","-12.9403383846536","-2.75824482353603","-0.100331025435599","-3.62753878379065","-1.04656839831883","-0.581308878628849","6.78264681644555","-1.51482775463002","2.8841620059715","6.25043552512781","-4.68220870151206","0.463615878143308","0.714511759281694","-4.4201076541116","6.73522385554822","-1.94867753983098","-0.297720383936859","2.20994397052854","1.03040017135429","0.0884038593215432","-3.66062347890404","-0.847475317102214","-0.916033198138967","-3.76405223423473","-2.99043069258551","-4.15023898155674","-3.07708447381122","3.0585310957465","1.5904118134171","-4.12627795093265","-3.11250931877946","6.90947021901011","0.132327675966256","3.29881702889332","1.3478771552823","-1.3238287254331","-3.50474147608364","-0.0350959508858039","0.950625316717422","4.93913307298184","3.23727935145976","-1.83849706362346","-0.676557983198905","3.43388722985746","-1.25884808807689","-0.698766371719172","-4.61771370310983","-3.59537867293152","-7.06420364364577","-2.33665746370899","1.14574690212193","5.03639630904855","1.18229999459292","-3.0436899204022","5.70984040445429","-2.75534302226834","3.72384428697047","1.10452492211213","3.33100524517983","1.5194451035637","-5.70912793748526","-0.858502581893529","4.28060977808463","-0.18759332803782","6.46221493718475","3.1197782069508","-1.18996764939277","-6.68038155108779","-4.33633408654325","-8.84692746345601","-4.10927877074731","-0.359297489466263","-5.08584337021883","2.43213638899306","0.215818466010512","-2.90707967839804","0.622877292024686","3.76159926336494","-6.60761112406718","-9.15886386185996","-0.675056607594541","3.40921105262989","-5.6911661444094","-1.11592116276695","5.09535230643498","-4.78971653398067","-2.33190757830466","1.30289156934401","-8.3730907073897","1.50357569996818","-0.20322412778201","-2.51973702878838","3.39253962816265","-4.93643193474524","2.88006541841719","2.90701824951396","0.804388650845258","-0.773519105524894","-7.62437562344708","4.621323877429","0.387442377672648","0.752603410360371","-2.67327917385585","-1.6204898759229","6.23570728538774","-2.16931050153304","-9.51411998769251","0.938107024071139"
"Random_Index6_32_0201","-3.31424576668102","2.31169451797092","5.73898297227271","3.54886614209906","5.04376944554584","2.00188239268478","5.27218098784899","-13.113123093865","-2.89811791107942","-0.463142123565567","-3.84380733416136","-1.4378496826053","-0.851692149562104","6.98581053500877","-1.5956460977052","3.06379764096336","6.55383658453801","-4.50276892893851","0.0554393892722188","0.889473407818549","-4.37470833683688","7.14549056101264","-2.17999799144018","0.12656217809784","2.5712032593975","1.0331472367784","0.415853175612044","-3.8953188382125","-0.427080241561388","-1.20912572509113","-3.92822555823977","-3.40598698631048","-4.33537049776826","-2.9661577280775","3.14557567030857","1.63857120325555","-4.14679054551132","-3.22258776685571","7.2218640365403","0.0976686954807353","3.59184110370657","1.15850068176829","-1.25333067772803","-3.72460199380739","0.374918516541075","1.20219508205103","5.31844840837642","3.54264638421978","-1.92463480177545","-0.482892932799914","3.56535868216203","-1.65314268715544","-1.07606794968277","-4.56299342484612","-3.7837165785342","-7.21864757417365","-2.13286357162535","1.11746232941935","5.3648813608431","1.24685403469818","-3.17886902330545","6.03311831040264","-2.80546523535478","3.87639254690628","0.893505800398495","3.47733360098659","1.46886264995545","-5.99953944889905","-1.3698716412237","4.52375269761042","-0.264078430851872","6.98824424951653","3.42362859891879","-0.843722128792846","-6.72193479964647","-4.76303095407586","-8.9575620411772","-3.84665853953181","-0.401619582152221","-5.18081540688177","2.70713599657602","0.0243802687890968","-2.99894326578532","1.02298773681918","3.94079253439018","-6.72227533311786","-9.26662865873697","-0.982571356431893","3.71480769307027","-5.37798195607786","-0.971709901106826","5.45154080802148","-4.9361456172831","-2.19171262276286","1.35179012497218","-8.31725010475499","1.58984868604123","-0.533107339582294","-2.57495163618046","3.38806018560007","-5.2322241744611","3.05316744579879","3.15276930508501","0.671398932342539","-0.660310815595153","-7.50981319142289","5.0961576304325","0.16813127926522","0.928865930096094","-2.92912965409523","-1.3537167199102","6.54982045871566","-1.9513676632232","-9.59467421167749","0.749055524686196"
"Random_Index6_32_0202","-3.17389657694036","2.3177467044282","5.48417418329916","3.05567142708898","4.65582291642568","2.20692007414563","5.40841355426979","-12.7173852982251","-2.54416155137962","-0.218977974725032","-3.63299443897989","-1.10128501707814","-0.442561832580051","6.85155831134154","-1.42986920820379","2.95644928976327","6.18348496944667","-4.82169054045523","0.450774499032811","0.754072758425663","-4.23101701129015","6.72887640856575","-2.07249146308545","0.0737108133821317","2.29199375009815","1.41145802136008","0.358350720829755","-3.7407540398871","-0.697174003467167","-1.00040624429383","-3.70196156951619","-2.94594391893268","-3.93069955029348","-2.80572451779519","3.08904230760671","1.67575028478998","-3.9220476521533","-3.06132984262544","6.82100284322977","0.149224398915719","3.430676934503","1.42183230536553","-1.26520979173227","-3.59339197466331","-0.00674278555657779","0.936557303981576","5.05566419984885","3.34012147571253","-1.61143263958356","-0.609987792723033","3.35498190943332","-1.27167476872662","-0.663193308925381","-4.59186280408677","-3.4175042422886","-7.03973292073296","-2.37300138755414","1.09807390306879","5.20693009341657","1.49405401743756","-3.13528791260248","5.9048861607763","-2.83793234746066","3.63068168642357","1.02130042219938","3.36872747888847","1.64020912610921","-5.62278877181081","-1.04689556656248","4.25744044988392","-0.125127790338306","6.4907970315641","3.40567788112409","-1.12574101490588","-6.86262519352349","-4.23811185204187","-9.20934364136919","-3.93699576097204","-0.29301074238857","-5.2115862962596","2.42116187552097","0.237786914721781","-3.03020350069565","0.655318326504093","3.58472636763497","-6.57224673727242","-9.07441047328564","-0.715461222596448","3.65252014791222","-5.45175234707208","-1.22816445479441","5.33592016220717","-4.75423523406431","-2.39220839584624","1.30160907113677","-8.39591869243998","1.74305963455455","-0.232231427139535","-2.09853905885371","3.32773844825113","-4.94664286750288","2.7417379135858","2.80649732119897","0.803929043541017","-0.532137801394366","-7.53687610956358","4.60451382654457","0.297062918217469","1.03013097150064","-2.73268292253669","-1.53208096651026","6.15008438967381","-1.87737465624731","-9.7035712557378","0.839054419427581"
"Random_Index6_32_0203","-2.99626738023834","2.11754178315757","5.57492003972027","3.28270376471413","5.05618661189023","1.68136565843833","4.94621646947688","-12.573887693111","-3.15458501897299","-0.421647990360895","-3.77071615798959","-1.15266396082888","-0.663727290162532","7.13378140483925","-1.41086690260089","3.26860096890089","6.36050209138387","-4.80951880737117","0.185267062376355","1.13097133072946","-3.94908780690263","7.01714232457574","-2.03623424278791","0.430779257032445","2.24165661775029","1.09445997596793","0.552657409107913","-3.87237905218909","-0.206966215484759","-1.02644595071568","-4.11349312817854","-3.08865846091979","-3.84840662225723","-2.83614625518394","2.90841126467136","1.62271711162466","-4.33862162223346","-3.24244456232084","7.06120693430829","-0.143071615575034","3.34515840306657","1.22647234799635","-1.32105341601764","-3.69397646781314","0.211638959724844","0.88695186784454","5.3443550667856","3.17025084889674","-2.14057928813325","-0.448577075094881","3.82180455269814","-1.3238146023293","-0.691168950695761","-4.33489063146833","-3.33617654370292","-7.13080560944512","-1.91299830521714","0.971816849206719","5.09314108189916","1.14972378361098","-3.48026867750434","5.87860701061734","-3.0637816368948","3.81080644386733","1.15421932550219","3.31330219806328","1.66069731836344","-5.71025619998219","-1.2575428000097","4.47997110562268","-0.106280253734632","6.78903375954723","3.06801220281347","-1.28547493883476","-6.85175731114464","-4.40426654513747","-9.06994986861265","-3.89743429884143","-0.917760409565049","-5.00212533226988","2.49996559684105","0.194790803642729","-3.21020294293588","0.954001526356863","3.93415062463859","-6.94804929142228","-9.08365472742183","-0.789312105684246","3.58084177123068","-5.46384560060663","-1.02750645704725","5.55401011298526","-4.94248821704557","-2.32611456648351","1.73768253619203","-8.44639066142469","1.88072756899845","-0.60942873102462","-2.01340585226105","3.37338421294853","-5.16545179006183","2.83201009370687","3.03923162440151","0.451176526367022","-0.788578384864728","-7.38483215813214","4.66316208335696","0.0330670430767948","0.854105580546604","-2.70132980903228","-1.60810259144606","6.29795943522177","-2.18613892106998","-9.59409115573463","0.658456273493718"
"Random_Index6_32_0204","-3.22268465712924","2.11174545050487","5.4886152984363","3.11725406627582","4.7602213312613","2.18470618729748","5.31354096680958","-12.973860496202","-2.70864105058687","-0.275735533668919","-3.66976577236603","-1.30564876699809","-0.448518484837863","6.79582945846812","-1.46022289684069","2.87763282953041","6.40226885637801","-4.64777559049893","0.266306318957675","0.81956787477384","-4.4352940054821","6.77152284636499","-2.04533926425304","-0.00944898647412013","2.38798720749862","1.04363157108752","0.316539838724079","-3.76200584308409","-0.627734632571169","-0.952171929138934","-3.74533542858301","-3.11981086268941","-4.16783328484876","-3.01125762985236","3.17654647606079","1.64497807557617","-4.12380051204703","-3.01825665485156","6.98410523571733","0.129625691786753","3.32314598415273","1.40538149551213","-1.41554644607394","-3.59086763814404","0.128902729822704","1.13938520147911","5.05993632113594","3.38810564064767","-1.86227076113677","-0.606622140221731","3.41729848317301","-1.33239899940174","-0.746424102801317","-4.45765635819007","-3.63540560859186","-7.09466191720797","-2.20363091451468","1.1531519506192","5.08261314472781","1.0983261293326","-3.21764940998018","5.92757630868835","-2.82877676823606","3.6667887545339","0.98838838642734","3.42672611671117","1.65604403555916","-5.80735478672605","-1.13415793148115","4.34869058987795","-0.189409377124346","6.64412060688443","3.26450079850415","-1.03395333310883","-6.69612902844993","-4.60234731977002","-8.91632120122455","-3.94202916295713","-0.512945781067348","-5.17700086767051","2.38597417464366","0.266380063281581","-2.94881689996647","0.846129610516925","3.67238031329357","-6.67328383835188","-9.08496352099149","-0.844790549930814","3.63171774865368","-5.57295161118836","-1.11247770494337","5.39739477875717","-4.8488855720341","-2.258164202618","1.31685461305489","-8.43400161505669","1.63381316650593","-0.369981299730302","-2.31130841677304","3.46326348693896","-4.9020170208738","2.92267138686676","2.826045785247","0.744434705041714","-0.791313555914775","-7.60462706887378","4.77167612378493","0.31948632039519","0.826062891899761","-2.78577644512174","-1.64671506066267","6.31892532278175","-1.88552589277289","-9.45923056790001","0.894605759205805"
"Random_Index6_32_0205","-3.29693961982433","2.35597039431456","5.69538333390256","3.12366232258696","4.69618642667337","2.04910761764393","5.36720551769453","-12.8794524569691","-2.88684338900301","-0.39907796954961","-3.9289915259068","-1.3168285272255","-0.817955619041217","6.72928771044549","-1.44890288845841","3.10548865270493","6.38320003378803","-4.54434749225813","-0.0750217572743128","0.908469683163496","-4.14207989771856","6.75001636163879","-2.14018916823081","0.120836933797349","2.37820523733725","1.18049654324686","0.336592928274039","-3.99999278605744","-0.638027741334171","-1.19850927686292","-3.85261192965086","-3.37686032786531","-4.03605804651247","-3.12692690389624","3.06582606615801","1.51484427115832","-4.10981731781048","-2.96022876465007","6.9094357383244","0.0667790020494647","3.28227624816693","1.22826121117221","-1.31364430975429","-3.80660517443893","-0.144313000216551","1.02591567561475","4.94691937321789","3.3325628352202","-1.85707409666299","-0.55532474064973","3.37106529025659","-1.51604416098548","-0.917758089787162","-4.39893359826435","-3.66450262790993","-7.09399279801772","-2.22367407823864","1.10591259766029","5.16558990618111","1.14760944585353","-3.07417306250048","5.84013697690507","-2.93174134843658","3.54964986642926","1.03833327033974","3.42486564502644","1.54850825265211","-5.83983194603139","-1.29467377981997","4.35664397124894","-0.303629150487218","6.65179241426167","3.14490449333425","-1.14470710621267","-6.78486808997696","-4.55484068026196","-9.09871057296233","-3.95025757651074","-0.368641623291526","-5.24525614618932","2.49249535427189","0.170367952454039","-3.08264700402803","0.762332900762814","3.62037698762","-6.78115766381538","-9.24647094095008","-0.802022434059038","3.45398508631356","-5.48041642264226","-1.03469238908144","5.32342913785175","-4.90068307110497","-2.41672343965906","1.41470510533658","-8.40072022854715","1.59109042190311","-0.376343856625354","-2.20032093079867","3.37833862026008","-5.1645240838402","3.03513026883605","2.83413965031176","0.747979801304771","-0.601629566888683","-7.58492345709829","4.68670483792952","0.13227568028836","0.935826862118575","-2.82286888051626","-1.6404701928632","6.20646143869604","-2.06256208999282","-9.78931000938552","0.876986161670458"
"Random_Index6_32_0206","-3.0786290839175","2.10334877683539","5.42582728750722","3.14546294826671","4.76999595773911","2.23753777741319","5.17347723325677","-12.8405012209422","-2.78165599633881","-0.195735259234916","-3.66863610663467","-1.24188861031088","-0.412215886226729","6.80409981411251","-1.34741945263565","2.98998053354334","6.30919700350148","-4.66941670537425","0.303918972048092","0.829459431540639","-4.53099966902998","6.66720679127639","-1.999601481224","-0.0292247078275714","2.36659843839803","1.07042986513504","0.258140857439473","-3.77836741011789","-0.574559891668495","-1.02333857791265","-3.77456034098941","-3.10299132574128","-4.13847622043397","-3.09661648310911","3.18416934516714","1.78868613162617","-4.01871874821375","-3.07234202382398","6.97133589960284","0.151326972216393","3.17085781695528","1.42774607129721","-1.40311919257734","-3.56981912908455","0.0761595436161411","1.04345143197498","5.24847508670131","3.299942438782","-1.833782961025","-0.604588433629454","3.45646447661361","-1.32756368351019","-0.764384855607974","-4.55694058161948","-3.52872653302819","-7.08030100319656","-2.22803787414387","1.14993434581563","5.00533257493839","1.04913064950052","-3.13864487264437","5.76816442099448","-2.76966359844442","3.6231866279328","1.03189464850171","3.53449299665444","1.62772553487786","-5.72269011256544","-1.02844002185371","4.24334777967522","-0.0992874786031733","6.47982697586473","3.17105006052648","-1.04975043407882","-6.87483020958817","-4.44196339949472","-9.0363497456474","-4.08144227606872","-0.423443085981769","-5.1383161657294","2.46175430487218","0.353575443157295","-2.80963867146929","0.827352123728795","3.69853757859592","-6.66553418676934","-9.24213547296805","-0.924543032973582","3.41741787676997","-5.7493443631058","-1.10505994512638","5.23887571676167","-4.95309310184636","-2.26415478564945","1.3488471419487","-8.32009482870598","1.56534518372258","-0.337701197107472","-2.31926409905451","3.46153739664859","-4.94157926531366","3.0118934444291","2.80102220353007","0.862573513479918","-0.777349804638389","-7.80211561051307","4.71073882525331","0.396765836789836","0.720619688826277","-2.79032630687943","-1.63675553450068","6.28742608711435","-1.98431098755428","-9.60533932803252","0.999407921645556"
"Random_Index6_32_0207","-3.0696084156812","2.24451071795987","5.39237807005511","2.99199802465975","4.78924780373416","1.92774919476322","5.05539598111254","-12.7219927741363","-2.7809761402375","-0.248347404845326","-3.60664754726064","-1.09192095984057","-0.454962846261101","6.90283859711703","-1.34486348356696","3.00435124485143","6.14446606477099","-4.84762678628923","0.400858078723262","0.930322112414292","-4.13620587056845","6.74730555831208","-1.95297678106867","0.196057893584922","2.09982785577501","1.1410858066949","0.499407848898646","-3.72811694471679","-0.686903342317563","-1.03985131834846","-3.98768435191293","-2.93407961350951","-3.7687048537864","-2.81767368471646","3.07029754030516","1.75474597095677","-4.46023610519496","-3.30144028735324","6.89228505205701","0.186945025245471","3.2815723881105","1.39969420142767","-1.26931582485408","-3.51597639786073","0.0592748395739375","0.839535051523981","5.02998576478226","3.05229396623931","-1.73080578524943","-0.804592530406012","3.47265083386355","-1.36249276277544","-0.602958149256152","-4.32091880210578","-3.3855742023556","-7.17880513104866","-2.09957165081354","1.13051935264667","4.96890721094668","1.10973559197446","-3.36859437000902","5.84084307228933","-2.86841509207937","3.58215861256471","1.14128034906811","3.30396406295904","1.65458271497248","-5.62492087124621","-1.09884145423253","4.47158968245094","-0.177378094290085","6.50901173961088","3.01256984465262","-1.09993242051222","-6.81008875484781","-4.40635535560381","-8.94956895018526","-4.13200284807408","-0.533518723398494","-5.29741279561943","2.2813651959666","0.218789639846294","-3.1647298702538","0.754542255399894","3.54671150548002","-6.72375603638043","-9.00681228218641","-0.668551131041258","3.49761105353258","-5.52015291018236","-1.25444510238647","5.28076314585056","-4.91539814802082","-2.40107314609679","1.40797933921619","-8.19555744556815","1.710212599437","-0.440202204816565","-2.18290009715234","3.46653590577626","-4.93628358270266","2.85337750910035","2.80493403262749","0.814470792505349","-0.759991220216285","-7.39394641834962","4.44134626202655","0.265819703523172","0.70809621062439","-2.74992954632316","-1.67879281315646","6.05151645495313","-2.15304356479106","-9.56843818492049","0.741789382047085"
"Random_Index6_32_0208","-3.03664440254317","1.84050856915466","5.47651758026859","2.96327844179664","4.64839355123544","2.24240954065227","5.15663862203864","-13.0183479205542","-2.73109910528601","-0.263989205102712","-3.61631140457347","-1.1246918741948","-0.455874773092335","6.73234216922106","-1.26466644224179","2.96229155884594","6.41099827904557","-4.64619678575917","0.318207019889026","0.783065168935876","-4.29373961130404","6.6367532669086","-1.86880574941477","0.0561367090623549","2.23798109525701","1.15280902313186","0.35105743447937","-3.65672498689618","-0.694537851386096","-0.853279173738469","-3.64071120506461","-3.09808467751696","-3.93721165781015","-3.28880137230437","3.15672692951417","1.57972646175613","-4.30475275018413","-3.09849154678473","6.93876486958153","0.215620896534115","3.07848664496665","1.51138174922699","-1.19471385462712","-3.42297557716297","-0.0739821995355087","1.11933564914352","4.90300570588996","3.35298866734216","-1.96796859372636","-0.602201169890521","3.27542209776828","-1.30037962379205","-0.545372171133374","-4.4871426317936","-3.55655969012125","-7.22780177231732","-2.33395333050872","1.17889664818955","4.99438142769786","1.08829436374515","-3.15946721732474","5.72559054076239","-2.86399966184538","3.52173202147742","1.12175229725909","3.44954611681117","1.61700718618052","-5.85494512329094","-1.14297400406195","4.30237834291908","-0.201977459029618","6.5960968012966","3.28855479214296","-0.945692827294143","-6.77041838744943","-4.47536133390825","-9.0189458271754","-4.04644612586761","-0.368446230838069","-5.32492230323422","2.32164745705571","0.29941213564763","-3.04149082512897","0.838973840033971","3.54187885645698","-6.66376848152677","-9.07694361082501","-0.752292324469381","3.42243986394073","-5.56051773286652","-1.18545643637343","5.25756810375202","-5.0169915349764","-2.22250600634998","1.3186303885034","-8.34701420273708","1.59245488919095","-0.237829334834427","-2.13830878363075","3.44366636589589","-4.87669972372838","2.91141572218546","2.66625963402876","0.872029120348657","-0.617095786863192","-7.62276076406873","4.64989772750524","0.331496506464049","0.629860714880551","-2.61384745803633","-1.80031000475614","6.20365388044086","-2.08964891209506","-9.73160699839663","1.02466846997396"
"Random_Index6_32_0209","-3.21229229993592","2.08468768169405","5.48853004665555","3.01352655219294","4.66609868064747","2.17910595675318","5.21573126914945","-13.0019953395928","-2.7043682293582","-0.125130862097708","-3.66338635716648","-1.07633427537095","-0.595939465519296","6.77350132846835","-1.30446356935607","3.01753083041662","6.26458979425377","-4.50927540616066","0.263088840761407","0.790469492932609","-4.38989708887469","6.72020155877273","-1.95124520250317","0.144245344755501","2.14693851509583","1.38585874505253","0.516966597273558","-3.73863629815257","-0.415267978253297","-0.906400756259559","-3.84661628083092","-3.17463960258711","-3.88273088462592","-3.11298821138797","3.02283179617977","1.67390760031175","-4.338145513907","-3.38389321031893","6.88868582030202","0.282608585771733","3.27076957799439","1.48021114542642","-1.05645203789467","-3.52681064456664","-0.0410029287293042","0.962876078006004","4.96382928349596","3.35296635626203","-1.73886261267562","-0.803474381637634","3.41638048565406","-1.34770905253764","-0.677755839737427","-4.46053055382659","-3.50682976132989","-7.24800230792861","-2.05675758241765","0.997317787760207","5.0058001237637","1.17329850727973","-3.10781603523441","5.78327846037753","-2.93762023334694","3.51777521896034","1.22889364945378","3.28662701144084","1.72428097595213","-5.6086544684942","-1.13309387416243","4.31128977341829","-0.209238064160143","6.51189595326721","3.11725447074424","-0.89998083234756","-7.00262857906943","-4.45469349106934","-9.13136834116307","-4.00049715784153","-0.386982957595402","-5.45084558549261","2.19648730334484","0.186893504099566","-3.15247876777652","0.927546819762316","3.60746225633952","-6.76731829526755","-9.01997859725757","-0.603476664501517","3.43333415623922","-5.62485852054098","-1.2845044787058","5.3348923731518","-5.12663508370042","-2.28841586742397","1.42166969337039","-8.40977314435569","1.59308519333087","-0.295213193608309","-2.12673848894837","3.35388640926065","-5.15890093280488","2.8144517267355","2.64469800017524","0.878940509982963","-0.586373587797815","-7.65127096495166","4.61392553471529","0.308057481315001","0.782617366882528","-2.56747526238842","-1.83854778542251","6.17506161706734","-1.92947347789236","-9.82590749586345","0.802160399628416"
"Random_Index6_32_0210","-2.92997947773955","2.11310115227839","5.42437706508128","3.0520304554791","4.83533396777984","1.80386486243156","4.95118010086293","-12.659698110484","-2.74733669224076","-0.276313785114909","-3.73125884473952","-1.0491204286132","-0.537790724359662","6.73395022906354","-1.4143370523825","3.08953339720925","6.07569151570289","-4.62585704739653","0.258622812577217","0.987004975827784","-4.0811745720027","6.70667696468091","-2.07788827555894","0.164226011931399","2.30293973826292","1.33047410212745","0.73521689507654","-3.67479139991661","-0.380183495366483","-1.03857120588846","-3.92069834334342","-3.14493964507782","-3.98058202645964","-2.95435339249215","2.82401845472696","1.7606769327529","-4.2973670322484","-3.4156673467508","6.73492817564903","-0.0112862120411784","3.1681563431721","1.22726703750378","-1.18928326955952","-3.59253645199805","0.0430217156073719","0.836748889741106","4.99196388182616","3.17470023126403","-1.96335160411711","-0.751489655085633","3.59030594395244","-1.25539095173152","-0.792847897974686","-4.32175639090535","-3.41161050636092","-6.9910359447976","-1.81997565349421","0.92630608134942","4.94720440983777","1.14186266577047","-3.14196711379748","5.81840362357108","-3.13359985940539","3.54774708116058","1.130128837995","3.14636295939016","1.61991299451121","-5.5486620869827","-1.10631488770523","4.33334548649613","-0.0687320147460107","6.3630424871037","2.93156055651976","-1.03633116346926","-7.01333738825414","-4.36553509648153","-8.9466172350306","-3.94389710481632","-0.403300871951451","-5.24062691662796","2.17330606771283","-0.0291786114302355","-3.47012084712077","0.840688430668219","3.56317882164112","-6.68191447461465","-8.67831114429285","-0.520034638744973","3.42262608103627","-5.43055390461243","-1.31637407486962","5.28944572862762","-5.07383334671926","-2.25444948796197","1.58736913352565","-8.30180418329338","1.83024663267071","-0.390177278071237","-2.21527413276233","3.26600122441913","-5.20663762722423","2.71947934129038","2.72122770880185","0.667881658106508","-0.630545786900742","-7.22274648342923","4.53971172894189","0.0595870290656201","0.858967365493695","-2.51238189786575","-1.58204993232928","6.01312150380509","-1.67338259880332","-9.65075152146654","0.511978265536505"
"Random_Index6_32_0211","-3.38466656336214","2.22293456877267","5.64774829802927","3.31707289172744","4.91063279540738","2.07173983844736","5.44852668221306","-13.1409934416537","-3.09993174303316","-0.209033353024607","-3.92632766670202","-1.39263769892004","-0.687516546292175","7.14428371785096","-1.49536880719073","3.23481820789469","6.37409531350949","-4.63615742174013","0.314578361474226","0.853038715247806","-4.50072054763865","7.03026710626129","-2.10710792141501","0.0484608957439059","2.26849583101625","1.17637964508504","0.352495655046337","-4.04357063702392","-0.520325300729155","-1.12637642841618","-4.14910742814952","-3.27163707875558","-3.92356542625704","-3.08316336236929","3.19346067207644","1.73606069917936","-4.22375690928699","-3.26492182800346","7.14030918167833","0.136949444701256","3.41328938513562","1.32002926748535","-1.28497909120814","-3.79820287975266","0.136431292381747","0.87144599099068","5.28723683031605","3.3850067154811","-2.19252409838229","-0.683764606210191","3.71901477036624","-1.55524148993643","-0.852509934088754","-4.6370332047629","-3.57233489548177","-7.11448469754039","-2.28859853905658","1.04532245171111","5.32369571792476","1.09623877849011","-3.25150645731041","5.97577372166836","-2.86836840938505","3.89091258739521","1.08034756652285","3.41929222501976","1.83774212288012","-5.87521291764335","-1.10763372859828","4.38739612356078","0.0248816564837189","6.7311690017815","3.33035954933518","-1.09340585902817","-6.98888898470817","-4.52911136360973","-9.2464989479779","-4.1441554187168","-0.425515495795191","-5.14016044708427","2.72667579688695","0.353159509671197","-2.93333911326184","1.03921383071451","4.09686909499647","-6.83770406131048","-9.2607386370367","-0.848954463653437","3.49397324682308","-5.66623784001935","-1.01513447262412","5.37080322812647","-5.01295278225645","-2.14658077524102","1.501452892911","-8.50890451886981","1.6669685581124","-0.535146770261106","-2.12362884341466","3.58333118741405","-5.26264927713208","3.17146809800713","3.07480550848743","0.662885979786496","-0.725525348688898","-7.80009543581198","4.90624257049203","0.3175271995803","1.08758220733133","-2.77620210954203","-1.62265118395372","6.51608898653338","-2.18278269789923","-9.65479285842407","0.986671143266914"
"Random_Index6_32_0212","-2.99209308439122","2.11224862241417","5.50606303232816","3.11243095871797","4.73524347163655","2.0149430044933","5.1120069048383","-13.1742525900246","-2.75429631492083","-0.261139560260976","-3.75640261344649","-1.18570262980257","-0.681975161522085","6.71303383936805","-1.55534343458821","3.09267291758278","6.37063205208751","-4.55161944841124","0.209153495251401","0.81937770951094","-4.16648306665048","6.7129332982406","-2.11102647743007","-0.0844099384060947","2.32270921419253","1.16214349704863","0.277978268661474","-3.79231029539412","-0.497889882489814","-1.01528466674805","-3.85398115843141","-3.00796542061842","-4.07899015962427","-2.92709119821355","3.09368310343405","1.64798031739812","-4.14508244358221","-3.03969510135491","6.91250562598748","0.127741377659998","3.32851648378351","1.30423493737279","-1.25807520226694","-3.4912747395982","0.139456160198037","0.991380620491659","4.98586368580417","3.24166767881137","-1.85955772649846","-0.555469365666579","3.49250817375396","-1.37151396942936","-0.64248040276271","-4.49669604365049","-3.55258340259143","-7.16376579967795","-2.07024692292115","1.04471819895892","5.06899164558966","1.17016600249956","-3.04705279549607","5.78255589354179","-2.8499996017011","3.55777003268408","1.08088098102587","3.3562183553148","1.46556596944938","-5.66529811919147","-0.971817075719888","4.34309472789748","-0.160254560409208","6.59898764749495","3.09198948127773","-1.03266649316229","-6.74153212362146","-4.3969397139456","-8.91118157592952","-4.03625807113394","-0.367318271958921","-5.02912727801777","2.40398479089604","0.0707865820217138","-3.23182475119796","0.836923007154011","3.66110791867183","-6.64281099133401","-9.11405297069589","-0.655032130274633","3.4330680357908","-5.54536852314019","-1.14737145200151","5.21016229186688","-4.80683860321772","-2.21903368373679","1.3626973562664","-8.35364601325835","1.5809881452603","-0.307509477673468","-2.3160948701326","3.46805052411473","-4.99228444545928","3.02765662279439","2.81506559942585","0.731917107414437","-0.614622399365946","-7.37273717680387","4.55471794001078","0.138458919811761","0.743530871828192","-2.63555554186078","-1.64552473309193","6.15925203321976","-1.98052780065341","-9.63057443985276","0.831781312845242"
"Random_Index6_32_0213","-3.08880308245458","2.13100048508622","5.52699643138184","3.01920556865784","4.78500481553789","2.32422910188941","5.30856262662106","-12.9467627551404","-2.8081370838938","-0.138458389082955","-3.56782954882513","-1.11043899353596","-0.556694491674078","6.94006368750048","-1.40113943228973","3.08242295713595","6.23589294418322","-4.75083803379725","0.350300802488143","0.824544698438624","-4.39540267733443","6.81724543581101","-1.92349208275287","-0.0251437690969506","2.27250485818151","1.10034841282962","0.390568363171097","-3.56927783451883","-0.559090100265121","-0.86431677032971","-3.72912539640128","-3.06922016311475","-4.11550086529508","-3.18340736058476","3.27798623971377","1.71490331946999","-4.08024931424136","-3.18830356266735","6.89575903773513","0.145932252797622","3.27767860814332","1.6344280058563","-1.24860148351959","-3.44850514512184","0.162409027742617","0.9362651809579","5.05208870147806","3.30820398964096","-1.93726232812325","-0.626942708851466","3.50915267847904","-1.23376721286474","-0.656422361592825","-4.46988764261713","-3.66225492780943","-7.20796205617408","-2.26870667972636","1.37366726191034","5.08709434417533","1.35205461795792","-3.0609384337637","5.7776298790249","-2.81159192318779","3.72139079302376","1.28341149592278","3.60051125712882","1.64176269253426","-5.7716253731762","-0.77716112335951","4.44483238196231","0.0135071655714666","6.55759706591299","3.2537781603041","-1.14207709020955","-6.84429370230399","-4.52419517047571","-8.97917613275697","-4.15082339072526","-0.267020464294931","-5.19829041856685","2.51909023630378","0.419006505510602","-2.91508132392286","0.621331741439481","3.67701560248879","-6.6837329665502","-9.08071162631793","-0.787214485867744","3.38536666389708","-5.66647106598785","-1.13139607286894","5.26347585636709","-4.82987917456837","-2.30461937556027","1.36920486247383","-8.57683804271639","1.70326283730982","-0.361520872634473","-2.31005363222949","3.70554186853798","-4.90906066096485","3.1283507568727","2.81274876200679","0.898165115583796","-0.851583649429421","-7.80347169488889","4.70402477193147","0.466745658680788","0.755453401077034","-2.85541648833238","-1.77705195148871","6.21884180499084","-2.14207817985267","-9.70180265040721","1.1041022372218"
"Random_Index6_32_0214","-2.95291134588665","1.96006843382834","5.39704573259457","3.04203542345177","4.73618858482133","2.07613247342553","4.99827220308528","-13.0493551738127","-2.83513514789979","-0.141533850076027","-3.59774255989272","-1.06137365621182","-0.579093051254221","6.78123679693546","-1.33820354469921","2.94759137873467","6.11983940366419","-4.55718556566679","0.302709428307382","0.790374701743411","-4.39929989379445","6.62488228928278","-1.94498468015229","-0.0185414881714175","2.24539068641042","1.10492029195954","0.297481150690175","-3.68814197930394","-0.599720407381292","-0.937411557725163","-3.82492651424354","-2.99621203062912","-4.06150625564649","-2.91868654352141","3.05996925690227","1.77429948896168","-4.25729449986979","-3.22798521081731","6.75269351891813","0.158661986326498","3.17921412511209","1.45645604577211","-1.0969505610151","-3.45755073433501","0.0543059018118274","0.884517845508636","5.05522840635584","3.13576307775625","-1.62248911281916","-0.657648755043791","3.30957722866263","-1.28263527409104","-0.600654226170142","-4.39935230459124","-3.60310071366934","-7.08313111018898","-2.14452946007706","1.07583063172567","4.86554227920027","1.04440089629336","-2.98713724831204","5.66715933195842","-2.7992793433548","3.56077610320989","1.1204542323529","3.20749551568478","1.65783966817043","-5.58848211691113","-1.04794036892842","4.26549905137775","-0.145297722601432","6.52670968091608","3.23263475674911","-1.00371616465734","-6.56207744323143","-4.32440973605057","-8.88117270147613","-3.94519796886283","-0.197757134025817","-5.20774164676104","2.33775997544476","0.195989429871913","-3.03671946864462","0.682604720443488","3.5039818224866","-6.48543086497278","-9.05910018958677","-0.643158233271347","3.34976781165593","-5.64564795984603","-1.22556814742826","5.18602727674099","-4.98633418911652","-2.2027593004979","1.18543410563721","-8.32086507176346","1.52104146269517","-0.321700437764432","-2.25563930967789","3.39681123041117","-4.99396540532383","2.73901129002545","2.72226159034441","0.854091024293597","-0.626844085065888","-7.65504066378969","4.50829720070948","0.339082177122457","0.638742983234405","-2.69557114590814","-1.66348542943789","6.09217964366006","-1.84217683777774","-9.36498634819153","0.848900451003381"
"Random_Index6_32_0215","-3.12375913204236","2.28674475759275","5.62955708350027","3.27675666677772","4.99120478192696","1.99622504372584","5.22822355210561","-12.8864256401171","-2.81125098538994","-0.28016297826093","-3.83146062504223","-1.29343717143657","-0.698119901533066","7.09839180651536","-1.40852755030186","3.26107728396319","6.24160375779078","-4.82409047120855","0.126650368752526","0.975187998174581","-4.23540334009322","6.993879629311","-2.06896507827305","0.281255278738604","2.3549359377837","1.09282654034399","0.543150213630576","-3.82112473058686","-0.476308496010664","-1.19685721960205","-4.00007293707898","-3.26741173208409","-4.0733200776565","-2.92053580920576","2.86752351251663","1.76099333536941","-4.2165344537976","-3.12450486345277","7.17979046328387","0.0559459474322322","3.41542038253572","1.3882327813018","-1.36818284151756","-3.60176241929086","0.289698996822179","1.04297735417108","5.27932922436086","3.47305928648599","-1.75392062449152","-0.630175258986114","3.65622692344432","-1.56192797933931","-0.923503312255365","-4.27896466939718","-3.51205547471108","-7.01522841669","-1.9622190419333","0.827407932666627","5.24800318528614","1.12613942097968","-3.26270871904737","5.97899376506317","-3.06073971509295","3.77718459279231","0.909397638936479","3.29885004326832","1.57286802160969","-5.70509833810277","-1.15110768228574","4.5056090556372","0.0193989317577116","6.52239434882472","3.23249413422688","-1.00084565830907","-6.89487195920471","-4.71102996065086","-8.98453276168779","-4.01548745720511","-0.49473374589072","-5.1565762043825","2.30050630424396","0.217084275351048","-3.10316735207817","1.04129178105329","3.78210726331282","-6.78443944283623","-9.25432951873661","-0.947214789736977","3.66407231607806","-5.4101523381649","-1.15680991105013","5.45529314224088","-5.08120617183681","-2.06442867421305","1.64722630183442","-8.13846782444633","1.74577907620387","-0.562679059365293","-2.09484983989049","3.18083780099003","-5.17521450428427","2.73315307520233","2.91014367870288","0.780677934595859","-0.651108896893989","-7.64158047697536","4.76965903442978","0.169364247724287","0.856946444922691","-2.65521590598491","-1.59772668995316","6.40106914637911","-2.07242339416586","-9.79107101364345","0.802861239854666"
"Random_Index6_32_0216","-3.21967470867038","2.14007938271047","5.37466873007675","2.96867996489683","4.62651399444276","2.14976434656222","5.09407153494304","-12.5733863486244","-2.69602628463195","-0.274031708531129","-3.655558073314","-1.10774097888934","-0.50705268865458","6.73258182922304","-1.36828463411139","2.73410595608219","6.21651883788399","-4.62721130823532","0.100128621408344","0.669743162131211","-4.29675204037622","6.69481025583874","-2.03134847259724","-0.137043828416573","2.34043242780262","1.09498277240389","0.321189392895742","-3.68336842261007","-0.737653190452824","-0.898509925770126","-3.65516653036651","-3.05753427504934","-3.99202820515116","-2.98794078507673","3.26822246218476","1.57475931359729","-4.01196271514712","-3.03065390924316","6.78265227969797","-0.0708777310342435","3.11127849014544","1.32689632168016","-1.18696150152106","-3.60072710857159","-0.0534211272607132","1.041029635789","4.85858323275113","3.27637033049408","-1.95410313067419","-0.605117248108199","3.45481676973013","-1.13923441962281","-0.692713500963499","-4.57078245539993","-3.4597262534618","-7.03729079393352","-2.29870327700309","1.34043499134053","4.95464156632577","1.11273162298132","-3.05893586155277","5.71722031401321","-2.80902671379094","3.63792723162386","0.992238257876225","3.28195464212581","1.56672497368444","-5.66144620937237","-0.991000039454651","4.20827553186053","-0.271516075218792","6.49953547079451","3.06482392573736","-1.10915584753671","-6.85942989591143","-4.57171824806128","-9.21241708432765","-3.84221674337255","-0.348264340168843","-5.22847095111653","2.31364187026825","0.102625150532299","-3.05032625586444","0.584060506635426","3.53599666105513","-6.65373068174854","-9.24076828329577","-0.819172585506564","3.48968869645077","-5.68006748539238","-1.30823971594165","5.2073350080495","-4.72583770978217","-2.5314319808617","1.11354257033901","-8.39606225342184","1.45597982458959","-0.308448646484561","-2.18465573267063","3.56159922788933","-4.91853397007805","2.7787675489736","2.67400771826678","0.780463620804894","-0.794971186837148","-7.6011969132978","4.63780231174693","0.283224768360592","0.87317121530509","-2.69191012199187","-1.57363685758341","6.24195711106142","-1.85181947263496","-9.70969012419884","0.813964447063173"
"Random_Index6_32_0217","-3.35046603496742","2.14448240552739","5.52991412504877","3.06985083522955","4.90655284621822","2.11829727628021","5.16840737692735","-12.8908950384227","-2.7879780311499","-0.381054013528331","-3.7376371528755","-1.28112015998882","-0.587829222228477","6.83709144540133","-1.50092080985109","2.99949817802516","6.4554021032098","-4.94569307672425","0.297784607599421","0.875020835496065","-4.3004873711656","6.86879433601932","-2.11496533211941","0.252224543204631","2.40084359850279","1.05622844446327","0.335106044767667","-3.9159406695332","-0.455322224403342","-0.984458287936415","-3.77921770738112","-3.12766861880378","-3.97717147838016","-2.87839008614294","3.1750102160535","1.6403806675027","-4.26650514457015","-3.16296751701259","7.00149824510454","0.0214013993315203","3.30251410244779","1.32089065082433","-1.23584514512701","-3.50861969616867","0.268795047771882","1.15724172893357","5.1891958802274","3.32884865853544","-1.95155704862059","-0.646248280116841","3.44187200344226","-1.37446850412586","-0.670615759857933","-4.55793112570696","-3.43129780048449","-7.13223962309311","-1.8286074401842","1.11754733315762","5.08635421121126","1.27651850159896","-3.38413215930536","5.90692956980815","-2.9709585719107","3.73215765129878","0.864700019814099","3.41038339210213","1.7149058304858","-5.75355736653033","-1.21528828306004","4.39063847467694","-0.00775126564866536","6.60389003860064","3.14110059982218","-1.22944666589019","-6.76571583608442","-4.46541700894222","-9.1023733342502","-4.04471135380042","-0.614069287060732","-5.1579648425524","2.35218187613939","0.340227380337381","-2.99566340964317","0.816361158852547","3.62082241613859","-6.93091010163046","-9.39548508614993","-0.924148888691896","3.57963336758357","-5.66311320582736","-1.2154766956633","5.38810456188036","-4.95409032853134","-2.23656097748191","1.43127764488377","-8.47829637255971","1.65491033891798","-0.489363987067063","-2.25297457270199","3.46551235166031","-5.08110006121701","2.92521843442242","2.78274612950177","0.677999583948767","-0.677910102400177","-7.70546970721219","4.71210958759303","0.228995174456838","0.862652243472678","-2.91627794458989","-1.60112527373539","6.41391871223924","-2.11397964607602","-9.75973733231665","0.86954039210525"
"Random_Index6_32_0218","-3.033164776871","2.25720191754222","5.64962956097833","3.10703485207644","4.82124821957334","2.133488907222","5.25231385389654","-12.9604094334379","-2.71802798253591","-0.276303811660781","-3.76862671135354","-1.23762475549573","-0.684435445808716","6.94142821240909","-1.42520394083821","3.13832715305675","6.21172653746934","-4.63422703874465","0.3377728452231","1.03110007182632","-4.18074827067884","6.70742228567151","-2.05689679606122","0.0703844625014399","2.08955837465218","1.06158260742011","0.471153957174496","-3.71614278570622","-0.568266511673831","-1.07536116954844","-3.89974159530513","-2.96791820252004","-4.01451850102035","-2.88456082301985","3.09923063950503","1.74377095722338","-4.29020952458091","-3.09132333964364","6.83866047007832","0.199448570999883","3.36290035812436","1.45965811690392","-1.19501243000115","-3.41720993327951","0.0589744320963344","0.895301122092757","5.08818540329041","3.2399043629533","-1.79322050210326","-0.751305514708581","3.41914832404859","-1.42412678657384","-0.691687902280726","-4.482196732006","-3.60254812009993","-7.26501705166742","-2.20859502069806","0.97790148590774","5.16226586973407","1.3245570500653","-3.2693085764205","5.77230614639035","-3.05822723696043","3.63889094344252","1.07139996616109","3.12673678895293","1.65278180896323","-5.94309566268554","-1.05996869908274","4.36450260226869","-0.0502552591760014","6.49761419256914","3.1435850564208","-1.06929793724873","-6.61149497180516","-4.3313198384213","-8.95765950507851","-4.08111927549069","-0.545117559250953","-5.12772962337816","2.27741407733759","0.306473879714907","-3.1924912194641","0.77617435523482","3.58644999511698","-6.72565793918608","-9.19127586100351","-0.826908562391183","3.49434487404557","-5.49252118877955","-1.23890645733394","5.48495190109422","-4.79079644864","-2.21200433940385","1.40570274942184","-8.34593679245658","1.75829889276325","-0.334756315660318","-2.33954073255642","3.45099651382438","-5.03313341715604","2.86208334575519","2.78176859263421","0.791930256271742","-0.550366043970292","-7.6247058757611","4.51409402659017","0.25813451249271","0.804304394528925","-2.78982564796357","-1.59157437773462","6.14960184298671","-2.02840017363832","-9.63116079481997","0.844961789603187"
"Random_Index6_32_0219","-3.21056202930976","2.20430737825153","5.50844824222469","3.21447306095671","4.80729448916205","1.90991006231147","4.9431662360206","-12.6596221774218","-2.81076069895137","-0.218063720908772","-3.65553121930091","-1.05198906626992","-0.680637082464653","6.82008055952102","-1.37307539046276","3.04596387371899","5.99788176032944","-4.57281761257986","0.234807883846304","0.921836323794095","-4.23263139221564","6.76940703890872","-2.06709896082588","0.144528741868962","2.42763849617792","1.10759640844955","0.237501317837847","-3.74825761392206","-0.589794760769185","-0.88951060578839","-3.87105481312631","-3.02800755910999","-3.87080278405008","-2.78853095947697","2.89916192367716","1.68904718937151","-4.16590777295064","-3.08808645110841","6.67377655055079","-0.115037242447544","3.21964516707939","1.27534584510901","-1.24403124666737","-3.55500187673687","0.148813696995343","0.70492182647316","5.00252774872803","3.26444020285086","-1.99183043813052","-0.481548340986206","3.62394241075597","-1.28354833073524","-0.680874299933483","-4.53512822279359","-3.28050813899215","-6.82593148178832","-2.07897132444882","0.9933694148597","4.95997973124519","1.10318624746746","-3.14656885765829","5.75102442545657","-2.86224097683326","3.7002132185469","1.01930907179546","3.14275875382784","1.59261103248026","-5.61011424951464","-0.917281861282278","4.35552861115096","-0.230396183125185","6.47664962070396","3.07727009082098","-1.0767162252015","-6.77196723138483","-4.21420677404402","-8.77338605609596","-3.83231990654772","-0.609071948160093","-5.0129603511328","2.43615268689854","0.0170413858509277","-3.13414769444901","0.751821065138906","3.63683634738559","-6.59477828025853","-9.13854086178404","-0.761023164621693","3.36937228483686","-5.83420370799985","-0.95990218048025","5.1743900958865","-4.92284688233039","-2.32986789197106","1.49606753328097","-8.26178996680402","1.83552596948317","-0.497531749044302","-2.17949653245405","3.26895010717002","-4.82848558621614","2.67236036335082","2.91121449684997","0.550130005901251","-0.888804460241554","-7.3610213404371","4.61213082835639","0.207106076635049","1.00874437550474","-2.50753192706213","-1.49149533150621","6.11439718358854","-2.11128631191962","-9.45843790323382","0.656968450612039"
"Random_Index6_32_0220","-2.84702747093705","2.04139509614287","5.35963951232411","3.02119033121377","4.95689870675324","2.04781250224628","5.27363649290647","-12.9086130502356","-2.9257492236659","-0.05988331829943","-3.56237631440165","-0.944705234052307","-0.316217547062323","6.95047051498869","-1.25983479557436","3.4558219204942","6.41630658373667","-4.57633257033052","0.400920244589676","1.07397273869902","-4.4361348914358","7.02316001363623","-1.95806759197666","0.250263909856716","2.12025494937692","1.26184348821659","0.490286667182328","-3.74412059136559","-0.588377980834055","-0.751741944512519","-4.06586470677536","-3.02415221884036","-3.96963125510081","-3.07311254022416","2.92528408212708","1.8871373319641","-4.5343596389547","-3.43073684928717","7.02786154202334","0.170117389190551","3.29349629608685","1.52857811952465","-1.23259752026658","-3.65451629103746","0.0443001075295981","0.791393051814987","5.21439329108992","3.04513460375655","-1.88991951484412","-0.700943186069237","3.49573856947932","-1.04619815138741","-0.49935286743153","-4.45661066202825","-3.42349730850118","-7.24422628120391","-2.03508893218713","0.879367862458507","5.08092161181652","0.979268300702899","-3.22536540292747","5.64157885031737","-2.90555234766409","3.73056290490633","1.37697018530937","3.25014041182987","1.97578303347791","-5.7827309740841","-1.15219612032249","4.30060647215644","-0.0878410453562631","6.70618634434513","3.24266527329467","-1.04421947263761","-6.72985252182807","-4.54576678496836","-9.27047557465839","-4.18467377767511","-0.423034240886609","-5.35254333711305","2.37511833924987","0.421125507372043","-2.98348757325477","0.900168985013084","3.92873265586055","-6.69563536966802","-8.89725380039308","-0.692588473920884","3.36508860830307","-5.71092924012793","-1.26513872914551","5.41394357223909","-5.45102763531401","-2.21402161636771","1.42726771488959","-8.85247291491411","1.71276260294656","-0.229823208732799","-2.15407910481345","3.30542557519297","-4.97275367557009","2.81569553765124","2.81606885995939","0.799502627520663","-0.799949017777175","-7.54281561125731","4.59611476247415","0.426746471808927","0.816666779482804","-2.72596143471157","-1.95082276926518","6.18983309635035","-2.06275589192333","-9.58083281728508","0.966945781751768"
"Random_Index6_32_0221","-2.89623188770004","1.95290414689322","5.51898727391668","2.86498718088448","4.79943221966117","2.14902153183015","5.19197212292102","-12.8285102243096","-2.74617797520656","-0.149168502271633","-3.70726975694913","-0.966458690747213","-0.372999800488189","6.7342530116309","-1.28043724765601","3.32106120824462","6.19072226039568","-4.61432891274621","0.404776281326733","1.12957034117253","-4.41005737398549","6.64986206566531","-1.97245489902631","-0.0220271809135463","2.2930888731201","1.25085304309518","0.288528128633776","-3.70473305515442","-0.721802196343739","-0.889846729714275","-3.84916426961006","-2.98435176667207","-3.94108445830151","-2.98175239149906","3.27008246793559","1.98490935730537","-4.30712553400315","-3.25837948226817","6.71912775890375","-0.0099149066729404","3.1626037248615","1.57010831173557","-1.37960724802955","-3.52382595604697","0.10579937484921","0.76315043975784","5.02984465852242","2.89283836692444","-1.72996912834599","-0.768418123315917","3.47528791199545","-1.04627635138756","-0.63500856664539","-4.34524926306085","-3.61371827539123","-7.06533430270304","-2.11623434196226","1.23730704101748","4.86627336058966","1.11572878450205","-3.17415485307144","5.68251880304685","-2.92538274496297","3.55308772571237","1.23189402398466","3.33140766785396","1.85390107816608","-5.85964825100972","-0.922326784960148","4.24676924600812","0.000844034708500069","6.40539771713665","3.12871056853902","-1.2380113504008","-6.65585512173783","-4.20643550927233","-8.78327118347849","-4.11412092891191","-0.418576782630022","-5.24117948315136","2.28728310813268","0.223702166412878","-3.0961457910473","0.725226857156284","3.59190268155","-6.55267045431227","-9.10997409204093","-0.750251762593319","3.34869422701644","-5.81159772120181","-1.35152052219559","5.39441979906556","-5.02546198717581","-2.21517647759879","1.36002194361334","-8.41144421830896","1.73215178514801","-0.259982097018027","-2.27489891498731","3.62566553149814","-4.86097095036835","3.05593680543701","2.619404641056","0.925037053454286","-0.919248433617858","-7.54578335593433","4.36785667171382","0.467337135354606","0.778494595374786","-2.67695397954758","-1.6537957526901","6.01130797333446","-1.85131327988632","-9.61863154150945","0.881860112439717"
"Random_Index6_32_0222","-2.79519422839471","1.83726105094109","5.25724926137132","2.88847839624013","4.63088260969592","2.27192425126712","5.00929489055935","-12.8656853275114","-2.61982237130559","0.0983778835582069","-3.39757030593738","-0.864267651858472","-0.246209782405711","6.67474974789929","-1.09231696943751","3.04425597509398","6.20373007195599","-4.42437649253723","0.476670832123841","0.703251725339361","-4.58909361607515","6.66199880726751","-1.77886674488277","-0.247188944763567","2.12705147856174","1.29496879860351","0.249251421636719","-3.49237982142848","-0.736829627106163","-0.582081385437331","-3.68679392036486","-2.83345139055458","-3.88381264485709","-3.05134774800917","3.09244053906098","1.88736128983745","-4.30622725393306","-3.16318684764283","6.73013397709869","0.219133035762963","2.94382015912786","1.69946037875048","-0.849103890809123","-3.32406152222406","-0.155382686922521","0.76139582283939","4.81087884705092","3.04838119786521","-1.7695889420395","-0.693259592920081","3.23653119632124","-0.86803070838795","-0.340385543661603","-4.32944763764869","-3.40736022225793","-7.03443574201173","-2.2244960441747","0.99232397199447","4.83760493564011","0.855883731349534","-3.03054833255251","5.57039832804187","-2.428841282426","3.46534028866","1.41424430599145","3.24183148657347","1.8505140421301","-5.55554424890738","-0.906638304390581","4.0808178170556","-0.192829011540029","6.4675485972077","2.8986657368638","-1.1924287757674","-7.05945556013289","-4.32570846859779","-9.04560628536452","-4.15570144311197","-0.268420846420553","-5.07829550553151","2.47739256699332","0.204123786085697","-2.94234389359855","0.646908292036325","3.58431470875781","-6.4981955257946","-8.96697891634611","-0.402815488145647","3.23085401181868","-5.8587415421637","-1.17732296515909","5.02348423220682","-5.25579085415875","-2.5758800261142","1.15622437646136","-8.53093366523766","1.43175126372513","-0.0427292089898811","-2.4466105360509","3.42350933733007","-4.63917556952797","2.923342574319","2.7354428360588","0.89045641447333","-0.642113464872086","-7.53449352456782","4.54349939222415","0.444487122858638","0.603251650498329","-2.42462624267876","-1.78891213273334","6.15832662063979","-1.97374080852341","-9.30472977419909","1.06224245927702"
"Random_Index6_32_0223","-3.11900037108533","2.09151628963893","5.46450036299261","3.11809367687492","4.72514671573717","2.13246526548746","5.09818887325227","-12.6773067521049","-2.67984215798569","-0.116632060308197","-3.57181063349974","-1.12655721433302","-0.529379581483449","6.83792281370185","-1.19030331558621","3.01951014029402","6.28556324938482","-4.63552527194424","0.32434494517176","0.736339434233516","-4.33584513286448","6.86044373798126","-1.96396658187927","0.0291384380642225","2.15840301641633","1.14653614498156","0.1751373779335","-3.70482693635406","-0.692141849629515","-0.890662793541988","-3.75849793537286","-3.14690107332715","-3.99451720740138","-2.96309368959399","3.17341677966069","1.487074956023","-4.20579475746989","-3.22207932833946","6.91647702945399","0.0755653891459756","3.25820734772846","1.37379233955444","-1.31196156224315","-3.66741242993229","-0.0689543309202322","0.722952455068851","5.08873042174331","3.20997444067174","-1.81235794082807","-0.707895283609049","3.51507645164245","-1.33510254938921","-0.664905169118396","-4.69649790127182","-3.49019842593123","-7.11801766259013","-2.25863776168715","1.2336093234955","5.00260883595234","1.02844417866674","-3.18900937733739","5.77284088891636","-2.82274298173711","3.68090702142535","1.19640948453677","3.4441501651042","1.69258260203867","-5.7772632350089","-1.20032280733979","4.38260951774279","-0.0869104832506762","6.65443183621605","3.071502965302","-1.08071498266593","-7.12888517245425","-4.42708196140523","-9.01453008277913","-3.93536461161331","-0.274104843587746","-5.34592300980683","2.47924584027929","0.305305093822655","-2.92065156883222","0.694598531626835","3.85054122315413","-6.63669977623713","-9.10150764972087","-0.695124679546083","3.40397926744717","-5.55590170200032","-1.22640493898624","5.21725823169845","-4.96904332662917","-2.51511725634977","1.31001905857735","-8.48720612964392","1.60875500208275","-0.256629463227904","-2.24641626586056","3.4926812044916","-4.90734372522243","2.95755998989302","2.92443225150227","0.76992863145768","-0.758318540654401","-7.45310276533765","4.7273584437998","0.411017782190349","0.758437179861563","-2.7277648535356","-1.66521025580474","6.26874147364072","-1.87520102070313","-9.57827318963611","0.958489860271899"
"Random_Index6_32_0224","-3.1988129919736","2.37485769040058","5.78572273670903","3.30027494611779","4.86324234030236","2.10313252495752","5.16583667038517","-12.9419201563114","-2.67158583011432","-0.423591579046608","-3.80760115711695","-1.35353837260739","-0.617287952764316","6.85425362729483","-1.55362083160482","2.9578301313207","6.30376199762312","-4.65962421203388","0.145686375999081","0.722913197546561","-4.37511025811441","6.95354728690427","-2.13707906482865","-0.0662918261711178","2.54015735091823","0.795010616280513","0.0433655035120636","-3.82607091849912","-0.759605280429166","-1.12322347623523","-3.80797067653308","-3.25373336449971","-4.45620821891742","-2.90116164621178","3.18300250709166","1.58184656674771","-4.06739892661365","-3.01187298924606","6.93082505192847","-0.0250386155500226","3.59123486465242","1.22030840774387","-1.39617642880694","-3.5472480404417","0.289056180377228","1.06688318277828","5.25902984288883","3.43226221670467","-2.08529790310364","-0.324032262952161","3.59080331992426","-1.49627190762384","-1.03814073966359","-4.62592199109161","-3.91200511834363","-7.1137545604985","-2.14033201472884","1.27840038318557","5.30975065052942","1.10375775687577","-3.05124350202772","6.1396737030781","-2.66790747342642","3.8666791857012","0.865627302174575","3.35840020303538","1.37893128624033","-6.03545037891071","-1.21013201772285","4.45754431437276","-0.21228329032843","6.58825622764046","3.44149871601911","-1.09428346620354","-6.55380166051265","-4.60513056158666","-8.83735599958677","-3.812704707067","-0.507423587725946","-5.06630212732892","2.59440324971103","0.134345869588881","-2.92199752649569","0.768268119811327","3.65439321305493","-6.60747907654441","-9.54484609100361","-1.07730798584667","3.77963215693917","-5.67546222313718","-0.962621183371886","5.25027292925763","-4.76276377135818","-2.3851808917254","1.19900382651791","-8.35109407227209","1.38405617936723","-0.429664027780757","-2.56250556898345","3.45490725708257","-5.05971598574762","2.90567729760483","3.10417978401754","0.718803781462301","-0.865653394312012","-7.48646210564799","4.94055164312093","0.245228298171495","1.02759014297319","-3.1318139507718","-1.36545137313141","6.43292305388961","-1.75396360719295","-9.56814438556086","0.842732579028299"
"Random_Index6_32_0225","-3.26416159743372","2.13274047361793","5.56277160001532","3.01891217543724","4.63922768120068","2.16455983581541","5.00979854582854","-12.9303358299252","-2.7462418296237","-0.18342524999107","-3.66239882005253","-1.06418189466713","-0.64855872871862","6.64853347679046","-1.36314898671432","3.01746850037738","6.3123445265355","-4.64883637323372","0.347322344744213","0.784601439849601","-4.21315203992475","6.69397363717945","-1.93914417504027","-0.0829654600816504","2.28974490549265","1.21748112267943","0.248762363994377","-3.63148148350644","-0.55850415349198","-0.989293089090043","-3.75022198836243","-3.16050173559377","-3.96107803220585","-3.07558100842469","3.18928824403273","1.61311980282223","-4.14592079903799","-3.11364491558868","6.8483446802016","0.210975299850065","3.23484167474609","1.3708918277988","-1.026308996898","-3.40559006251083","0.0358760586722384","1.00216483118769","4.918135162003","3.23420389809674","-1.83529831827822","-0.596271825416621","3.20038252338798","-1.28334682897662","-0.727758530091166","-4.57135466154718","-3.73736725826836","-7.00539083889401","-2.326146401274","1.19280995980017","4.97584999297212","1.10246959626015","-3.05983071011722","5.69622387556561","-2.81582018818014","3.63573858490363","1.10346543683051","3.46976997888149","1.56020306387554","-5.61892660887745","-1.00467966169752","4.23539429773463","-0.265040567898303","6.41956730723043","3.12789916369985","-1.1444602895246","-6.71929431006409","-4.29392326736279","-9.07051296768698","-3.98245777079567","-0.29214970684835","-5.03515539791501","2.37480811836972","0.386922877225448","-2.94625295037757","0.661057243156654","3.54203881532618","-6.50642107469876","-9.21110093906881","-0.650487642333582","3.37644580269737","-5.65761988436021","-1.13129060826082","5.12630071348472","-4.89936306881099","-2.29811589926378","1.28607599950229","-8.26617846120647","1.65851827542296","-0.324497620068695","-2.31949331195732","3.43441294162612","-4.96688380241161","3.02709303526646","2.74571590161557","0.83902687678855","-0.569235624132215","-7.43511006059147","4.55151224446574","0.41608186949327","0.606618443847816","-2.55754328993723","-1.7210408532403","6.19038502191118","-1.86361535942026","-9.47724030506913","0.835944503623681"
"Random_Index6_32_0226","-3.00752163049936","2.09340978037316","5.52888978896619","3.01994028004931","4.84581662927228","1.82081389405713","4.7682534177423","-12.6199600219956","-2.89481012052066","-0.398922550035432","-3.60567967682053","-0.929019499823363","-0.535466725151849","6.72170085655618","-1.28229755964517","2.99968341804223","6.00391826381094","-4.69248785749161","0.334989646348025","0.925051346983742","-4.28528954116989","6.74714082245223","-2.00917623545722","0.210265263236994","2.29645895519981","1.1400780027774","0.424076796112176","-3.73195778982386","-0.516743567919881","-0.871118340291779","-3.89938157233944","-3.07610626787943","-3.85744358341546","-2.94721290790871","2.79508220554388","1.63386985421827","-4.29044262209083","-3.31047253773472","6.85398164146396","0.00162077220697988","3.13863190984607","1.32968400474408","-1.1071926696253","-3.52512142548164","0.0912752876518188","0.800791834812075","5.07413383103512","3.30152256056776","-1.99531512481203","-0.643450199886956","3.52740007729267","-1.12834648072175","-0.643973301349188","-4.40269423115895","-3.60332235970667","-7.10566564026307","-2.05822359190439","0.857267675005261","5.00664939901813","0.820584014300673","-3.21225698555486","5.65096837673668","-2.94063500123768","3.78548487252431","1.05960562287954","3.03674914445563","1.8189108444628","-5.97291069654408","-1.03713223718906","4.48970513996584","-0.235370219288267","6.50800407629272","3.08477701851614","-1.3678046633102","-6.96861210493084","-4.37803276220816","-9.15324041798216","-3.92890124121911","-0.535293610102721","-5.31562730083734","2.32701811914268","0.200617636812977","-3.15446131668444","0.723366368639577","3.73097802672666","-6.73228083780798","-8.89852804338359","-0.662967403932187","3.42621091955983","-5.63028456375288","-1.23563299952276","5.35421814869316","-4.95795666164559","-2.35571987760984","1.41171420347414","-8.40935236951158","1.74512584698588","-0.436702474487268","-2.08285419688816","3.16707078047637","-5.11399651302609","2.55186710313263","2.82992065145017","0.639870729352085","-0.907156809646572","-7.50348515745612","4.64673928103461","0.215682288970357","0.884782388041236","-2.61536024374625","-1.6835872595807","6.19489821633166","-2.03454621338294","-9.57428937276098","0.766679413373413"
"Random_Index6_32_0227","-3.07603068223829","2.11468411372086","5.4197121655397","2.96594422748828","4.81148859485125","2.28482313611313","5.18895343512364","-13.0294873853815","-2.46196927962701","-0.151866372560092","-3.63840224046277","-1.06580659269779","-0.504523520935852","6.66065196107414","-1.31007782245917","2.75171696828912","6.19849853970357","-4.24125782755624","0.294908799123181","0.5769893043828","-4.42866009043912","6.7148429428634","-2.01063843671082","-0.0253660241959261","2.36366745477039","1.19305559420847","0.299686715829446","-3.71402355500569","-0.753018864725012","-0.844584997184813","-3.66507898211112","-3.10651884845453","-4.03287717131204","-2.8092990553494","2.99448824740055","1.58934991300282","-4.01474374477777","-3.11189373183611","6.78834299281485","0.0375718870661579","3.20923969353374","1.39792742607287","-1.07255733555912","-3.43375213918424","-0.0158176595976909","1.00171945772389","4.83781395688405","3.45640174069906","-1.57621175337036","-0.490562400652993","3.40757051143297","-1.28566363561407","-0.548431964266588","-4.59672390665786","-3.43793790912318","-6.7904183019917","-2.10618469583979","1.05890835946253","5.05385012361875","1.21676070090874","-2.92164159923813","5.73828893962232","-2.66663064871292","3.56555438740956","0.88886429259329","3.23489082817111","1.64929399962749","-5.5035146106943","-0.884420050795288","4.15342958186779","-0.32051609797029","6.5131909281892","3.35781682046911","-1.00120288493981","-6.72989893814659","-4.56839808700488","-9.30895507237941","-3.97575241439907","-0.0878144554509907","-5.16579927801632","2.30617755712255","0.175755024764841","-2.93517280649413","0.694929741734965","3.4189330538816","-6.42621236851499","-9.09077855157844","-0.664076296066855","3.41641947250375","-5.65299113165101","-1.27349478811693","5.22845307731218","-4.95632904427073","-2.39345824976833","1.21412797198856","-8.19438032845832","1.59393100338803","-0.260063023733163","-2.22583718970614","3.23347689033976","-4.95689876900976","2.60969198809583","2.71957140437103","0.820257656099949","-0.622661774771303","-7.29594006611302","4.73638558027631","0.332486629666829","0.902455778132431","-2.82042709865521","-1.66599622774831","6.25799658460865","-1.72237541898787","-9.69754392075716","0.744015144064209"
"Random_Index6_32_0228","-2.92790322863559","2.00756353408075","5.51834180121585","3.15932933025129","4.89462368993984","2.17325886815605","5.15822618122858","-13.0281237443872","-2.71631085547366","-0.256578831859648","-3.61087988750247","-1.08125460951506","-0.482988779948184","6.8291271780164","-1.35611387480149","3.00627707325153","6.49428266889461","-4.55277348933302","0.417012847119696","0.856229766999975","-4.38782932787134","6.93682858567476","-2.00758005933261","0.0973021053523579","2.36541320398399","1.07346425920152","0.225221566414225","-3.73080601899129","-0.558390189119595","-0.887300286853091","-3.83458594558905","-3.0292853563802","-4.0341432272897","-2.96505605994473","3.11740436881197","1.83930481148484","-4.20452017532228","-3.21223593504081","7.02861045338827","0.194052662197313","3.31496941541282","1.51729919786573","-1.09007720844626","-3.4146212462431","0.0917839253429373","0.964206411237523","5.27336104365478","3.35404613347842","-1.81943288274428","-0.524242309226584","3.46165990898318","-1.23511511927617","-0.782400150409991","-4.46447673043137","-3.64752984958271","-7.19314751055488","-2.25081692777974","1.12751563266971","5.06682697982757","1.12577377471117","-3.11443596642321","5.75923922705185","-2.86456896771731","3.69120034043495","1.10428735380741","3.38592825711661","1.62990111097759","-5.71441710330772","-0.862968012265752","4.44209433580029","-0.157867060557108","6.65077547502128","3.27028541837764","-1.15959530494423","-6.8114066390646","-4.4974236530407","-9.30833992625595","-4.15413351963931","-0.374324014615317","-5.16045641456442","2.48733802249377","0.318500110209301","-3.13351830191456","0.785270964603724","3.59906932317985","-6.56909003607782","-9.16709994870353","-0.82778360581747","3.63078879561034","-5.53348001041217","-1.15414324435561","5.162061452529","-4.98407692858931","-2.42748368912918","1.38980996910144","-8.53293920111086","1.6444920101576","-0.383848328433652","-2.36643640424123","3.41158677802822","-5.19083117043247","2.89623470039037","2.89581097105792","0.772138439243637","-0.73569843526461","-7.51983587075588","4.71333395769018","0.414489076972448","0.99113405603532","-2.67754755941722","-1.49671368858486","6.26607961791894","-1.64374152448923","-9.67745782557553","0.877604129632723"
"Random_Index6_32_0229","-3.13049090792173","2.33063786019122","5.67963779497017","3.28168323702035","4.99243202130216","1.86887073814757","5.12172798762338","-12.8006332021967","-2.95718772223113","-0.56889091211411","-3.8703219434282","-1.35857021980374","-0.85146525185297","7.1305132240905","-1.63557061139906","3.1254550536199","6.39626936614161","-4.79578967885019","-0.0128215358976566","1.12783838382773","-4.28898377687145","6.99365590257582","-2.28787328751804","0.199161375866131","2.37974872543171","1.00649811532948","0.661138411259509","-3.9685662042277","-0.389369706039984","-1.04371161086768","-4.0133652726854","-3.14818606469368","-4.05145295199479","-2.97619152668407","3.41914678020718","1.74615451457225","-4.27585597976675","-3.03408675395352","7.15521381049021","-0.0237074391772016","3.49144854481912","1.21701066855778","-1.34861080576392","-3.71216243450705","0.271995871350975","1.19246396215923","5.17129264382256","3.43278076343424","-1.84659050053188","-0.520413147459874","3.61463651136468","-1.49224148431943","-0.841042679852104","-4.45632925095298","-3.49628222177421","-7.4208617869763","-1.88754237561034","1.35039600595173","5.16570118249679","1.29432392921375","-3.27174471622381","5.86080187084498","-2.98772276657326","3.81740736565496","0.976465697637921","3.67390694501077","1.51953367551606","-5.87673269011743","-1.23004635620239","4.65574010163252","-0.0304840933994683","6.71124661143849","3.45189413763793","-0.978864846044362","-6.87962171945268","-4.76976945910545","-8.82862756227337","-3.93114267193376","-0.585159578197031","-5.38369635606271","2.46605131273725","0.0208237694082277","-3.29049887021969","1.03078139808804","3.8798400146764","-6.82989251724043","-9.07278041113067","-0.861127388975604","3.57279903947752","-5.42774663141126","-1.03429336715434","5.58896190771305","-4.82003355833228","-2.03792249771026","1.59137842827381","-8.42686695709631","1.75040925021066","-0.662134791160237","-2.13429110239207","3.76513852719734","-5.16400011594625","3.26066515124202","2.89004972738094","0.585902421834094","-0.849550087358075","-7.55551239464572","4.80247356448911","-0.0250200607942324","0.808862947510645","-2.72315551011667","-1.53234896538979","6.33298675691159","-2.16254142086027","-9.6184536437342","0.725465762102034"
"Random_Index6_32_0230","-3.17922534886608","1.71675192959495","5.29274800095846","2.75177388091166","4.69769757797357","2.16282127122143","5.27596091644764","-12.9281886061038","-2.66248237375956","-0.222426363685451","-3.61585197136737","-1.00455219533485","-0.412414495939464","6.80836671734827","-1.33647771068854","2.90587132218391","6.45719937986813","-4.53831049151333","0.394830513078266","0.762464681446784","-4.3804558048973","6.69453262037043","-1.9020170772195","-0.121216844102403","2.06721365893981","1.46629575018471","0.465480181856672","-3.70577025244856","-0.576421633547732","-0.818396613894447","-3.60805023633788","-2.86263531924887","-3.9978221076725","-3.30731030503383","3.26588068965115","1.74564345439534","-4.3829349752935","-3.25201440858173","6.84775583254963","0.0624044657301327","2.99297213798557","1.47072952333917","-1.04569287019814","-3.49147328125965","-0.0543275959534188","1.12501595532121","4.7848066604499","3.1266849259549","-1.91449389139491","-0.872617291348286","3.27302598809237","-1.1405085320231","-0.359793769448266","-4.41892467659115","-3.54279121211072","-7.16569796280509","-2.20652851474853","1.3401135829588","4.82145076951516","1.24097701725773","-3.03003007869451","5.61445924370091","-2.85618069481368","3.32542930937029","1.25292228352178","3.54192919568827","1.84608577602533","-5.68863597588135","-1.00944070855345","4.20513834481834","-0.11167066794072","6.49733008061142","2.86171932657764","-0.929020595000026","-6.95340968304467","-4.43872610227729","-9.42572396219146","-3.96741551110403","-0.155572885039939","-5.35244444384826","2.1642035890523","0.138512799984749","-3.18147853096905","0.470299494289437","3.37900962923134","-6.58898692158941","-9.06206863513304","-0.485645856836448","3.25585110159465","-5.82399472262065","-1.53970674649686","5.22413592149763","-5.14223358324736","-2.49646419424789","1.19632288705389","-8.72631046462576","1.54310749188961","-0.25042253004631","-2.29057800485228","3.6349236309375","-5.03436172631985","3.06919342358321","2.54165123943762","0.865538895499926","-0.558542536352478","-7.63127399843391","4.48497500914338","0.260180260971595","0.683433521933731","-2.46340589889366","-1.98119369310696","6.0755514621675","-1.84238492539823","-9.70719795263403","0.856989001680852"
"Random_Index6_32_0231","-2.92181263544142","1.97597141491223","5.44770455584625","2.82992725355247","4.71611762240189","2.27707204178604","5.05245416593004","-12.9269450851327","-2.6910351382174","0.0311766284614332","-3.4600385214292","-0.837195547642048","-0.374973356075339","6.77583772211399","-1.10682230548246","3.13743574859292","6.12719056993723","-4.66234649277447","0.451520553357218","0.880752422572677","-4.34053104350379","6.64884875910828","-1.67188429448919","-0.0447798343205928","2.03516056634911","1.4534718147737","0.336809373778792","-3.5326791446498","-0.672203396746759","-0.685926683860862","-3.82604301841289","-2.88829823446252","-3.89026766120781","-3.26206481610878","3.25242658893407","1.90817290903095","-4.42748151176229","-3.15853853848076","6.80389399946218","0.239516812003655","3.03758234493056","1.77017210732511","-1.09899864109781","-3.31913856141996","-0.137943936236359","0.871001382085355","5.02337823191732","3.0410213579557","-1.67193180171883","-0.879893305735567","3.35006457150836","-1.05614546326013","-0.344236896177358","-4.40879976878418","-3.24104489570688","-7.02917017144842","-2.1817184678103","1.18016655416433","4.90026011560997","1.08367322463755","-3.00963233662352","5.63249316497016","-2.77508020135739","3.50818912234809","1.39339208762263","3.24883498706826","1.88577439698822","-5.59350070274552","-0.937423108724156","4.20615770899233","-0.0494285262540257","6.38058934452868","3.08481397469265","-1.54315490263519","-6.82777362752921","-4.35830395405426","-9.18294540127467","-4.13451213080544","-0.21428257566986","-5.28292032307467","2.24312145310047","0.587518501861851","-3.01119794895734","0.58867120811866","3.7238048974619","-6.57063744489377","-9.01608955534668","-0.485280250679181","3.30444113205716","-5.63620364311108","-1.37253382207391","5.22608385262204","-5.26735055823786","-2.50167237126507","1.33636874602975","-8.53857767994944","1.53730941025648","-0.0473383359751977","-2.30764765408981","3.60926865484013","-4.83424359396207","2.90298417026601","2.65102936765914","0.957818239768673","-0.557871956383786","-7.68621731567967","4.40067107558858","0.563096790024268","0.877044547572241","-2.57906091942599","-1.99712105380078","5.99891265521457","-2.03083928080798","-9.67719524550023","1.26563704255613"
"Random_Index6_32_0232","-3.38740699607143","2.32244543965084","5.59326603053562","3.25179101317949","4.83004876624949","2.24409907947882","5.38246926486714","-12.8810185093911","-2.74255120251649","-0.302191413574376","-3.80179578941241","-1.33537423952371","-0.659439794892453","6.85858995680149","-1.42745613083164","2.88600838764741","6.49838897267407","-4.67330610415449","0.292401419590705","0.659997032775321","-4.45702621212293","6.84208760680711","-2.08173181578982","-0.0905085489492448","2.39920574151392","1.02801838798445","0.130444167831189","-3.90659323770088","-0.64728371605951","-1.03171594480895","-3.85099629059967","-3.06598716461579","-4.09073537179316","-3.01419473106438","3.16536703023455","1.60238336003837","-4.01919905740008","-3.02286645907488","7.01122771153096","0.109349676463607","3.52777658490633","1.35374044556389","-1.40345301600211","-3.64961667382917","0.0881152586059767","1.02332712182863","5.18185865077347","3.46923624088427","-1.79625487418097","-0.434498722006102","3.44257415076771","-1.42973755375762","-0.852685196139511","-4.64897224328656","-3.66956627646805","-7.22848481401568","-2.12555100225732","1.15342200869066","5.29826031171173","1.07620229464506","-2.98909791447675","5.92010311174635","-2.71204530080047","3.80197727754708","1.01386574512477","3.56540777841293","1.59199626126685","-5.90038499678399","-0.997467768176595","4.34895879522597","-0.186081928691233","6.71049512185285","3.39818766512609","-1.04546916251962","-6.61873692494816","-4.61150999280698","-9.06091872210409","-3.98436149089883","-0.260251561558183","-5.17566040656317","2.64136039538299","0.284836902450787","-2.84785124358076","0.940668209386132","3.88647747471855","-6.66605898991052","-9.20858480234172","-0.805687459992463","3.61389681522768","-5.59986920903316","-0.98466396197388","5.26929827094561","-4.84739437729657","-2.25739591468285","1.25668380266842","-8.56201348484693","1.47211815353582","-0.344591595927876","-2.40441137787758","3.49009062447398","-4.97457048109914","3.04820426303032","3.03962409344421","0.787402740011749","-0.718806116586597","-7.71451190403121","4.90713701572053","0.34116775414368","0.828824771621525","-2.90437437872767","-1.46631479651841","6.46321126673697","-2.03867776111645","-9.58853497847727","1.03696443406609"
"Random_Index6_32_0233","-2.84864121533214","2.08246937846583","5.81747997965827","3.29568084816776","5.10281463841533","1.79573819220369","5.20797038194566","-12.918940007805","-2.99917981211849","-0.339902019538518","-3.78610891205235","-1.12480756659039","-0.640425810136807","6.92828479262574","-1.49491985115466","3.55037827212018","6.31117957010967","-4.83063107957837","0.161130719438655","1.13550678644463","-4.15614932070124","7.05995329902195","-2.11789421266104","0.352739940129888","2.46578694219596","1.24378552254909","0.505333811763301","-3.83611679148116","-0.0774441789066573","-1.14531244065257","-4.12053297421271","-3.13767141760216","-4.13312870062383","-2.99875678418672","2.93047189810323","1.5560914830722","-4.34826611163814","-3.33127378346225","7.08813911531685","-0.128671870397857","3.23456309609305","1.29976778519137","-1.27535998464343","-3.62109691458159","0.122283365884587","0.911857522673479","5.25484490404343","3.18176586008983","-2.28412326200713","-0.508295305932002","3.67855815496805","-1.22363180035744","-0.790503825259511","-4.44235853218131","-3.46251695846282","-7.17050782373248","-2.01939409940241","1.02052045309072","5.21545263268784","1.10343775454033","-3.28528879566257","5.84835871354139","-3.14961073757499","3.68555646624338","1.15191008609438","3.15576328321035","1.52289485117046","-5.863740572331","-0.942061516597985","4.47889768151706","-0.224982825760296","6.60972135368233","3.13829492129977","-1.14002700870304","-6.84569675674974","-4.27682643401054","-9.11739131686734","-4.14075170226446","-0.557791704257206","-5.19038855090705","2.42392060029076","-0.0233253045388049","-3.3192096693558","0.8754842718044","3.71320567586145","-6.93678103027036","-9.26439782116375","-0.781170544373012","3.5956535058245","-5.50441778810526","-1.22491755721114","5.65019841056847","-4.96263692312253","-2.1515528432775","1.7573716588753","-8.41898209333106","1.8388000648307","-0.527962092328737","-2.14619249951723","3.4293926869654","-5.18088547969823","2.81699869997761","2.9240554156427","0.6535140525915","-0.599453400231906","-7.44427152417745","4.6282332401591","0.167225700749756","0.692060528273916","-2.57198087764817","-1.57282682042261","6.21122596534035","-1.89492193680202","-9.64826077143146","0.620722169629157"
"Random_Index6_32_0234","-3.12290354840344","2.11414515271361","5.55523106937848","3.23433709460012","4.87128403108875","2.01336074907105","4.94341676513303","-13.034474929693","-2.9183844067951","-0.235660731117638","-3.71956281410928","-1.15284223203659","-0.555882281951365","6.79954712775708","-1.50065989391917","3.03927754874931","6.29023391551082","-4.58202385071424","0.225899367239602","0.849093796091526","-4.45835730980259","6.86401040484305","-2.06409512500271","0.124113311385627","2.44698921787499","1.2443758202829","0.362096651457903","-3.77563111742437","-0.537869422503359","-0.96999576314147","-3.89772134614689","-3.13017378761555","-4.11919069293499","-3.23606358971602","3.11173832421201","1.81331904922614","-4.3017590575052","-3.28597563980334","6.8505732423593","0.0403551146182944","3.38073501576408","1.36233596372159","-1.32760368836602","-3.60604045753047","0.123750504324631","1.05687593978182","5.00788184725013","3.36184422178404","-1.99154797821343","-0.47036547966978","3.5299463843617","-1.40536235278494","-0.825324565666385","-4.41585451136628","-3.65250709745013","-7.13583657344532","-2.13980011054609","1.10604454096535","5.01509435587235","1.13128880368276","-3.00323286185199","5.95145843099699","-2.97533240479692","3.71694525646947","1.02493689961624","3.31537602651289","1.58314107069217","-5.82037618180025","-1.07888043324338","4.36804204025955","-0.280342933854949","6.58738375228992","3.17083159058795","-1.03001789931593","-6.9230695908422","-4.67924436630218","-9.03334429821713","-4.00429624400125","-0.505544244072474","-5.21474268337642","2.38984253104551","0.269623956874156","-3.13881139495653","0.859220366257207","3.69114407396348","-6.71835836315363","-9.11575694842538","-0.89431770816932","3.577291854324","-5.63368726847776","-1.00371174554515","5.37633078818917","-5.27937578469126","-2.24573462768709","1.51257161199011","-8.44723220810759","1.6833963812821","-0.374407479516037","-2.23864605960699","3.41028166499971","-5.13252765650447","2.91275206532745","2.86516774132328","0.718272300991778","-0.742823010697981","-7.58459809473947","4.68964344854742","0.221314318539864","0.734552816669266","-2.6230810595325","-1.7103623568187","6.32643571067604","-1.94486493222494","-9.60820878633454","0.792862634540276"
"Random_Index6_32_0235","-3.14324266213561","2.25786824939472","5.69380257995048","3.19009449692125","4.85007381465932","1.91927143966582","5.26727311143648","-12.9461276141294","-2.63380569128217","-0.290166937536234","-3.75799602032244","-1.32446224372303","-0.621951542234423","6.81646581733284","-1.4042180447615","2.82457268564752","6.35077877568254","-4.68990334882045","0.113515391358784","0.632870824394089","-4.00029776829927","6.82896739733263","-2.20276470108707","0.0454202205976808","2.52848311036045","1.02694339923776","0.285786779412052","-3.96219302988513","-0.532020390694557","-1.21123269125469","-3.74200205789104","-3.20132646541907","-4.22877865295752","-2.84617311100349","3.09322303920512","1.53972819328735","-3.96371232362322","-2.97183725249076","6.94466444937463","-0.0630498024779332","3.31896073571569","1.10497211634268","-1.44721248341137","-3.58402487302408","0.0707433451182708","0.971194212123151","5.17674979127532","3.44638530153146","-2.04522373525994","-0.50647830081471","3.58211772638865","-1.40314108943729","-0.802169847962506","-4.59764228760201","-3.66543025916752","-6.9876682024777","-2.12343023266489","1.10442100809069","5.20105771183253","1.36298981285528","-3.10378111491659","6.05730528635296","-2.91594916655057","3.72508249045292","0.943833441604099","3.3576065496797","1.43817014911889","-5.80523024557376","-1.3783966766417","4.38268645634162","-0.22153686859653","6.57241871939682","3.21410695410048","-1.38175614430268","-6.70049458501144","-4.26166062114688","-9.22765704478659","-3.85608335941838","-0.339225396969617","-5.05723165260494","2.56370170229816","0.178700772488867","-3.05065864366036","0.691685604856987","3.75103634565036","-6.6511482730988","-9.16402404637279","-1.07560956486988","3.7258972393897","-5.38505301832198","-1.109758063717","5.26056677715991","-4.68831709322268","-2.38697821164803","1.34857856898836","-8.46118433501912","1.66768174226022","-0.34888015218401","-2.28901157632545","3.32288135394526","-5.23345782799122","2.91011973878178","2.95919738283777","0.551842880204706","-0.806492962507015","-7.35331843980335","4.7482667833528","0.176092402673554","1.01591838563559","-3.00203010392015","-1.39414711888706","6.35759791735738","-1.83088877996687","-9.89571086405914","0.820491954733308"
"Random_Index6_32_0236","-3.00698331516746","2.10424168360666","5.69939113014577","3.14120705901208","4.88595826202468","2.07622517923491","5.32983499411788","-12.9120999718342","-2.76691953628254","-0.439699968447543","-3.73464817274046","-1.33305585366592","-0.622656300397777","6.82210091737677","-1.57328565059191","2.84122070225174","6.40320752668897","-4.6328573500533","0.102164732428886","0.876019600136504","-4.3993557232738","6.78066577604361","-2.10083427473796","-0.11277504181583","2.49994081315674","1.13281484861224","0.31204476324374","-3.81447116610169","-0.506021108622601","-1.01041442132287","-3.72945868576153","-3.12740380455319","-3.98634069777216","-3.07806887769299","3.0616386723152","1.67826640370035","-4.3254394162635","-2.8377612476149","7.02704155169036","0.0640990371218977","3.23375423623633","1.32784378555256","-1.0598176897714","-3.45234978801428","-0.0369405354351546","1.14936232701154","5.11861321723596","3.40300047352009","-1.95543569623083","-0.472364164805645","3.40039247874566","-1.36697011400122","-0.730528623150066","-4.51712459876597","-3.35135999491911","-7.27792938252894","-2.13800719996337","1.0681606985897","5.05242845071386","1.18903657723049","-3.19437251187445","5.94143200373167","-2.89438928491102","3.55695236291178","1.08126459195745","3.418005303855","1.57969180726821","-5.74185972475742","-1.19026308240722","4.44829795161888","0.0610851312279872","6.64167516515041","3.1067727114548","-0.947966657070076","-6.77358137160359","-4.51580432724739","-9.25622084519115","-3.91285231757497","-0.265142598934243","-5.21801711540141","2.33487284814652","0.0798581508398914","-3.08750036826657","0.934709522182637","3.55669456178836","-6.83846726749131","-9.24182059561113","-0.681294739521569","3.48789671594066","-5.5207071029595","-1.09473982963628","5.55161265736961","-5.11736544221452","-2.32478252388061","1.32032192052019","-8.71332562114893","1.67535482158041","-0.417040490272082","-2.26092019903374","3.4252571882845","-5.2713840413607","2.79062663720403","2.74028754713129","0.673836240719363","-0.526272196011004","-7.66257379296724","4.85379693480759","0.188283916275047","0.983748775849388","-2.65656339039527","-1.72472285856678","6.22905684837754","-1.87485849528034","-9.80327091535151","0.740759735759471"
"Random_Index6_32_0237","-3.26611801696549","2.15891644539954","5.44093906096128","3.11849247442902","4.93312298796938","2.02962972092716","5.3517596545843","-12.8531522675204","-3.00310596197413","-0.472891957902222","-3.85504498320691","-1.4160944016672","-0.59251503684932","6.94446911060927","-1.68319210019175","3.01922850902367","6.26212421588234","-4.90081535156127","0.0637634892254974","0.821674830865354","-4.35702231889979","6.82308488567886","-2.16747133578865","0.24075172996684","2.45535322193365","1.19907044369819","0.371985256832645","-3.98268041026735","-0.43534275387572","-1.15769840984041","-3.86148124731432","-3.10411134157999","-4.09468815409971","-3.02864849506487","3.16982368903683","1.68174162177349","-4.07835026585367","-2.98780569849282","7.00849287533198","-0.208545064200225","3.35333508721544","1.33144729741517","-1.4892933208983","-3.75324274102678","0.237331555159885","1.3230848575168","5.02456193788386","3.38561642484633","-2.15691023028229","-0.497696545371304","3.54061294774882","-1.48597554504796","-0.832276861022777","-4.68999250440545","-3.40645316899402","-7.36002034531329","-1.84722208819197","1.1484225256737","5.09539439168709","1.32251088857777","-3.21815190068745","5.97335744795616","-2.91956937360303","3.68864316112837","0.87458901203373","3.47591171209888","1.65995256033684","-5.84620597796641","-1.23466433110809","4.46869374416671","0.0491202704000215","6.55467911928858","3.27035990573176","-0.934024626718357","-6.82535567828315","-4.67706176781458","-8.86045623151494","-4.00156507351423","-0.604441581434479","-5.26874698594926","2.48283806903397","0.128495735871576","-3.06048995457565","0.8514299423987","3.73017764483776","-6.89278796098985","-9.33129974658787","-0.956251305082259","3.53612407773321","-5.5149329441611","-1.08769622073395","5.41606229955482","-4.8274076651078","-2.11220612771506","1.37410061741532","-8.32477842253533","1.59835021700758","-0.521638110339536","-2.2432010492959","3.42698799563196","-5.18882914208527","2.8721416188126","2.79524879144184","0.634959947036315","-0.946082822589279","-7.88688024567029","4.83701669595792","0.150439708230186","0.794334147265649","-3.07137595880951","-1.55795841433376","6.35789753496099","-2.15375329283916","-9.79135999224231","0.784986821121211"
"Random_Index6_32_0238","-3.15532312104859","2.09926508122191","5.19518816884881","3.04313015742488","4.56365585466744","2.22755074146121","5.0762856345327","-12.874922192138","-2.76285956650147","-0.250935819661819","-3.64274510028219","-1.16470417229028","-0.478147757438599","6.95710689403424","-1.35392384663878","3.0928588926593","6.51451462008035","-4.52514666341849","0.298516834250432","0.66631719872088","-4.60040256755563","6.80193324327846","-2.00090103796201","-0.0378641138795643","1.94182842169337","1.08147471699989","0.339400687558118","-3.64063071402337","-0.786398181629159","-0.895834281825836","-3.83537978347682","-2.95495119037274","-3.9924013163707","-3.16682607795529","3.1430344761212","1.5497570337481","-4.41720219508178","-3.21526260477069","7.03636214899096","0.287750208128034","3.2425317404571","1.46199958719445","-0.840963735713069","-3.55722707627178","-0.205810663152371","1.0537018467894","4.9653973037505","3.29810265906674","-1.81311669414686","-0.79888646404098","3.20166360833001","-1.26149728450036","-0.706881265059931","-4.54687823845773","-3.66669803915104","-7.2808346477192","-2.38663175007979","1.13371390976041","5.04864992653443","1.08093138992974","-3.19822666902547","5.64023914066527","-2.82380681466537","3.46477436115185","1.20923899569898","3.51036625533728","1.68848859947275","-5.68313078964884","-1.14977300506957","4.19947941031939","-0.125110652918025","6.78663493840174","3.13379247762936","-1.00005029104558","-6.85051318119764","-4.48252928070411","-9.19905787522169","-4.15525726610139","-0.460750475885431","-5.40541333257649","2.42758334190311","0.133093407138297","-2.99919315189882","0.710421549406335","3.76121563963712","-6.82395187787017","-9.20201382869374","-0.759182220076267","3.22587862686092","-5.61914578054611","-1.34804082364631","5.39465596062329","-5.21092887227439","-2.55282423526827","1.2371360703517","-8.41935260450449","1.4328577712954","-0.283965752417545","-2.25433508917625","3.48105312228237","-4.88678884233964","2.93438278101439","2.77791958059939","0.901707572539789","-0.459324948209049","-7.58513063570387","4.65703940394129","0.309565520434342","0.668844160600217","-2.72465476092328","-1.97601124304914","6.23594193478332","-2.17605534860283","-9.48097284268369","0.868270005508824"
"Random_Index6_32_0239","-3.1460440244635","2.12949286438295","5.47397813959929","3.17823255988049","4.72246021218386","2.18149465036852","5.33278507107082","-12.7610295946544","-2.77878508694689","-0.109211755222759","-3.73441887926507","-1.17536065736567","-0.568916248461964","7.02358193037482","-1.45673647530279","3.09170853652688","6.28089210110548","-4.55623554426298","0.309343729082776","0.810340729557054","-4.43300511572057","6.96634116092386","-2.09412951011706","0.0997345331024964","2.32241636943983","1.15404942873358","0.353847507121609","-3.79963706288533","-0.610579775185067","-0.995504936393923","-3.81003388405254","-3.07858270481328","-4.14016896564694","-2.85721379105275","2.85683776431187","1.66997882044785","-4.08155631048308","-3.29380832906829","6.98952329461417","0.231528883990883","3.3835244446584","1.35064452643433","-1.31400763686598","-3.71937033778897","-0.0115045022667659","1.07261272643337","5.09119724639604","3.40947116010192","-1.85966671937953","-0.524055967077314","3.63075639138986","-1.26711399120421","-0.810962285531495","-4.51679557365299","-3.55791888344161","-7.2572827403963","-2.14007317472077","0.908053887632875","5.31941010557434","1.28732651152893","-3.0310813074443","5.84611743266392","-2.68697601330961","3.68417896749408","1.14207432704373","3.35548531333637","1.88205113114845","-5.75158295519392","-1.29898711180045","4.4310986512185","-0.118656270647296","6.69594895533955","3.19038007478156","-0.906363100477978","-6.92221152746074","-4.34663279645634","-8.85047508316906","-3.87342940746002","-0.326913136639877","-5.08095076425794","2.56504249845491","0.128815431800578","-2.7888765508841","0.860178942450755","3.97739208785279","-6.75233473139753","-8.92227354114523","-0.683030342342203","3.52372756806455","-5.52289687267946","-1.05450175631558","5.21011440187816","-4.81962839351625","-2.28686383053296","1.24913243252832","-8.52437828863703","1.54355768477536","-0.284119110493972","-2.28568414825366","3.16091571770684","-5.01481326790007","2.88925219576736","2.98244596388889","0.940072405796631","-0.625705288583757","-7.50941482357034","4.87727576907083","0.354461452946703","0.909785289165924","-2.78446192291353","-1.51437194372517","6.4615074500405","-1.97493799145295","-9.58917347808113","1.05542494096616"
"Random_Index6_32_0240","-3.29613751636761","2.33725338642035","5.71217988789479","3.16683947896559","4.92354972680136","1.98513049034387","5.16948017554197","-13.0525057942716","-2.84670138734993","-0.475557390374197","-3.90555261160413","-1.2851837356116","-0.649478802141683","7.12950441111126","-1.54024656315556","2.91032680106271","6.54311375418348","-4.83679601348031","0.210981060547986","0.767001117120763","-4.29933741960317","6.8774572348827","-2.10390889627576","0.14033218690367","2.47962575121428","1.03327734149285","0.509159161795818","-4.0151692792463","-0.4301157937774","-1.01267484650225","-3.91593803673711","-3.22840075422179","-3.93459986691171","-2.88113677899582","3.25937043971877","1.40773369992287","-4.14243190522641","-3.00760556988634","7.00324150851134","-0.196970440329654","3.39836134576654","1.25440797122199","-1.39732521099801","-3.81055096456145","0.212552054965061","1.13914507152778","5.29623755902242","3.56442823750609","-2.01990990873924","-0.522713088287124","3.61388562631715","-1.55847928822482","-0.69095395249957","-4.65619619086913","-3.4421440011821","-7.12135972416121","-2.06741859505471","1.28243613734959","5.24791635779215","1.27162967078198","-3.316331127532","6.09246070189646","-2.93237573367347","3.86832231097187","0.818987373628447","3.56510820021287","1.44708076050557","-5.94638765396245","-1.06247518334424","4.47115135610037","-0.173972611647988","6.8447998020961","3.51455924654467","-1.35571141432795","-6.69862218150152","-4.82215305266635","-9.13486485334908","-3.91213309074429","-0.556828536080149","-5.14676870202642","2.56073014027782","0.149584251173382","-3.07931747162285","0.849405205804389","3.84604147506756","-6.92968823840125","-9.28410779705696","-0.912622660837857","3.80756725682736","-5.71019860585319","-1.05408088888779","5.41912301701158","-4.80060016154703","-2.2512348165882","1.39562341756868","-8.44898065233882","1.78830894631705","-0.502814605864174","-2.00583837439288","3.53526055543475","-5.2274589909771","3.07205304395134","2.91553549796976","0.456583225351687","-0.892431716711863","-7.67447257263611","4.92980055075731","0.212329829609493","0.876809028844684","-2.73339535875863","-1.52249554226388","6.57723352440213","-2.02151050892565","-9.96359828434194","0.761806410480868"
"Random_Index6_32_0241","-3.18910013787296","2.20092194869884","5.60119174943627","3.23033109824437","4.86078964697424","2.1946300986143","5.31426961304238","-13.0387192391681","-2.80589267637199","-0.236533398171192","-3.76683139359216","-1.2720523996643","-0.567533907814926","6.96911836194328","-1.40316617928761","3.10568967234666","6.35027745662208","-4.69668854893958","0.25123454284818","0.721673210508202","-4.52858710235035","6.81728782854787","-2.03286585527627","0.0771145947881133","2.39688345093361","1.08241793642117","0.202938835462241","-3.80120729035935","-0.698987368789992","-0.964929489030368","-3.88997828295964","-3.15097898626351","-4.17812560719697","-3.02093354378861","3.18110593837171","1.68285760473595","-4.12719627194535","-3.20730973706362","6.94363727141598","0.0884227794493445","3.36488865063524","1.43630794568663","-1.34085225973465","-3.64835422968233","0.125224841996821","0.969671644329431","5.16740965954121","3.38846486487972","-1.84344131131967","-0.544220457630643","3.45481526729687","-1.51170586336067","-0.824817282693652","-4.56111519845335","-3.57528678373152","-6.99798429858275","-2.0487681013123","1.17558091953523","5.19565829730326","1.21212520959545","-3.1224159267492","5.9304240979003","-2.78913978807237","3.63633466550729","1.00515758532901","3.36227864475307","1.53851058273337","-5.87688649026034","-0.966238737349999","4.38259082852796","-0.157226623157833","6.69148269141675","3.24397581260157","-1.04551981333049","-6.76370038941885","-4.56314185821234","-9.01535754194287","-4.06919277913781","-0.458578057713617","-5.31511196119198","2.54851073994583","0.385544347410321","-2.90640171500202","0.897093319424205","3.82547248327949","-6.74914087612845","-9.46461424797198","-0.843368805702456","3.65779127582753","-5.70477749175851","-0.999527967281894","5.19311493987796","-4.98951949462188","-2.27429318189988","1.3773814536585","-8.48748736475294","1.52875984900818","-0.297433115854185","-2.42706928210154","3.54213369151141","-5.0057279890318","2.92201835480142","2.97964497609208","0.795551730748053","-0.782701939445302","-7.82042288333324","4.83843433240941","0.348628716713347","0.908368228609077","-2.65845759500725","-1.70165940010601","6.44072470059595","-1.95116342443515","-9.77514350325035","1.04547849986241"
"Random_Index6_32_0242","-3.21314044910339","2.26299277906753","5.8113107532092","3.270803763706","4.96549286959034","2.05386573383172","5.17780729969405","-12.9206038804244","-2.95843772931978","-0.493345466502628","-4.03298423977063","-1.34584865809616","-0.849994104300954","6.93640102121441","-1.65089874474441","3.15347488664825","6.31098679527044","-4.76739447700623","0.145582262756635","0.873014456013427","-4.30664788136911","7.01128786379046","-2.26121208821523","0.244031753552961","2.58163999923428","1.09651895387657","0.430162811762636","-4.0180145812237","-0.552509010288553","-1.30518537354879","-4.13875127593076","-3.45071297750883","-4.18202845407024","-3.03036374776423","3.0194570422955","1.82304287559475","-4.3854794749452","-3.18935157931991","6.95395735854073","-0.0997092482472415","3.5401826478857","1.12763519893715","-1.46662702452987","-3.74727185951166","0.361912429674078","0.912562069544083","5.37428565046414","3.39829757514609","-1.70084683215223","-0.467514720256974","3.5635442576256","-1.55549996468644","-0.949411549423788","-4.4237183439035","-3.69668028797316","-7.2286031752228","-2.14478101078752","1.10374377695526","5.31451276585247","1.13844088025585","-3.2158673704417","5.98851420411414","-2.86597660972389","3.86634728583684","0.955058719116289","3.34017571433954","1.54424668866905","-5.89984681977368","-1.14065112402423","4.53442951705653","-0.23743851071269","6.72385038369484","3.40584369729256","-0.955054236263715","-6.71392088598324","-4.71034097592441","-8.93198476684884","-4.08061940633225","-0.639410552206924","-5.00224069237573","2.56892172598898","0.00964803244379458","-3.04718983006133","1.08092352678832","3.8646811857387","-6.57319948935515","-9.45055547922038","-1.07800288047479","3.54582853245355","-5.44654000813134","-1.04236335868777","5.32053427656978","-4.98871028966151","-2.00659838474465","1.61647963651586","-8.38113372813555","1.66130516148196","-0.673539164929969","-2.16541611171737","3.42186602892795","-5.15724063434931","2.90803604350759","2.98998026585554","0.648252278637347","-0.755320285124519","-7.42713689816084","4.77707470000052","0.213831446425736","0.908601890420543","-2.8647860156009","-1.60232198859","6.43371353174012","-1.90630356398989","-9.58426833182731","0.674706406812308"
"Random_Index6_32_0243","-3.20197914771758","2.10459139149484","5.43207413126539","3.17217977417501","4.69287567824558","2.03786925362017","5.32662427337204","-12.8446067067458","-2.86451607927707","-0.30635837070452","-3.75171231330097","-1.1144208275556","-0.668442238615877","7.06891207871501","-1.50144576536127","3.23607799334435","6.65074336030107","-4.49368106201819","0.249865620360389","1.04647149851648","-4.49957039831616","6.90613518988102","-1.9735995345532","0.160898229873912","2.21031445610105","1.24294763923226","0.670449240990526","-3.76405827823078","-0.562736474631171","-0.808130623372791","-3.89170659427542","-2.98861312986571","-3.9380578555156","-2.95287476613309","3.17477682856106","1.69411787407749","-4.27236176884462","-3.24677392831145","7.20196778406187","0.0692815937522316","3.31285417240898","1.45906567885509","-1.02536245547709","-3.770658798956","0.0268355521777396","1.11011660388137","5.02446770475175","3.4239998357616","-1.7437579184255","-0.641970989112123","3.46267776149355","-1.40699434641606","-0.650526911464431","-4.39511962107096","-3.52130956781287","-7.28718905938868","-2.01910833014745","1.16198851937052","5.03005635091242","1.18804676295916","-3.17325438781204","5.73694138284823","-2.75863268410337","3.56866342891522","1.04576152244624","3.63116253726118","1.65721461689193","-5.73954486152177","-0.9947861841986","4.48795102800373","-0.117039987382103","6.82781210374468","3.10367967314947","-1.01412227246927","-6.95942854587306","-4.70869734966351","-8.94322598239929","-4.00727579518267","-0.359059860108275","-5.4311165140856","2.3529928269861","0.178177556019175","-3.17708760094282","0.908945339217426","3.76517556933282","-6.80146487849755","-9.1565798382498","-0.705402805654938","3.40096725256491","-5.58481083753769","-1.40604555865295","5.52083168936495","-5.09899344542745","-2.25610408226533","1.55979888814057","-8.45134589212409","1.69600151794434","-0.539153810154946","-2.23752119283333","3.52747554840946","-5.24251137450785","3.04713814086224","2.74651698098148","0.735310070983513","-0.585055159941702","-7.68543074874495","4.67769082101028","0.22774898028839","0.569176245471516","-2.5582270001394","-1.68733962864183","6.22204017079148","-1.97850445433978","-9.51647053716893","0.736789586828397"
"Random_Index6_32_0244","-3.06819363649153","2.1779532760989","5.5189726167056","3.08212283945555","4.71808175536557","2.26061798499397","5.19768503970105","-13.1503953753279","-2.54247472614649","-0.289113111118352","-3.56740263641524","-0.892276414514811","-0.495128450904214","6.63144908131197","-1.33020865766059","2.71502963550788","6.21640031799154","-4.60153323047097","0.477495833011215","0.548544666576654","-4.3557142120573","6.62029902653326","-1.94601383841971","-0.20661420899199","2.28703255677868","1.34265148059685","0.121265895815181","-3.63558644840177","-0.586269899551095","-0.991698835683849","-3.7208323377541","-2.98369372804454","-3.96246378288086","-3.0093311054889","3.09240169440555","1.78082116425754","-3.88746365615591","-2.93025129498737","7.00735331958555","0.151673959647221","3.23916620576316","1.37650383512104","-1.32873121892024","-3.20572060887489","0.0071039720294427","1.08198910570703","4.83515316844329","3.407074488243","-1.79157369517081","-0.66211855748076","3.31188356140795","-1.34202090901132","-0.673845676600569","-4.62121225301288","-3.61152209139805","-7.05051615063116","-2.45935079142405","1.13123886796397","5.03961579349362","1.14481936773859","-3.01103585100299","5.89043031002742","-2.66457114141875","3.60394787118257","1.03011723473226","3.37125237759486","1.44531278722846","-5.60467610398153","-0.944036829939467","4.20127797897254","-0.262267795820373","6.51042603710345","3.19281133516966","-1.09806852109246","-6.63783342591902","-4.22049348540034","-9.14325060193904","-3.96802083466363","-0.439545761597987","-4.93875381325425","2.38406372693022","0.286639151041874","-2.94886823306653","0.438858372798929","3.47098666310373","-6.38039488110067","-9.2111404923269","-0.758796907121276","3.51901893441667","-5.59267993003225","-1.19019729135763","5.1722667457509","-4.87463911966856","-2.64915049253722","0.973315271118686","-8.47087622623424","1.52939968769231","-0.292243987426598","-2.37814675279005","3.32111800706888","-4.9665502471908","2.84861406591006","2.79131298280502","0.803590612453105","-0.619025078862196","-7.59225619729404","4.6268383068564","0.381710618898732","0.904449284096234","-2.78515061926122","-1.73493105346326","6.29239515309327","-1.79496309359236","-9.80904401246225","0.862591628709379"
"Random_Index6_32_0245","-3.40302291390245","2.47962924535163","5.88559881774719","3.57798196473138","4.99088901924577","2.02002035523532","5.16606806799473","-12.9878636397155","-2.88332076906024","-0.468752827211672","-4.03517293230595","-1.45800864577611","-0.843118927458723","6.93256836082748","-1.5656961415863","2.87611063653912","6.67180955425203","-4.59873353716425","-0.0679756115953248","0.783014637091999","-4.34747865961029","7.16317871137313","-2.30653538368944","0.00593488129206392","2.58559186220583","0.866537945948217","0.0681473359075367","-3.9426194043754","-0.662076963205386","-1.30057292055072","-3.90657330316885","-3.40726091235113","-4.6870936046382","-2.97889042908855","3.28221725613416","1.38322991943419","-4.14051820123898","-3.03987570244968","7.3795756918619","-0.0603576401251144","3.5560007952123","1.14978077395517","-1.58245704726361","-3.59029335992918","0.372136827982591","1.15621978701055","5.30504172494292","3.74537587197423","-1.90987204345771","-0.243135817065107","3.48505985774486","-1.65978853051898","-1.23211984394092","-4.66135210823259","-3.92365810693878","-7.2981129005417","-2.13885009657535","1.24085291817728","5.57230126049576","1.20849888928623","-3.11083872877188","6.12951424216662","-2.81051301146212","3.91135183565689","0.818147429208182","3.58469680026682","1.20900044396416","-6.16743419761347","-1.31706250660567","4.5787315910675","-0.419322827133796","7.04837649231342","3.47687022249695","-0.946086296162681","-6.67853466012378","-4.7699071523552","-8.80809831689006","-3.900009620495","-0.435906677180485","-5.07253716943837","2.8494857267821","-0.00316217089828911","-2.920975958124","1.11723659608296","3.95382748476551","-6.72081093032004","-9.48063505803144","-1.07567741888926","3.95421570164712","-5.28504173251073","-0.836781787864516","5.2860131969669","-4.73076626427656","-2.20469072397066","1.32172652384207","-8.58696225941881","1.37580734144563","-0.430931020076931","-2.58312510769023","3.50981171116044","-4.93646081311966","3.19405527103277","3.33228354237394","0.775143648617121","-0.783947684064644","-7.4420889024291","5.08927708540439","0.192533098204265","0.909620165200393","-3.35924699915134","-1.27801501098007","6.57434210280547","-1.94910826291944","-9.53851463607563","0.860754093329781"
"Random_Index6_32_0246","-3.2955847755099","2.27516697917078","5.51779382313492","3.20485244542241","4.92828889704165","1.7506327634036","5.07438987150461","-12.6228448846797","-3.05448874550577","-0.573013486055972","-3.89744214054437","-1.40198070337419","-0.672996761523129","7.05469453184901","-1.61694516721569","3.12413544422136","6.32345726145009","-4.86943533986703","-0.0629406178083348","0.957999973408978","-4.17568345069073","7.11698719482278","-2.23673083755034","0.219038498204839","2.44829584856137","0.835853069994369","0.321255412451545","-3.97900020838295","-0.489565300618351","-1.20078520791887","-3.97663969272887","-3.21122267352711","-4.0966924186639","-2.98267780523593","2.98408086902785","1.59740944300613","-4.19952959377609","-3.07000174166055","7.07841689788467","-0.347219254745612","3.31270319579163","1.15671881749286","-1.3582217319151","-3.76116066266594","0.204682971499381","1.02401411914053","5.17480312902139","3.27104587291732","-2.28758019338418","-0.446481962482331","3.72863156376165","-1.38136902718567","-0.858287443284329","-4.70139151417201","-3.55523097944946","-7.21535677441431","-1.96739233716943","1.03782612725276","5.26329070044861","0.983516775368484","-3.32566395600154","5.90816693282699","-2.88170136003568","3.99300268387682","0.991678601964523","3.38878153880369","1.49364984473177","-5.79424152679751","-1.24959553160068","4.35232530562735","-0.125042647631447","6.64597591383219","3.37041515412019","-1.18338747500677","-6.72672501965495","-4.78011474195265","-8.87667703771991","-3.86333283671334","-0.915454268450197","-5.04395788759078","2.60041393655526","0.00888283178631995","-3.06568006081653","0.930761743131145","4.00753640523015","-6.88348255384308","-9.28578264224297","-1.02219193028131","3.74071397407893","-5.59642839703672","-0.876712894321598","5.30770283570771","-4.84658107051588","-2.15977828193397","1.55648962147711","-8.51508214958207","1.6928115350567","-0.656301139223355","-2.0703623987519","3.3404755370367","-5.01543633681778","2.82240880081867","3.12352524922841","0.531645417093242","-1.14795836200867","-7.48085822796725","4.8517754218256","0.0675793652395114","0.69938844399675","-2.84250727774135","-1.46609237379463","6.50399366325609","-2.33391362311479","-9.55767837980727","0.810464886884582"
"Random_Index6_32_0247","-3.28116091127956","2.17548174095602","5.53914031624605","3.25584163979246","4.77983458971715","2.06436308801448","5.13754196611703","-12.8277983776637","-2.80495852549537","-0.452385483411509","-3.77863375588974","-1.34740148310344","-0.724653490925318","6.91051049497819","-1.46970216645392","3.03935107154839","6.37840009548886","-4.55793736384351","0.106346966093356","0.821722772758645","-4.3079171830501","7.005453484309","-2.0911094259078","0.297642365427477","2.29217203613579","0.940498786977239","0.398887344873931","-3.82876051327999","-0.606219121362459","-1.19390594374932","-3.81394454956121","-3.27818005841296","-4.27811870447992","-3.04661278252385","3.09195882273425","1.54428982120359","-4.23951832756678","-3.0375226456172","7.14739122719852","0.0629925505968772","3.40411661133893","1.21112002852866","-1.26783101535846","-3.54111352939588","0.230417086212187","1.09913821998077","5.03931761904269","3.44628610778058","-1.8651647212087","-0.47394212494723","3.41130637451836","-1.43309087177075","-0.931887988948582","-4.50039657849375","-3.71262992011947","-7.18746861601666","-2.06845391687511","1.20342132813777","5.19467193725437","1.06456896349528","-3.15903163563408","5.76301035164062","-2.79584868572061","3.70072813860507","0.972571577666416","3.40787440223965","1.54450790456274","-5.82586933271213","-1.23789033286007","4.50065641796339","-0.327760434957078","6.71415846737054","3.09856607828628","-0.850854441858796","-6.8009122073636","-4.4708774077022","-9.2241030292218","-4.07523428985986","-0.38402458202646","-5.29290130567112","2.58757056032155","0.122069425006162","-2.94059020081322","0.879513106699684","3.77741898528839","-6.67201671900036","-9.15571201299388","-0.885255674767772","3.64873943051211","-5.31625059002493","-1.04463030769937","5.27899595152403","-4.79628538855199","-2.31321748408365","1.40922151090173","-8.47224816092783","1.72177080950088","-0.530203200301469","-2.16417023811883","3.44429308722647","-5.05183837695428","2.95679386454736","2.97033732741697","0.723664198319679","-0.758614256615457","-7.49392137984473","4.84672949633379","0.243687278850848","0.84236138498452","-2.89381533129794","-1.48501871417917","6.22984622336207","-2.0064843940408","-9.51606921844805","0.84740834063691"
"Random_Index6_32_0248","-3.22535647223341","2.07470241489034","5.70970021050029","3.08192289690967","4.83133109197349","2.10728432894718","5.0747453681952","-12.854167023637","-2.87941239921958","-0.23512913805451","-3.70468900085411","-1.20641410794984","-0.469692102272693","6.87024440139071","-1.36540527532025","3.18319329136115","6.12845063024469","-4.86129603884598","0.203749789692746","0.91107121201437","-4.31652503053113","6.78234628459823","-1.957903610914","0.11817465799803","2.36291753189032","1.03962671903103","0.402341161641822","-3.61424329389929","-0.563473513612366","-1.06038057216362","-3.86834321185416","-3.16061376753698","-4.00610662005482","-3.13081943827408","3.09345430587204","1.88785082358614","-4.26777574733535","-3.13146336074231","6.98167001524008","0.125650868237415","3.23728934306688","1.41049114436348","-1.3972908215131","-3.57512178294331","0.0406683956776546","0.984301659916475","5.01690117514144","3.16066941638786","-1.8155383214858","-0.62970304343298","3.584664923268","-1.26906924699756","-0.802887565487661","-4.29118427264567","-3.54069318153857","-7.07788367599144","-2.02821817231783","1.17003455495131","4.89216937408736","0.991240019510386","-3.21319051871647","5.80688880661932","-2.95596915488261","3.66655194587281","1.25392749767709","3.26555402763427","1.56203757127485","-5.80079734622505","-1.10931883860787","4.49409952912824","-0.108196441048598","6.49670895891129","3.20312269600767","-1.12120134203582","-6.89043937232373","-4.43935118743808","-8.81735747832851","-3.98076708104895","-0.557325581809984","-5.12781652007806","2.31024866790115","0.367913624390459","-2.84885011994098","0.784788181457053","3.70878793268324","-6.83257392404618","-9.18313375644793","-0.716675102398016","3.43230952464641","-5.62035710743255","-1.15034298168417","5.43912076666319","-5.05912216869118","-2.21143321905956","1.48630876987688","-8.40815820607181","1.81431173955724","-0.492070323997786","-2.23597092285893","3.48923511989585","-5.05054362760384","2.80349858894926","2.78844261659414","0.856807514063527","-0.77191823677856","-7.66700870524651","4.60913197636013","0.258353511046433","0.770658528656551","-2.64319015455754","-1.74679185987188","6.11272823510319","-2.16050678333407","-9.61513032077326","0.856495325616175"
"Random_Index6_32_0249","-3.20289494062601","2.24116144866329","5.56375119784366","3.13557112093901","4.86791393591984","2.08479826518023","4.99106341546826","-13.0344980488946","-2.88500409844346","-0.202780451231474","-3.7796598295267","-1.19305190627056","-0.619955993704968","6.9418560395511","-1.39094030206279","3.01972823051685","6.47821110127578","-4.61678842812651","0.355168960757429","0.882502328012911","-4.48325618984145","6.88538528092972","-2.06638950945719","0.181665757897599","2.34707048524291","1.20822516050645","0.316370863985531","-3.77254870745567","-0.484417737198867","-1.00610171934726","-3.94723187601702","-3.16681412307689","-4.14611716437809","-3.08545722002976","3.319648861199","1.506158782754","-4.34880072081802","-3.43452831514705","7.08930663887269","-0.0434713691959773","3.31960131438336","1.3922575468108","-1.14878936734447","-3.76248173498982","-0.0501620007307478","1.041949717478","5.11614361039281","3.2776378190267","-1.77839142088023","-0.567750880046268","3.43960959070281","-1.3780580124964","-0.845061172186133","-4.37127380533666","-3.51337196713387","-7.26282713764643","-2.13893128246961","1.27958096819946","5.10737609842332","1.11916282507082","-3.29353474539628","5.83193364673482","-2.87685094801385","3.64876815776065","1.00627019707956","3.54474989588926","1.47110152684808","-6.19908562170203","-1.26584014483437","4.4627678210363","-0.0718161164799572","6.76318030181081","3.30813763660985","-1.25296186240527","-6.73399441538474","-4.69894860530432","-9.17147626053954","-4.30680862901641","-0.567777411021877","-5.28923485809151","2.4943811819209","0.144863675521276","-3.03730825782351","0.772379507305003","3.77426526896474","-6.71258270507944","-9.1598703515208","-0.899949951842651","3.60485060692511","-5.62661421066288","-1.22779792540457","5.40772396380434","-4.99175549262881","-2.35679957609448","1.3107003438406","-8.63134508747854","1.57036573636761","-0.432707604427076","-2.2037357560168","3.56294765055391","-5.08832423898919","3.25365417263717","2.80156289974143","0.69133224224762","-0.6485837365411","-7.58555502550065","4.74812823643179","0.302553168429206","0.749716361773912","-3.02057326166048","-1.65033090353411","6.34767919013414","-2.07714236636278","-9.70340260328757","0.823597978685192"
"Random_Index6_32_0250","-3.13214975035837","2.18966925660608","5.56945909499699","3.05360256111893","4.89454367021963","1.85537982289352","4.96772807857491","-12.722144798884","-2.78909631873493","-0.369271176288865","-3.81344956072263","-1.15233710401976","-0.75578970938819","6.81362894653793","-1.47397659940758","2.94393243565658","6.10964533351889","-4.59649417270712","0.148408014499014","0.873220863368591","-4.02531690909412","6.80421832892833","-2.17881345088473","0.264156334030325","2.43955415930052","1.10207730724023","0.432569367007683","-3.87113717153948","-0.367718804704281","-1.12808936671498","-3.92071296695675","-3.15890142278398","-3.83116148202833","-2.67158416873339","2.91880874665438","1.62142028650919","-4.10604730397431","-3.08779083990347","6.77591181559163","-0.115384622244529","3.22118594565599","1.18426250516426","-1.31415474636946","-3.66173551509411","0.129619620303063","0.855649517387823","5.07303022695167","3.25615823820249","-1.97315944342164","-0.543480398281453","3.65113725664253","-1.34193531913298","-0.763153811283681","-4.55600050596433","-3.18861141797882","-7.01053413665451","-2.07894175506005","1.03594943911761","5.08814731018709","1.25664912559868","-3.13917169101581","5.85437047688007","-3.08808228518158","3.7546959409833","0.929620942025046","3.29437076774433","1.53830823693672","-5.52086201430597","-1.15470669754818","4.41604227601886","-0.117913624822296","6.59561577663333","3.08752041426843","-1.18649243233082","-6.97435956717923","-4.39397889872947","-8.86206173508572","-3.70181218018921","-0.561202524499079","-5.08449019581549","2.32077455541637","-0.0403042186326744","-3.41200734204202","0.835072802741551","3.58249498653466","-6.76799776553811","-8.92111702523292","-0.870893095554102","3.57301934035639","-5.59772418218537","-1.07185225946992","5.29471023490596","-4.69557690374448","-2.40014871227662","1.45731710249031","-8.13057825336733","1.80611051983501","-0.480606034100757","-2.05081455699584","3.27549078554796","-5.14781642884128","2.74777770091258","2.82428629429118","0.510409282501921","-0.789688106395615","-7.28694093820475","4.69410346311198","0.0920833717185061","1.00604782261831","-2.65567490507962","-1.43575727264016","6.14980880915203","-1.97508060182867","-9.58794591752529","0.608988238587498"
"Random_Index6_32_0251","-3.18012092286743","2.1820553746187","5.58455312791063","3.13855903370264","4.8003868457864","2.15932147905629","5.31288481884891","-12.7650932972195","-3.07910884622465","-0.400943428684025","-3.81129442542405","-1.2779547998215","-0.696251102663268","6.82420615102153","-1.44366206928876","3.22741255570834","6.43126786895327","-4.62823929366737","0.143079308927087","1.02094642015432","-4.32158909113197","6.95574810761517","-2.010195263122","0.148546640776092","2.25142500908553","1.31467419777683","0.36754759660248","-3.74985166427342","-0.497205284419825","-1.05362744714648","-3.95906996439592","-3.20731414393716","-4.18985845020764","-2.96813104274983","3.18648111179492","1.6209777767738","-4.25655107416987","-3.16574691489784","7.0881519110834","0.142039708494894","3.39114135434196","1.39576935349487","-1.17734065584025","-3.54131768867391","0.190026743068472","1.00275030891385","5.10438402627605","3.18670147039053","-1.77299986347951","-0.630376017148733","3.4446821362519","-1.36695272645106","-0.898800964526759","-4.45828007867294","-3.53648534243775","-7.2474348607261","-2.16266447427288","1.20242480521317","5.08941781153109","1.02902665012946","-3.21271481028872","5.72799155782313","-2.92583268988045","3.71049696103542","1.15591853015624","3.44839238928533","1.54152134447046","-5.82344185374046","-1.0678276692948","4.49830696177469","-0.115474688675712","6.56763247235333","3.2012170967333","-0.973111982750225","-6.85892908804924","-4.52809323457815","-8.72138463226004","-4.11211969773613","-0.369738498601682","-5.21278424880172","2.49722312884795","0.240098085895543","-2.9886116942588","1.02933078457216","3.82260488703591","-6.71718814469754","-9.26558726350355","-0.764215329328687","3.34748013905999","-5.48953898098592","-1.17800943696582","5.46818526858248","-4.94740832095601","-2.2021840345784","1.44106696861894","-8.32510374094842","1.73535878833265","-0.480353771367624","-2.25096822513984","3.54429579007204","-5.00216426431211","3.0423225224822","2.92946742289309","0.89126921587649","-0.65037761596827","-7.55354601968821","4.62029592831362","0.338362981405064","0.699852412012931","-2.77281502827319","-1.5420157350922","6.16674512299732","-2.11157954926776","-9.36484660879837","0.91998703357209"
"Random_Index6_32_0252","-2.94944286297792","1.86780136575306","5.37152762337479","3.00360524292891","4.60985778168116","2.25166015650595","5.4218340359685","-12.8293422857302","-2.65369747858356","-0.0863128175906564","-3.49489170129846","-1.08463609438564","-0.513707002882383","6.76544794323257","-1.19063249409651","3.19505609264319","6.08962441658348","-4.58146692380935","0.475237501766805","0.852522993245637","-4.8323817462063","6.59388390961563","-1.84840777943153","-0.074283807356316","2.23767780038943","1.55423163364938","0.35936531226161","-3.61471698884226","-0.490296812775","-0.88551804218313","-3.81638495731414","-2.97518477266937","-4.30294276853876","-3.48193570865102","2.85767052330959","2.08046565235034","-4.08992182900573","-3.04132423735596","6.87740194367059","0.202099818102038","3.04867606417845","1.63040890983884","-1.18020131937574","-3.32950674482726","-0.0474541799982336","0.854408875108996","4.84522735758675","2.97641036768218","-1.92938864592844","-0.924314661281889","3.35089820201939","-1.206887320463","-0.575084600389839","-4.16086962647902","-3.29352817289561","-7.01926494938956","-2.20469390705907","0.802279309020622","4.88194136995872","1.30869160631944","-3.0841299898899","5.75220627246092","-2.91754585520951","3.46098661936867","1.16644621220866","3.05926240425653","1.8726520125748","-5.77740916499591","-1.07455810969348","4.16400447895883","-0.118474871915274","6.39669161098513","2.90577772338832","-0.934948769454084","-6.9064452052833","-4.23916072280584","-9.12734931457315","-4.20109561202654","-0.206845874019835","-5.27990867550052","2.16471461432951","0.356702897888831","-2.99126790829157","0.646594950398052","3.5386293866038","-6.56262895315872","-8.98593954296333","-0.504657485782527","3.3473764521171","-5.47975989432209","-1.3517432186628","5.20244396839122","-5.33145083132045","-2.48843773180492","1.24354743329931","-8.0822220904404","1.50856790122538","-0.214035486418616","-2.44469286640339","3.19072943993445","-5.04999116049265","2.68033821786182","2.61822014358628","1.0229702426422","-0.348854153586196","-7.50139051619094","4.39889240817733","0.534339441709431","0.748862620799214","-2.28327530372765","-1.96652670591754","5.97719581967498","-1.84842353710905","-9.49743986393073","0.965516998338045"
"Random_Index6_32_0253","-3.2562069017753","2.36231196343719","5.79160463108557","3.43703051264253","5.05695218662024","1.89787519402847","5.15057401096106","-12.8649754810902","-2.97932630457793","-0.525044683373661","-4.077281194482","-1.35844589500834","-0.775843968511694","7.07810846847463","-1.58974110992176","2.99345423765957","6.41498672818351","-4.78289024965717","0.0848099270590992","0.89273561518802","-4.13968564156256","7.12213486244797","-2.27917994530043","0.190931380932974","2.45463904020543","1.08185441362978","0.423539011689887","-3.99687202942718","-0.420338433021865","-1.13674082531671","-3.96614998599459","-3.33834132194007","-4.16149136742444","-2.76191856225403","3.1137050496549","1.41882442463527","-4.27443325226717","-3.06659111840549","7.23486627968286","-0.107360088404312","3.37885431576828","1.08194730567061","-1.38282400018051","-3.61719811048405","0.33736560153458","1.33088933220374","5.22111463409301","3.61381579725437","-1.8352278977298","-0.411770883365353","3.58689375991905","-1.67413016129843","-0.926182403602436","-4.48309587578972","-3.57763951931352","-7.16069231631897","-2.10224942510317","1.15855025415658","5.37936502238755","1.27566377622592","-3.31330068177333","6.2119006423101","-3.04245999009287","3.91814836272307","0.921604065791681","3.31217050557901","1.44077452550033","-5.85494167968575","-1.23050006577167","4.64001433144193","-0.18377847609697","6.80833693546303","3.26204605763695","-1.01491160160443","-6.81765657272757","-4.72085229657641","-9.17235303359789","-3.97054321390952","-0.490126004998177","-5.18069749756887","2.50467480411346","0.0155537747526987","-3.18969207400351","0.953128902955241","3.89769475458837","-6.9219025631691","-9.21046527522739","-0.905358159863456","3.92956631990508","-5.49377579334131","-1.00552837016146","5.55563885202418","-4.82832675025376","-2.23359825633708","1.54455897032744","-8.38469893909766","1.72490089082832","-0.577434806969283","-2.24037025670076","3.38844727013142","-5.18136666264013","2.86531608547376","3.07071143975435","0.506061164765765","-0.742988912130819","-7.31075595731526","5.0025335084711","0.0550399004535895","0.926625249473996","-2.887697443996","-1.55142061746832","6.41388831426345","-2.09664354486363","-9.7826565743441","0.736992126293565"
"Random_Index6_32_0254","-2.98259552621409","2.20980640730065","5.66954248751321","3.32135729961042","4.78299163669161","1.98040463251743","5.18199618415257","-12.9107574976925","-2.62188983651197","-0.535896918379309","-3.86027429019483","-1.50351856991704","-0.797629950263623","6.65775756964205","-1.60051723222767","2.7947067038951","6.17446597236564","-4.69197746277494","0.00297951930887215","0.822696579185566","-4.11921630640255","6.7279382302594","-2.26072691638046","-0.08696286497392","2.55381962276391","0.964950811388559","0.200601767412308","-3.91691359543005","-0.554427145573498","-1.31653736807698","-3.9400816395277","-3.286574127506","-4.37678476353709","-2.79088614971549","2.9923343229489","1.59549188938273","-3.96832941398809","-2.73033183831168","6.94804245348099","-0.0418580968991656","3.42951411844575","1.09548427227623","-1.44884592321103","-3.56215960749389","0.258541593659291","1.06947238751842","5.01621667153147","3.45139642267249","-1.75727793518182","-0.35039980623528","3.52054482814838","-1.50904665261639","-1.07170847141968","-4.33615434251752","-3.64446931818574","-6.98288186579888","-2.21496818945296","1.08088360255112","5.19313402754119","1.2894004673756","-3.08314338285853","5.86562735457307","-2.80168930895854","3.69587742570866","0.858676933537277","3.2438452140076","1.24167866091161","-5.82600648268351","-1.22496063027298","4.30852080443554","-0.342900073880868","6.48561151586267","3.25992512062019","-0.95730004423239","-6.66544171241323","-4.31258435908658","-8.72656244825038","-3.78651228585567","-0.356744901272543","-4.82923580300814","2.52010677479969","-0.0150205433580649","-2.96371415386018","0.899008473479531","3.66548730728998","-6.55796008730296","-9.20310737789897","-0.928235834482358","3.56229321886154","-5.30646196603211","-0.930127763703937","5.19369549366336","-4.7621076941154","-2.19833621420732","1.3085394280969","-8.20777620922411","1.42851649118981","-0.385273344201192","-2.51394587834911","3.25092541377159","-5.11320472397954","2.88013567106246","3.01202417359063","0.591751212960345","-0.597134089992446","-7.27428682579438","4.75897462001361","0.0891298243052954","0.905321124689907","-2.93329858338204","-1.42405770477393","6.3195679017441","-1.70288838972943","-9.52029742644241","0.760691552593849"
"Random_Index6_32_0255","-3.27625276873902","2.32034367359694","5.54198836839476","3.1910305466056","4.84851239856741","1.90810256314268","5.0558039883901","-12.7208007654242","-2.87568150875139","-0.436810463125018","-3.91202081647642","-1.28084537013881","-0.834619465511271","7.00980803563307","-1.55752274930538","3.11090392318008","6.32801052241152","-4.62065735492723","0.212221058026146","1.02877070382921","-4.05181516050439","6.89350383920512","-2.1763002496792","0.143267287655134","2.31123562126735","1.02086262924399","0.443092945047288","-3.88807405372476","-0.355393094670921","-1.18475085113284","-4.01325653623608","-3.27240110450593","-3.95527241189286","-2.70128936709143","3.02855186572235","1.64428704083226","-4.17730376062324","-3.25336166815354","7.01925231514945","0.058409387206452","3.42912818037734","1.20763529835964","-1.36455432258668","-3.75970571597767","0.184125304381462","0.963377795387648","5.08184539732085","3.32036731553718","-1.78556934728686","-0.586867789670416","3.64587123303015","-1.68558755197465","-0.905454785962728","-4.38217624232707","-3.43634811799101","-7.29262814932023","-2.00154144040783","1.08357897417297","5.10287125858163","1.23173476295778","-3.31534919155969","5.79725908230409","-3.05954287280551","3.83081723419736","0.955937886252215","3.39246555643538","1.53866616575751","-5.75563449228839","-1.25666108423446","4.4937445739015","0.0376601385759005","6.75844401809618","3.27555007767991","-1.18284906944567","-6.8044396220714","-4.42075820465028","-8.68415486492823","-3.95851845442071","-0.677593818715883","-5.03836682042872","2.47535424787925","0.202722601784713","-3.18445687429602","0.841270967313742","3.91329614171479","-6.86257890052993","-9.08510381116828","-0.897718686439607","3.57743108804297","-5.39095998127812","-1.12020733836176","5.34953272745184","-4.72876755177145","-2.16866266488356","1.46922960755487","-8.23444982567619","1.86185299795931","-0.565567602837308","-2.09531457509157","3.4009890528448","-5.16389140171384","2.9093080892661","2.89836153224354","0.566996815225046","-0.740266896657803","-7.5286011247969","4.68086177915257","0.111865606556169","0.90134468197546","-2.72964863250811","-1.49118682800969","6.30353532399474","-2.05191717830914","-9.59263419624883","0.774243392457609"
"Random_Index6_32_0256","-2.97651558607044","2.06145718648698","5.42279379853329","3.15806544826331","4.7015701741849","2.06933045463132","4.96852503608336","-12.8633983779601","-2.90715233545585","-0.191835736831867","-3.5906554651288","-1.0711694498367","-0.589494270414292","6.81978979950644","-1.37752818278885","2.98858026389694","6.3655657549713","-4.40252804837335","0.355308296915772","0.849222284653883","-4.53374030404598","6.827254215689","-1.84884506183156","0.0530781062894533","2.16502271393811","1.20728220528523","0.46140491373223","-3.56912187476517","-0.570490810928084","-0.911383553337117","-3.81705090723114","-2.93386990945587","-3.97772312644782","-3.09074903064883","3.0107787337722","1.81220964170124","-4.38422584016046","-3.25121043753705","7.03056524664283","0.283850015467681","3.184960250342","1.49953328578311","-1.0144489774948","-3.54945743787083","0.0506143248269187","1.06222263853956","4.97166162611579","3.335542909837","-1.77774335312258","-0.622941351581185","3.38544325686422","-1.21214192201673","-0.649264959901987","-4.23667539297271","-3.36618058476592","-7.35180284445547","-2.12033149328954","1.04868981158812","5.00106924967481","1.13116020221968","-3.15010400996154","5.61173070625338","-2.75656608444851","3.54531528715165","1.26047732888015","3.32303215839608","1.66133427615344","-5.61385918725379","-1.00659692821484","4.37165327935388","-0.137215323227859","6.66336892764528","3.03588100139707","-0.971522369861734","-7.01186903982578","-4.50091064755891","-9.05161818329535","-4.09067280487092","-0.320475067374798","-5.37079203299547","2.37851601476354","0.191907901227903","-2.99674000248216","0.880095140985546","3.71786854990552","-6.68476198735853","-9.00886903160924","-0.550727213902691","3.34489880123446","-5.51912774836661","-1.11836777064124","5.23081019731836","-5.18781233283016","-2.33968471672943","1.41731469014238","-8.37803180451122","1.55852176452455","-0.308640589828133","-2.2250240440945","3.42847805271784","-4.98647980987272","2.86741782107878","2.82275738480913","0.936758756346937","-0.565748019705535","-7.65917842373908","4.70203044834784","0.248669205405155","0.56968141586858","-2.62421089755727","-1.8328728651607","6.16206321291981","-2.09133344567241","-9.47693873789915","0.930870346280363"
"Random_Index6_32_0257","-3.15963056264913","2.25869961850698","5.55319643883209","3.18385892317986","4.81954280807005","2.0467386325106","5.05806666404011","-12.9226964032679","-2.75456103823751","-0.256942097856697","-3.8441250589601","-1.38772951013684","-0.649058090068429","6.74737050544095","-1.52360357627851","2.9841003278138","6.25098273932511","-4.68963580857213","0.166850650762414","0.754331449542051","-4.40401451724069","6.84226370091824","-2.2848020270653","-0.08873530463378","2.48293429986424","0.944922520948117","0.311144627923227","-3.92647950462508","-0.627517660489568","-1.0445125380752","-3.95511169807676","-3.28623850894127","-4.17901929722705","-2.84126288506781","3.1371423605116","1.67497338805578","-4.09894361978411","-3.07438592266454","6.83166100249827","0.0597128040875788","3.45891904196499","1.20657194149246","-1.39480884358039","-3.65149790212349","0.0506008865971666","0.99086960151384","5.15791523463663","3.37250584437671","-1.61678472665368","-0.510197756451482","3.41129493260331","-1.36426529020607","-0.907343158610271","-4.60797942517192","-3.51869918495033","-7.18919296502581","-2.24407765310489","1.06076485494689","5.15188427710721","1.29306465470592","-3.06815692994138","5.88845673580379","-2.84176127893293","3.73636617094025","0.797937880390766","3.27819881572142","1.52318301513873","-5.78550127041729","-1.351783114953","4.36397067287108","-0.25282197282223","6.51186094673974","3.51918739237839","-0.97243679783033","-6.81547232658599","-4.48661667439825","-8.93421776854198","-3.77919986943196","-0.381317456266981","-5.18419772727755","2.50638755978517","-0.0320331170509078","-3.11025102236112","0.86959910403201","3.74015338109733","-6.5607093130397","-9.10547736370679","-0.833425326615984","3.57551596395149","-5.58016097250495","-0.999409162118828","5.25225395613031","-4.89073549074423","-2.20140172066564","1.27296528840847","-8.4618306332189","1.54601305654853","-0.394893168525072","-2.40428313254786","3.30721795575374","-5.04775259401352","2.78641113095109","2.93034741146471","0.75615927578218","-0.61996666507407","-7.49277377104396","4.80691332477284","0.155733334867396","1.01218157732285","-2.81647803439752","-1.5739403713421","6.31311921006748","-1.83463444041647","-9.69749087792588","0.800963382284781"
"Random_Index6_32_0258","-3.21264645595859","2.05559893485439","5.54345291972504","3.1981363378121","4.80551364984138","2.14401089714462","5.15269846905514","-12.9707546522205","-2.80740234809202","-0.389744171097062","-3.67591199158531","-1.16335046766896","-0.630850561767276","6.79507320100928","-1.35627804379454","2.98757827156687","6.30522732460831","-4.5935035174705","0.13725515918417","0.73190801129031","-4.3172403929801","6.74959641962812","-2.08682742923833","-0.0136185294989316","2.29451007061945","1.06469005109821","0.216882344666993","-3.70481093747052","-0.631814966865053","-0.991441469559895","-3.84252112498327","-3.16443975399323","-4.15037991373279","-3.17749350322268","3.25188249038586","1.56938006736213","-4.08649333779158","-2.97462344026356","6.89542603749065","0.0417089336063599","3.3085845565551","1.31452011681633","-1.34019924893157","-3.46686188246434","0.0563114203099256","1.01257693524871","4.97029180996348","3.27799710669528","-1.89712677420108","-0.54786802452564","3.44303339437728","-1.33336203330185","-0.823875160280371","-4.43109623299179","-3.68229059711357","-7.06842614535903","-2.05885104634915","1.23082444480702","5.01853904689107","1.13829761034925","-3.10300833660125","5.92908744815697","-2.65228454697662","3.69630911412726","1.04995092463278","3.44770069755648","1.4626707694335","-5.78114957967884","-1.10758335761718","4.31568213917491","-0.318461742067822","6.52153672204343","3.28465724123726","-1.01449655635681","-6.8627813121056","-4.42965251269934","-8.99505375315277","-3.92468137499613","-0.290993668106743","-5.04734645029664","2.49010047281363","0.256061306762355","-2.86346606550467","0.688046991408553","3.67765315551157","-6.5525598490456","-9.14279395015308","-0.750574659201355","3.4035548029373","-5.58385711382567","-0.962296834817817","5.20995229527518","-5.02727046111855","-2.49577543954396","1.22874451227354","-8.47344175772411","1.57225932433748","-0.316391800091759","-2.34444194564893","3.57512764848718","-4.99625760320141","2.96809637460085","2.9788826078185","0.902592996766878","-0.786749705649649","-7.47238191063141","4.78673839720769","0.29564836326947","0.871356662301223","-2.76926943733364","-1.6373336126041","6.33184841982523","-1.95727158174723","-9.52045289964846","0.903513671641076"
"Random_Index6_32_0259","-2.82482121355706","2.14476868061514","5.57207873006149","3.05760092281176","4.87902653181151","2.1741517831504","5.20458735413869","-12.8227588148631","-2.76747388408418","-0.203289260326074","-3.44911109699714","-0.98132018702961","-0.497256120129676","6.86419735577095","-1.24940419946592","3.22777285212734","6.17681492225685","-4.86014367855485","0.542234266756229","0.909798238630112","-4.25422415638524","6.78411934571893","-1.79128800253863","0.0607552910648204","2.26946304741555","1.09450784370343","0.497191629348501","-3.55330794756915","-0.474593091029494","-0.728750533715275","-3.79767164879199","-2.98529622633669","-4.1271457259412","-3.07704941617628","3.14225363451262","1.84725461355007","-4.26089364287922","-3.21694627988047","6.8611765386873","0.151272814402577","3.33365428952485","1.62305760108899","-1.17280820278539","-3.46844432144008","0.158218702530922","0.96813525412116","5.10824951319833","3.24279243593684","-1.8063549999955","-0.71350507421335","3.55941415133615","-1.11133724609669","-0.563774978581784","-4.26860323451263","-3.53013594863054","-6.98010526454655","-2.26222930151674","1.1836428677932","5.14388736446843","1.26766091001164","-3.07537048910576","5.93279357768391","-2.83310349819957","3.68648875851578","1.23052719647505","3.44158579386848","1.62477707912043","-5.76710465040946","-0.89286333803003","4.47639929437258","0.14267439764557","6.4972392470841","3.32964428329359","-1.08544179971002","-6.75395787523818","-4.36222263659298","-8.72637963234634","-4.10243661944298","-0.316144694431872","-4.96290185115721","2.36986089651393","0.467585840462394","-2.95719748225824","0.878618062798531","3.72512251807693","-6.6953491876948","-9.05597439481998","-0.628206629949747","3.47278200464137","-5.66286913423779","-1.17012031234583","5.33887943804709","-4.80296053436104","-2.1310940836713","1.5339490809076","-8.49507574213361","1.73912166242844","-0.275897620102073","-2.42358978325087","3.52359464414761","-4.94448271969129","3.09185184304339","2.79410324159392","0.852069523100202","-0.707706556494478","-7.52320968960179","4.61092893147908","0.400972769711563","0.702438484272091","-2.66890705781851","-1.68652705498818","6.11386604701005","-2.00973070021753","-9.61255959047152","1.00575553539707"
"Random_Index6_32_0260","-2.81060713894301","1.94394081268494","5.40550133185564","2.95343914355572","4.78750910512919","2.08961241223876","5.38976456564581","-12.641131932258","-2.65637652650001","-0.225667156546588","-3.54366213765459","-1.18435721179428","-0.42667039825421","6.78554979663148","-1.23971875847352","3.07165459921509","6.03213188171524","-4.75839826142863","0.420535636869363","0.877474149981926","-4.34098137061554","6.62240200455711","-1.99643523735784","-0.0152571925239763","2.16884697660936","1.07106393969201","0.352377818642336","-3.68464149105717","-0.551938057099437","-0.906344394206912","-3.77333849489733","-3.00778827479152","-3.96462673137532","-2.98403899167687","2.92474421216407","1.83105358346427","-4.15960506623558","-3.00112283973005","6.79371344065546","0.11220416375775","3.19542428284133","1.43802838168796","-1.30704561545264","-3.52201610896044","0.0365213460689511","0.865170859156472","4.90071617366178","3.09513519230236","-1.82259008669987","-0.751966099665357","3.48690744960568","-1.17410672765985","-0.685423519256242","-4.34076782098166","-3.36799359806113","-7.07200109037981","-2.03577944247511","0.901276924799853","4.92150148133763","1.12137564661107","-3.13316558406346","5.68662602237554","-2.75753858717654","3.54911599237859","1.14585184852726","3.21592875929186","1.65279088585833","-5.81476778743191","-0.883926024814172","4.21080817050491","-0.0507948098647915","6.32325595820522","3.1608679308788","-0.979933543626127","-6.82341170276958","-4.43876505369733","-8.98567095334045","-3.98707397706736","-0.389040254889027","-5.06952186135629","2.2024916754343","0.306868484032607","-2.9406537903512","0.708917115695328","3.62272768366647","-6.65779178890277","-8.99360655995172","-0.816697930285071","3.34382341125597","-5.60408448640488","-1.33025412111386","5.27398382427977","-4.87719644558988","-2.34817595870946","1.30089095861939","-8.57545152337809","1.60863113564262","-0.289097281870564","-2.32441306033157","3.2310978379162","-4.98712415633429","2.78192300296802","2.67200577780876","0.93875577722405","-0.834727717326716","-7.64424127722635","4.56318241997958","0.263321354384781","0.702402401496878","-2.57744695446026","-1.59215210480238","6.03187677180852","-1.86087012869582","-9.55581380859084","0.85031412583737"
"Random_Index6_32_0261","-2.98869137500126","1.98652900431328","5.54538340210089","3.26944897342871","4.98165812725998","1.86345351055111","5.22191931002677","-12.9398633396499","-2.96648687298946","-0.445995349621576","-3.98004784182021","-1.46222184984699","-0.793134699827893","6.86047230156822","-1.75930007245754","3.32232236384383","6.33064003566082","-4.5976337043963","0.0709244222551528","1.1179665115028","-4.28275553954322","6.94644183941039","-2.18597570540673","0.193679044789352","2.38202318913216","0.992131621940515","0.548765506917039","-3.93486847328113","-0.457739817610209","-1.16168295385051","-4.12261227852262","-3.28868018671889","-4.21931216477324","-2.95009307858708","3.14359703304956","1.80180562320001","-4.37844518071109","-3.09250499627218","7.03362579553341","-0.0167012005986657","3.47604559081787","1.23906305056296","-1.27203931451507","-3.72811258827739","0.318066471410686","1.16764356821846","5.31038498820783","3.18746563179216","-1.75509203228234","-0.623056601328398","3.55096306968945","-1.4532627715262","-0.914738452251298","-4.5182178702712","-3.58214901459384","-7.35908663276339","-1.90351864665133","0.996844165516393","5.02881768629623","1.0755546150646","-3.21365116564056","5.83247389703389","-2.97350940439439","3.71901431380257","0.996279665160269","3.48151364677342","1.5442990453349","-5.93370223527468","-1.14229980836741","4.5902737484188","0.00522831249922475","6.62742673007345","3.41010155350501","-0.802126168733277","-6.8972922345314","-4.74794020674884","-8.73414852749813","-4.04079407407362","-0.57728372148516","-5.15591445487143","2.43346999390079","0.0370934945159408","-3.27158414890944","1.04536219874607","3.74446907432076","-6.78645274821514","-9.1633604310955","-1.00043405529933","3.52677126185857","-5.43519995305114","-1.22291152163469","5.54568656259157","-5.04736391568455","-1.91688432964451","1.42464250353967","-8.24080027075717","1.72276513919892","-0.667687193711737","-2.35538732944208","3.55550862069686","-5.34080878292119","2.99713001197457","2.864450962021","0.663321452676493","-0.729693372448943","-7.58090741699748","4.71541329606441","0.0643727558254577","0.87069495485823","-2.65423943669762","-1.58204659474195","6.17580624104922","-2.05573163361695","-9.57425644855218","0.75690343504873"
"Random_Index6_32_0262","-3.20444772708393","2.30073798159537","5.53985772663084","3.10112005944922","4.75437449911893","2.14698717154587","5.20861401434989","-12.9100364599639","-2.81229089780042","-0.365201792014627","-3.79929106460874","-1.21715825926671","-0.62441866683801","6.87107471125893","-1.48209071645775","2.96371110845174","6.27113460277769","-4.61798786493792","0.195140346999485","0.758666398607334","-4.26449440150214","6.83932042823877","-2.10310357533009","-0.117820870973561","2.20605145544699","1.18738844654142","0.312086955155787","-3.91007370544673","-0.595438069927006","-1.11433998165624","-3.8655528963808","-3.03269688056725","-4.10163764541819","-2.80632621072047","3.13791318490966","1.56072454543715","-4.19286920056282","-3.0050777947357","6.94651459877454","0.175912100683898","3.26572969828906","1.36596242534598","-1.24804916024977","-3.64928592254293","-0.0317106282065364","1.03721180833784","5.00294469834215","3.23398703053756","-1.77051205733341","-0.675950966844051","3.42325300224043","-1.32716768861402","-0.717612395121084","-4.60664114690923","-3.52622076049514","-7.18753028442621","-2.33363401519554","1.16698172451276","5.12359305559428","1.32015000525496","-3.11798198814348","5.89320874126559","-2.87026627452197","3.74507972041045","1.08770474442303","3.37663515943696","1.52882800179098","-5.76098009980721","-1.20028239921293","4.37039887857009","-0.191941049218144","6.52187145368445","3.17818928893969","-1.13490148689562","-6.73306513869801","-4.4751665214978","-8.92701658314139","-4.01168813221702","-0.306639675809536","-5.05628103781483","2.30195110666622","0.152953045088918","-3.10012464919601","0.777603110338117","3.63625008481372","-6.75311612112264","-9.25385818825881","-0.732297355554795","3.46324479405706","-5.48849637646884","-1.32456709220426","5.25612106457454","-4.77764830127442","-2.41678270084359","1.31476619659155","-8.28967658510459","1.61814444397101","-0.397809629924045","-2.27349809076006","3.42732361868227","-5.04319941178248","2.862515429363","2.84002192287939","0.766303899777646","-0.480370143782396","-7.52270472539404","4.70156534398535","0.284988361503923","0.963714514532475","-2.72327231959484","-1.51749500968988","6.18689853839895","-1.92393746943632","-9.74474949048416","0.876717612985281"
"Random_Index6_32_0263","-3.02775440677931","2.1895992750393","5.80528282089609","3.15825587777871","5.02415515460398","1.92745686543432","5.18474646080555","-13.015286343616","-2.78003859869219","-0.267698802378174","-3.82144577421849","-1.28742184630878","-0.618212452510823","6.84458250928422","-1.48065657557648","2.9877917729934","6.26317451725638","-4.79509840279014","0.100561673342462","0.850684375280759","-4.27052456686805","6.87056195215436","-2.11451284457871","0.176764192035932","2.40047161769121","1.25651426161079","0.445576579192257","-3.85031584506096","-0.366225848273329","-1.06105243599506","-3.90034462171647","-3.146123424981","-4.02165856936983","-2.87648343838093","2.98520137935584","1.77142429752755","-4.07434061703817","-3.08422391266644","6.98213331471868","0.0241750895455147","3.2092635192757","1.34811819856019","-1.31570273392783","-3.65934935628287","0.13293980227038","0.983741590775465","5.17251431202918","3.35535000706406","-1.83127687509045","-0.572451735205112","3.67530741848191","-1.41515343666438","-0.661372308367143","-4.51260624699331","-3.46914895260205","-7.11433373225803","-2.23647841984315","0.947372375259464","5.2018552460915","1.25593262220059","-3.23641087146153","5.90264700045626","-3.09616246077996","3.82809663332511","1.10497875625004","3.19898482173656","1.62816409866792","-5.73494814503261","-1.04542183237397","4.48647417236843","0.25691122181333","6.62378542274452","3.08660679997912","-1.34450982334458","-6.89367150225595","-4.45020306023975","-9.12967193571009","-4.04437754750169","-0.465216282145241","-5.06576369797011","2.49830713023166","0.0183000305147541","-3.36020182209034","0.650325810403727","3.60785052643158","-6.74876912773569","-9.16425545879383","-0.707682493621849","3.50232129047217","-5.68096766382483","-1.16939417062539","5.38899028765417","-4.60674407955603","-2.17063009284728","1.44840452874016","-8.5009504649612","1.87025459749159","-0.293254728288994","-2.23457557422562","3.32503438229342","-5.14652084691751","2.89989306963311","2.83242372997513","0.625107938054103","-0.720236157121797","-7.43744423294653","4.66171038817847","0.0841415523518451","0.903498371119734","-2.72478585225845","-1.59687215796566","6.34264530876482","-1.93473415159866","-9.99839503429179","0.696918462632432"
"Random_Index6_32_0264","-3.21190124326833","2.36541651891126","5.84106008821324","3.28507844595028","5.1023139911094","1.96978657859414","5.039781859665","-12.8923669058065","-3.07276600811464","-0.468607124777555","-3.85430643902915","-1.41989099995517","-0.788492985139111","7.23658547812019","-1.60997176633007","3.27765922550541","6.4035302995526","-4.85024439858006","0.128034514625603","1.04191192501793","-4.38722416889612","7.17245451638202","-2.09935728545","0.218972335180593","2.21356297776352","0.987694432208217","0.445478390006924","-3.84533114061659","-0.467042348798577","-1.22047368933647","-4.10814775962845","-3.27625669696896","-4.01842406234453","-3.15498926003056","3.14350913743531","1.67782192686577","-4.27444829801293","-3.33070613990227","7.23498806608794","-0.116756486103053","3.54749335479148","1.34823822628316","-1.41202999548879","-3.81439448891109","0.261382587554459","0.991094371485795","5.2926003732347","3.43167824845929","-2.03176143059112","-0.557186448130046","3.64487849252599","-1.4462778734358","-0.89312903420707","-4.47408424765158","-3.75365226646345","-7.35858989410276","-2.06155384670211","1.18488579277265","5.33431378567762","1.19953383873604","-3.2952735831788","5.92086248582269","-3.05656663403117","3.89218428951566","0.997104270428112","3.48138928453164","1.57270284210618","-6.04576291331613","-1.12405405593542","4.68138936573109","0.00968675879813235","6.74445918182142","3.3940061794325","-1.33171716017574","-6.8301187308319","-4.74682561649565","-9.0000724190194","-4.20829357588147","-0.645310625356422","-5.24521166368107","2.62329038264155","0.300577002516564","-3.07357589826082","0.857224524344814","3.95663334150834","-6.86682685237779","-9.32341276608028","-1.02421476071057","3.59901510569736","-5.59396813089146","-1.05462927369716","5.62368986742121","-4.70926030605678","-2.06425103989251","1.63147526625498","-8.62876754277988","1.88658461651407","-0.611104292250333","-2.16893420804516","3.6120329195289","-5.23603666155673","3.14187164170388","3.02818741136637","0.625648460696037","-0.845569596379147","-7.68279316701418","4.77278371809956","0.167948987751299","0.694273743389477","-2.99411345323682","-1.56760588939685","6.37528304926909","-2.31169431632204","-9.89021518455427","0.840125967835793"
"Random_Index6_32_0265","-3.01094476104319","2.35560534132736","5.5645101216229","3.22843044941034","4.79803020489092","1.89786714050021","5.01403681377964","-12.7995513919474","-2.87694114329178","-0.37268591330363","-3.74768802383882","-1.18132113205044","-0.771414197727945","7.03933353640206","-1.52280718413119","3.2324465818244","6.37918407551622","-4.8385275910713","0.105988257259952","0.969881947685742","-4.16110094388991","7.04624924761123","-2.13292639189018","0.255547004379241","2.32382476857106","1.1212635291177","0.548045819846756","-3.79077042277473","-0.483062883457773","-1.14851584132271","-4.05028326552921","-3.2189024953495","-4.18640434954216","-2.87013452338","2.94595483583197","1.64510962179587","-4.19046776686137","-3.232439615572","7.00228611869112","0.0690540148586769","3.44315048455378","1.20800394753771","-1.32084051027256","-3.57568589378033","0.254007754209615","1.06782300466624","5.20371847266148","3.33980991778406","-2.17529664990332","-0.606058756150442","3.59597418437734","-1.35517010757453","-0.903905907006744","-4.48250244370202","-3.56796127972094","-7.14991109401378","-1.97812791997951","1.0428556101182","5.12877216685192","1.12752944198249","-3.20764553900325","5.78803634933462","-2.93979872488975","3.77843551692844","1.05029490101644","3.38835928496549","1.58710435704862","-5.77282766783306","-1.2941181797547","4.71643730929885","-0.110994582529314","6.69498186588648","3.07570152147192","-1.07858395326841","-6.96763406471016","-4.44359217350462","-8.8216494655132","-4.05265680724678","-0.546221319998952","-5.17431040173024","2.4454052551346","0.00540839917413783","-3.12850717263679","0.859468341777493","3.81461447327024","-6.82125442483733","-9.00288783899707","-0.798393420086237","3.54147913170066","-5.40307774149943","-1.1379000171616","5.47644111897613","-4.73183046540592","-2.20887048269559","1.58877010710273","-8.36111563371963","1.86441874649506","-0.621029849163412","-2.17380505148855","3.33936805065119","-5.18090036311307","2.92572527235536","2.90852096301135","0.706189092094138","-0.657400617450586","-7.42283954270674","4.69694585746321","0.168190879138168","0.701894601226675","-2.79716638213071","-1.40807614079087","6.13553464327438","-1.85448279874008","-9.52057003227405","0.616392784843053"
"Random_Index6_32_0266","-2.90979205731641","1.95860074034604","5.32110146518561","2.88050364695869","4.70472655009499","2.14652521385559","5.06749799301153","-12.6673677940831","-2.81866870212831","-0.168453129356878","-3.51792252020092","-0.890195278173005","-0.287695319778122","6.8265130442326","-1.12391356533636","3.15012801564129","6.25930177277649","-4.5759223841182","0.471724360866706","0.9309673592487","-4.22730618586381","6.62663883556414","-1.72523917819077","0.0993508711557333","2.08794812427172","1.41660389388377","0.39311743666668","-3.55474067300103","-0.451897741066701","-0.720168588094226","-3.73355903021771","-2.87566953022998","-3.93380381360628","-3.26502480959167","3.06165291791861","1.76573305848704","-4.26921026610884","-3.27599705051349","6.81743757391402","0.241374197407921","3.04229162557404","1.62863369286647","-0.929027405569744","-3.36964646518206","-0.019491910915132","0.90580435027624","4.84319742022839","3.05659021619992","-1.83498835335503","-0.781284860882018","3.43006358825145","-1.09206958298674","-0.360365808018423","-4.22926201637585","-3.21524382142174","-7.02936918601155","-2.04440628695467","1.13085125887222","4.81762519048638","1.01918263874998","-3.10773123976783","5.65144501311292","-2.77938660365375","3.45784031135367","1.33876490788259","3.46313766599351","1.73592923880998","-5.49350360600399","-0.788220492436218","4.17209159049062","-0.0626797331692435","6.48594162052057","2.94694613974265","-0.990137385710951","-6.74961545570305","-4.26931037007859","-8.94450513570731","-4.11396717404778","-0.292942468815392","-5.2225777057826","2.22961668442196","0.4989019177873","-2.8897487114885","0.730340936244074","3.51468698808242","-6.66190949186643","-8.7905512875878","-0.375883087763689","3.29951272423627","-5.52013026077784","-1.34178845416645","5.35607757556748","-5.04742892081357","-2.38101959298015","1.37952994049734","-8.36998966417182","1.73182542418737","-0.0829574874910389","-2.11416360227784","3.51642910548727","-4.91624190897617","2.95711143965027","2.65967271638509","1.05955187417587","-0.502162137210036","-7.56215681756228","4.38954982001936","0.547494587574667","0.665414121165912","-2.41979194404434","-1.85433301088892","6.03336506187896","-2.15826628795874","-9.45499187133422","1.00686988051455"
"Random_Index6_32_0267","-3.2563678167294","2.20673754851583","5.68137713486069","3.1314778675366","5.01124590605125","1.96202971231801","5.02569358287505","-12.8692633225078","-2.75417410881534","-0.424351941155253","-3.81543751963612","-1.27936314235812","-0.573424148756163","6.91101767232805","-1.45822962231585","2.94271403917252","6.43128085832629","-4.64254352559307","0.213160547644834","0.750730482140331","-4.15346689229725","6.76479008725054","-2.14744643911386","-0.0223180973297172","2.55652369831696","0.863687714710834","0.259477121765667","-3.93198515944118","-0.28554823360896","-1.01360839192166","-3.88186665181285","-3.26434474752514","-3.88439035021759","-2.86909152573747","3.15653983962391","1.54355411581239","-4.14135631886063","-3.10413027161634","6.90633594334439","-0.138560939351633","3.27042627502687","1.24913555066881","-1.35016870842686","-3.86964403862","0.0982448904104175","0.947944125375325","5.25379518789274","3.41448160074376","-2.14128011772536","-0.39991253371022","3.77697705269341","-1.48521120746963","-0.756070064809307","-4.76076058856726","-3.43584203375391","-7.14884398038323","-2.00011683841864","1.18671922327049","5.14960800890955","1.19281549503925","-3.21661373790328","6.07626300837333","-2.82075603458739","3.88142196310219","0.835151791031042","3.50338169832271","1.51975786301306","-5.63473595444633","-1.16501384583234","4.39844940281256","-0.0151060745973992","6.76238483726259","3.39079747116291","-1.49259626395339","-6.85481328712879","-4.72061422102519","-9.1000175243084","-3.68015145907843","-0.500244576023262","-4.8333587046005","2.49801889491214","0.16950389494748","-3.09617343832","0.762610798060573","3.76264200876325","-6.78973066941338","-9.16660253375371","-0.834449030799956","3.62549418951473","-5.70536375942995","-1.11316118782436","5.28484045229882","-4.58871798899322","-2.37239143130824","1.27260172536913","-8.41001522279082","1.80999628519047","-0.51106550042609","-2.15295461517817","3.44921202840084","-5.12745640482894","2.9153059919478","2.92188416993864","0.487400028083264","-0.941431527632226","-7.43506210085672","4.79659430948031","0.0789087948337001","1.0685887936111","-2.81452612132514","-1.3787186987774","6.53330119659977","-1.94113585914086","-9.91396200438489","0.765300416158211"
"Random_Index6_32_0268","-3.12790960589854","2.20401335767124","5.64094372158692","3.26125919302478","4.94777143799026","2.01233670756272","5.17729081668004","-12.7872027815278","-2.94884684382544","-0.279286486483613","-3.75545453386721","-1.29283231460218","-0.671552694400647","6.99207217624027","-1.58418363088282","3.06272662647591","6.35414321226088","-4.94696995458655","0.126349878049267","0.938459770074281","-4.48101865684881","6.90742680604589","-2.111746673908","0.190661267381501","2.39118346878341","1.09089264108722","0.347228242752999","-3.89967081800606","-0.54432409504401","-1.08082099288509","-4.15538564009415","-3.19765263633184","-4.17873897558503","-3.0600260090365","3.00834674825446","1.66098981370421","-4.41851263072023","-3.27681787339062","6.98823792480899","-0.0177416683411672","3.50666160599945","1.40604974433289","-1.4356967165574","-3.74163285442484","0.281225073799384","0.975603461516139","5.23773605710708","3.35599246271543","-1.92195275465118","-0.562637147665753","3.5752709000533","-1.51839006795286","-0.850763966911474","-4.29911471465312","-3.6164845830196","-7.29612079735621","-1.99622289724256","1.05313001833737","5.25665228867596","1.21291203883467","-3.36771560341893","5.79108095410872","-2.83557676963917","3.77122413890743","1.02394342685783","3.30967562151978","1.524043920638","-5.78832478793541","-1.18781399598838","4.41231485353922","-0.055040598580665","6.62835225783293","3.18550539629485","-1.20587091451277","-6.86989466096269","-4.58245353123428","-8.98381326551027","-3.99895272238199","-0.448844452224753","-5.2790930771919","2.58938295697838","0.280630737225976","-3.05868264130742","0.921283386141907","3.83513902449296","-6.74008529344086","-9.19030224166401","-0.885641652705522","3.60159961789788","-5.65464331226634","-0.974127519619864","5.34013285924994","-4.99792156843583","-2.28491004116518","1.55328162032295","-8.56348752714152","1.61786589905595","-0.427794879611537","-2.28784345012835","3.43427381918161","-5.13972825948948","2.88329380226756","2.99110501160267","0.730392565783932","-0.99679971761533","-7.62539288535234","4.86371768717772","0.240326478141545","0.803355484099548","-2.83226444154737","-1.54948737550007","6.37575933782033","-2.03869411588771","-9.70298631437982","0.928700575627544"
"Random_Index6_32_0269","-2.9834364017727","2.18024024232187","5.59985675451863","3.17492959215069","4.8900809313483","2.14353137076657","5.25616712608176","-12.8976140242926","-2.60440793538459","-0.252340001462621","-3.62099047446585","-1.1284671239363","-0.488972729845238","6.93416711121645","-1.37453708457322","3.03109340855384","6.12093555952406","-4.55949706383416","0.276836742459774","0.828706131508134","-4.37080421263059","6.83308601080089","-2.01730144239042","0.172813160097646","2.34993241733617","1.17216295521059","0.367336709848556","-3.65601967705342","-0.562561344582289","-0.963578023792963","-3.76265774763693","-3.09140154350085","-4.00002336105434","-2.96359085298197","2.86215762145313","1.71708075504602","-4.16398586511869","-3.07258299727226","7.01375894297615","0.21172097196655","3.44741289605693","1.38477482731056","-1.2901532295571","-3.55061869558652","-0.0322164330789171","0.953502486779868","5.31984284239338","3.44231635921699","-1.77083789841095","-0.455355286114801","3.68909346196148","-1.36056195737045","-0.745446479574538","-4.55491116716263","-3.53378007009206","-7.14687005465523","-2.13479854714186","0.863352404869768","5.27175470499971","1.10634117830068","-2.93876044034989","5.94541788762259","-2.81199203417005","3.70041566473266","1.13768758196552","3.17230076512192","1.54979818687968","-5.91828762271041","-1.01537707533845","4.39085989932187","-0.082396567372154","6.45083668823232","3.3392316379405","-0.919843356801258","-7.01733492400399","-4.55469221018224","-8.9200728383098","-3.89559024406292","-0.380641789108966","-5.07646851462652","2.37624601801468","0.0699706669687924","-2.95707983202763","0.902058232339429","3.63378674087921","-6.6721672116295","-9.25765403048206","-0.783076021011409","3.54995162690996","-5.52433560228402","-1.06362777154531","5.22823377529476","-4.82761387771004","-2.36457590663717","1.33825715938377","-8.38663325900862","1.61931084325872","-0.365235002514404","-2.30744402683014","3.17670602213599","-4.94962545984457","2.62889655921957","2.89440094332838","0.888775910063835","-0.541539103804926","-7.70131542609103","4.73020198247894","0.211354985838955","0.799259686103572","-2.78712938324956","-1.51677385444867","6.3087065793808","-1.75426885709709","-9.52279508770236","0.705372124273101"
"Random_Index6_32_0270","-3.20750858013905","2.14729615690124","5.49885295312543","3.07574901027666","4.69482345428491","2.08587211673881","5.01787555291359","-12.8171178524692","-2.76813042248676","-0.245224395498755","-3.60924360908354","-1.16740096095957","-0.593089669584499","6.79170205741562","-1.32813941977621","2.95511967098361","6.24134888196087","-4.65094149095318","0.16934274661772","0.711240600504205","-4.20645767598609","6.71616204479437","-1.8511525595822","-0.0398833213083606","2.16066459951952","1.15506613814995","0.285347155610799","-3.57430868148368","-0.552030941927695","-1.07192409545919","-3.71408864329271","-2.98424616016805","-3.87577885919185","-2.93959589451923","3.20177418584532","1.70959570940005","-4.14009191957218","-2.98367357727513","6.96299193531269","0.0911090657662593","3.19891876254432","1.39668844871819","-1.19134416235976","-3.42701488055172","-0.136120381639484","0.931142969016825","4.96142081873228","3.24087859912013","-1.73612565351821","-0.666724318279059","3.34215066477779","-1.37672247737402","-0.731700080044925","-4.42126616116267","-3.45833862930573","-7.08693239235438","-2.21063278391607","1.1430809306336","4.95306681553012","1.15002447150585","-3.10332716474815","5.71694673289508","-2.89469428060864","3.46969282262927","1.11363929239207","3.35303476769967","1.31851866679175","-5.90075415224443","-0.936981183363863","4.31078042645986","-0.223188939308902","6.60972503920746","3.08419918791064","-0.999039066628568","-6.70996212934563","-4.52838088182416","-8.86757283045068","-3.89661647669908","-0.337949254504632","-5.15209885415335","2.34691429278992","0.28095074352991","-3.03477433603138","0.691287193440113","3.62757139770946","-6.58099133509246","-9.16235542115143","-0.745056861274613","3.36543678561959","-5.32111603349053","-1.24832767625615","5.23545743783539","-4.78654608424705","-2.34060674263898","1.26353862843344","-8.20588913344985","1.52716373879775","-0.279066027070233","-2.19613289729887","3.4927283083588","-4.93615399728149","3.01204727525309","2.76305862903591","0.89797002126406","-0.622023280546068","-7.48583005941374","4.53969765654751","0.379166440743211","0.646180716536447","-2.62496506552816","-1.65052141313353","6.12011792866967","-1.95215226556786","-9.43059072930544","0.871534142309818"
"Random_Index6_32_0271","-2.85098796084163","2.11261207171045","5.66119614949794","3.20836556316458","4.93296934712844","2.05217202182119","4.92582312419662","-12.8310736297418","-2.73516187885208","-0.259962955342743","-3.57403415045417","-0.898029377165738","-0.602863280422212","6.84376923861363","-1.10901215556301","3.04980406300907","6.43041337365393","-4.57154857030586","0.465299796640899","0.864426507099033","-4.27671682349207","6.91050631729571","-1.86849898124396","0.148507539394665","2.39432001821102","1.15827812535171","0.352595853958617","-3.64098350931606","-0.702936387709689","-0.751526515395444","-3.78375461261631","-3.07288271340646","-4.03233492570577","-3.17602365789587","3.20524772349821","1.51745163297747","-4.25685361161492","-3.28369349926694","6.9859699997601","0.16441404869097","3.28156223390673","1.53041576151854","-1.07701349196055","-3.42813361072088","0.0740702107589142","0.71900095863869","5.21303193790604","3.19881082102966","-2.13355225647939","-0.490572282762523","3.46694412266624","-1.12683930545024","-0.639740588770355","-4.4652821950367","-3.61429610346184","-7.00049102454792","-2.07996475369258","1.26323115225738","5.10903420936484","0.912085106935603","-2.98902155281967","5.67516738917425","-2.6561962627721","3.67757913564258","1.10371660176976","3.58128633845032","1.39430259128419","-5.6190512817594","-0.771986281542262","4.48523603253916","-0.295733639037574","6.59406369428258","3.22895680953841","-1.21915557218941","-6.85495614308598","-4.33961323564179","-9.04479111064381","-3.94848534138431","-0.300908457404839","-5.1774578464459","2.50176239546214","0.244545720308896","-2.9328128033873","0.801327696028513","3.73564198348997","-6.52745269468965","-9.18560782599486","-0.60286665342984","3.41647831749234","-5.58303251331833","-1.14018923957196","5.30487943997501","-4.99624098411932","-2.22236674608478","1.35912096641681","-8.38778529521249","1.77847597987932","-0.191140072946391","-2.38414391911389","3.59668614937501","-4.96692833225203","3.04343999306794","2.98040587768106","0.843042705335974","-0.632946825966751","-7.3512264555603","4.59627238692309","0.393090801621247","0.750045850630673","-2.48737014548354","-1.56715994580279","6.18544342781227","-1.90922273476622","-9.51112084675926","0.848802129675941"
"Random_Index6_32_0272","-3.09870419186766","2.14195359375836","5.48638863096168","3.23587562135984","4.80558676555967","2.03956966635191","5.08335620484455","-12.8184855839776","-2.84676241444076","-0.268951225840968","-3.62532554708113","-1.16428423780278","-0.573371030281163","6.80973854214564","-1.34277600304404","3.16861518297911","6.14356527371991","-4.76303238277915","0.201287025681631","0.940546921889325","-4.43148087406319","6.75576730338225","-1.99903007568303","0.0815292478529707","2.29981818195475","1.16024681823513","0.307068316747689","-3.71452730758627","-0.548682585925048","-0.979932098855799","-3.89121768069219","-3.12500022076708","-4.13516707990954","-3.15083555935305","3.2735642523981","1.66367116165363","-4.33524610715744","-3.09083156498674","6.90683250543587","0.10357322279362","3.3293719804948","1.35838067379563","-1.1514707354654","-3.49412148480208","0.15511807858671","0.949748676766496","5.03349988820094","3.3699376425784","-1.93329641909877","-0.61467034244115","3.47442045703202","-1.29957676517524","-0.708106319897065","-4.26645687151395","-3.47318498484802","-7.15926805870223","-2.03548292513758","1.32329732549232","5.02158376920851","1.13445183791196","-3.20014032725068","5.71858158042748","-2.69916238108469","3.7211668943449","1.1089860275491","3.43180831404433","1.51436015918817","-5.71949055568555","-0.968051836185327","4.36977738700289","-0.0984651973822457","6.45422866030032","3.11088312004171","-1.00429253180278","-6.7332688692045","-4.44010022760998","-8.73121621476226","-4.01200517177708","-0.401850694124016","-5.13500771174734","2.52871620122236","0.0630085783177171","-2.96739399246531","0.989208124606413","3.70588799528102","-6.57959868481099","-9.0226737016337","-0.622099753868013","3.47171241232173","-5.66081050974629","-1.0000572738663","5.31613695766648","-4.96763708307505","-2.2266754897648","1.462996640239","-8.41118995095376","1.6646905224758","-0.390702025943686","-2.27985981222132","3.7597329246602","-4.95684949490661","3.12798174182637","2.82575976880434","0.859930123630706","-0.635812157930158","-7.53228787970088","4.70535565431212","0.237246153482596","0.73531436797783","-2.57560801986659","-1.76817339049496","6.2687915657953","-2.02776777435146","-9.3741714272058","0.818395685029944"
"Random_Index6_32_0273","-2.98156678877733","1.90875808140766","5.33365631343269","3.09386372236436","4.6894169055396","1.93985546580232","5.25667616979783","-12.6336236690235","-2.69437852898446","-0.444449540255079","-3.71691450710719","-1.40603509611128","-0.652256722790061","6.85271809181804","-1.48619200870998","3.01290660099537","6.28459165662672","-4.48629930624678","0.056481858172159","0.892040714553008","-4.30476868837102","6.71271679582031","-2.17227873644979","-0.132874366190744","2.33216800855602","1.18887237350542","0.330917929318954","-4.03476700311121","-0.504183517110589","-1.06661402570689","-3.88907278102632","-3.1308620030931","-4.12780438069098","-3.10736797727168","3.01821937653922","1.50007768020833","-4.12328866929729","-2.86812012974417","6.84627141901412","-0.154791073182891","3.21219858510485","1.35745501531025","-1.50244972176099","-3.74802072745799","0.123161752110707","1.04785643506081","4.9810137800911","3.23146172946554","-1.84016304449481","-0.614880992665518","3.43917593034208","-1.42051485312887","-0.651556892551291","-4.40132223014179","-3.42176303555921","-7.14559944915439","-1.82747801267412","0.966155271809267","5.04440408397452","1.28581380068526","-3.2744567398598","5.8475557880797","-2.85882299481224","3.65587160216973","0.991717084644258","3.45559671649079","1.74077315774066","-5.8153396275196","-1.30643182112257","4.26715217436027","-0.00405584634739876","6.46771503297952","3.03605596858759","-1.01970406638327","-6.78738968795368","-4.55896068722283","-8.824872654753","-3.95127736535345","-0.398667288827478","-4.98362189514288","2.39996229182452","0.179574994504996","-3.06058608821595","0.850026990987702","3.83412624620177","-6.74016558564637","-8.92008974938342","-0.848686699986707","3.46813316646663","-5.36532760479789","-1.16350450219874","5.27848798109014","-5.18875977513698","-2.21233780237947","1.3049815731981","-8.41565750744222","1.4902236110814","-0.421151409060101","-2.41343866530544","3.32221404825151","-5.02479805074851","2.8392390983712","2.73191000496431","0.606767560294553","-0.609553090350598","-7.36908208367701","4.76866138896319","0.181004182545943","0.558633278612585","-2.62318137697865","-1.76965438091801","6.23736798555839","-2.06862546654012","-9.66513024216348","0.913178282071162"
"Random_Index6_32_0274","-3.13006322269946","2.19498633030659","5.66069661145595","3.12495891208709","4.90591974547575","2.19889023040592","5.15582949065175","-13.0125166102982","-3.03132539139411","-0.30694291071403","-3.78789650790225","-1.29144766828934","-0.667588015964613","6.91277423290075","-1.32755860041552","3.17851622303588","6.35513936813787","-4.69914120797262","0.189224792603335","0.830115871616134","-4.31214277620284","6.87293329491378","-1.84228721151109","0.19940664034549","2.29998774408958","1.02533228614151","0.371128075822188","-3.62261256472024","-0.64953276004457","-0.967632480041314","-3.918189426686","-3.20333420943919","-4.06757273895964","-3.26014524188834","3.26542013183189","1.45531572942642","-4.3617036807351","-3.31008773882979","7.09679895511143","0.062266758566514","3.32269355969706","1.4881812254107","-1.22800344391328","-3.72956388413224","-0.0339285002855134","1.10532338907176","5.14681328158237","3.38301273136796","-1.95116933695868","-0.594314565125022","3.44350256396983","-1.39629180409132","-0.679758385821768","-4.43715007277885","-3.66640562883237","-7.34019328163205","-2.21133770895499","1.24911356749257","5.09889846240332","1.11040039586926","-3.28032759418533","5.79180163475497","-2.85117079406422","3.61669031833932","1.11288267090139","3.45764531171644","1.56534568725657","-5.87378576551127","-1.04946667943046","4.43413279907525","-0.237073552981014","6.64682504885692","3.20375747057702","-1.20347870607342","-6.92733708919527","-4.71574173463272","-9.04535375823826","-4.0364185184997","-0.532653021371839","-5.27611044212205","2.48277646596731","0.567889370747251","-2.78207760876036","0.881860387549901","3.77173620838429","-6.90662142222695","-9.21358831885709","-0.75445765130765","3.38721453265449","-5.44291520854709","-1.11347172386166","5.51093080903959","-5.15309000657925","-2.22409406726562","1.56643703997849","-8.4278819432242","1.74302925097338","-0.439795824210282","-2.09913563015994","3.67208059794352","-5.09781767962333","3.10755580421204","2.90221753701551","0.785774712153784","-0.708751472193625","-7.70085092478681","4.61466655659505","0.413549902199646","0.841023503753754","-2.84007147366967","-1.79680929038606","6.34367813863618","-2.28197713569173","-9.73562339151711","1.16032453376615"
"Random_Index6_32_0275","-3.26133302751495","2.19113969217362","5.45795365997948","2.98459884729273","4.81981691982211","2.21624653681154","5.37971002514424","-12.7957609605884","-2.74941844080753","-0.278225819801365","-3.75027387095816","-1.14153368461456","-0.532542974591917","6.68819359276859","-1.32183283232638","3.0467724896141","6.29172294478933","-4.65149035961692","0.195096983457532","0.769674306242379","-4.25221257670555","6.73392277994881","-2.05907662182478","-0.0346578935616684","2.20322158990964","0.997466644819328","0.271222667680668","-3.71691829298322","-0.708406346689068","-0.941793927498387","-3.76928095895201","-3.14988766672455","-3.98087693940927","-2.98846816706447","3.09358724263514","1.60086356399762","-4.22718181007352","-2.96545419593103","6.86433097004334","0.104245038517195","3.15267941894073","1.40816480081785","-1.30741828305826","-3.57905600034552","0.0136390019042079","0.895848299187743","4.95600348460992","3.14486525150709","-1.71070590006475","-0.653942276254972","3.42950303537681","-1.33387701787672","-0.763447408957661","-4.40501015737164","-3.5408400761604","-7.14025187117606","-2.18115219050262","1.07672662125758","5.02810212718761","0.97003451958395","-3.09727967670598","5.7176315998578","-2.87371552031256","3.66387202764065","1.09836947906852","3.4041578975276","1.73842517586191","-5.72819023567057","-1.17902538067022","4.30742215952553","-0.214069417436385","6.61617384296018","3.28531223004405","-1.03243297613888","-6.67074614284007","-4.45760447966882","-9.06168881749573","-4.05478922835691","-0.302808655905107","-5.15352411519852","2.36691272009732","0.324207324165549","-2.93248087693909","0.697360191799234","3.57810407899511","-6.49157874071028","-9.13981217282323","-0.688921009552457","3.36835679112889","-5.69146866589455","-1.2914727815536","5.25310228798874","-4.88610718455517","-2.38312966433137","1.27140791474138","-8.27310490406769","1.5978913303541","-0.289721560605948","-2.22885203494571","3.42246248011602","-4.82214766029886","2.88756814972553","2.79285975410882","0.862684571014523","-0.687501135377413","-7.64777045189858","4.6114001569046","0.220573958850421","0.868463937775961","-2.77338022458708","-1.63395375118144","6.15209346796974","-2.00202236974189","-9.56090516483735","0.892710064565731"
"Random_Index6_32_0276","-3.04041338405334","2.14855573417384","5.4370563925417","3.18447221497445","4.78853369823779","2.03442523475986","4.98017127083896","-12.7890231860593","-2.95398894311987","-0.215409271428818","-3.65907320911197","-1.01802468768499","-0.568298200189749","6.91613835186545","-1.45141486337381","3.12502100495756","6.35067983100081","-4.6545006847249","0.325961597762665","0.902830600502454","-4.46210830531476","6.9658707676167","-1.96690737149861","0.136353024226177","2.18276072507383","1.42950164371216","0.423702324484259","-3.68205733835241","-0.599060687543","-0.827387235509322","-3.93547130269857","-2.98048001314569","-3.87366058170106","-3.06513883379883","2.9611520345071","1.64750254278302","-4.38650010282161","-3.35396141247578","7.05950565006951","0.0494686949835662","3.2138160505137","1.49680723045967","-1.07156489537343","-3.54306289013065","0.0294301108614141","0.758238097470928","5.04842125987363","3.12741924428256","-1.90401776159978","-0.713459834650568","3.44246252163037","-1.20068019262028","-0.627550368318577","-4.29454749739835","-3.40589359435794","-7.27610849834975","-2.15577689663564","1.01211556943677","5.07097817827304","1.01963242306765","-3.18301124845268","5.7021356189434","-2.85496179941612","3.65747172825781","1.25312650272807","3.30483245585455","1.59882187769802","-5.80745409352624","-0.955553849306105","4.48185186222481","-0.13039979021376","6.63992388465487","3.06289058200377","-1.09729270165579","-7.00494418469296","-4.45455194482083","-8.94910489136051","-4.08875421655442","-0.552417120538097","-5.20768253174128","2.45762049121151","0.108760972523573","-3.0104693378299","0.73740927615231","3.78160988435418","-6.66234318775296","-9.11167566269275","-0.648907782299984","3.34128727869238","-5.69656407424653","-1.16370790596264","5.3023085608964","-4.98960098465526","-2.41770459919485","1.43128340541433","-8.61310433094903","1.67574784567978","-0.363573854935775","-2.30062993477824","3.34087692603988","-4.95322799661808","2.90384281556452","2.91009776765416","0.696406646823509","-0.752031842227259","-7.64184336193831","4.59226751027259","0.26616370136437","0.79491007643597","-2.65767267367782","-1.73336863715819","6.15288151792608","-2.15350905599433","-9.44290894824931","0.797608586700834"
"Random_Index6_32_0277","-3.1696756524326","1.99460984074998","5.33262719950395","3.07596213588283","4.69195020353306","2.21523590405071","5.08958679659087","-12.9366681537871","-2.71098484577628","-0.190685479069015","-3.55808641968455","-1.01270000147449","-0.545934378428712","6.7272202426116","-1.28297467210084","2.92707516768379","6.42143745629832","-4.4116476869406","0.391575052262752","0.725892758829599","-4.41919104405826","6.72829955689922","-1.97517908259246","-0.0189283948791199","2.1922713238801","1.17892491973454","0.153396650149203","-3.63252165038818","-0.648622716766252","-0.860298977475157","-3.62680703662141","-2.97522944822999","-3.98214498522957","-3.18698374517886","3.12710646825482","1.67681712865342","-4.3415115256871","-3.13767513031825","6.92534894938755","0.218971129615142","3.15742319111278","1.48018640530096","-1.11274101981313","-3.42450369891185","-0.0835648034091269","0.98514811105682","4.89893810724513","3.22319675908602","-1.77988960493532","-0.569169988959888","3.38502948544991","-1.08589619540904","-0.637721969065935","-4.43833491425578","-3.58704465281484","-7.17728993739018","-2.24139670528598","1.21728103702","4.9217975909901","1.09954879310129","-3.09617069747872","5.63324651187609","-2.6636378704388","3.49022818047692","1.1669951433393","3.48173513350721","1.66155356239007","-5.71717698794992","-0.811852402616316","4.31844626750555","-0.330138923488032","6.63397543044025","3.13885282398562","-0.904265516861816","-6.8651883905859","-4.38845209497913","-8.96802617061198","-3.916795092161","-0.332452456715755","-5.25709762366932","2.43705768354611","0.188034805047106","-2.96981757811109","0.617587778321181","3.54945242959344","-6.60090418004589","-9.06277335984685","-0.831452507735785","3.30895922142024","-5.48700753678136","-1.1826081524583","5.19131493773073","-5.00433286536756","-2.56218477365823","1.16467653573119","-8.58159970096438","1.64946029910151","-0.249039754745934","-2.39046660420638","3.43637895163982","-4.97561950179838","2.93865737941723","2.78675473192705","0.874430572668002","-0.738126276188476","-7.41055750192681","4.65366952471999","0.377504490346085","0.743593107916711","-2.52820833823544","-1.77582040513799","6.2025199030729","-1.93500579761968","-9.36871126952279","0.854799985203123"
"Random_Index6_32_0278","-2.96812553546971","2.31897007733044","5.66551560463238","3.13707589198063","4.86218450455937","1.95372808733231","4.84882803279493","-12.7906663632422","-2.82648291117631","-0.221407172344568","-3.62970989540727","-1.00254080237717","-0.693462033039227","6.93487886270817","-1.33059827352026","2.9020012439199","6.42803366471835","-4.73643856672134","0.364246695097087","0.810202524089102","-4.8123792812014","6.73919694403483","-2.00885711357984","-0.107552216346412","2.38333722438538","1.28861098306366","0.304397148634492","-3.77719681448728","-0.358004513692399","-0.991223621259328","-3.76344739529822","-2.99773456019593","-3.89115395843078","-3.04789894136043","3.08532801743494","1.55661606757492","-4.31677829771852","-2.91975393871449","6.943688426202","-0.105561824871619","3.28854782398658","1.31318482577329","-1.08394469706908","-3.55140433052944","-0.0729440960005138","0.894850868290043","5.16190120099286","3.32483386657533","-2.17261593598453","-0.589390780562417","3.51567349924913","-1.18624706686659","-0.613301178523862","-4.46562629366056","-3.44751042225991","-7.05680380133547","-2.23991411550943","1.10346877987191","5.02384555382733","1.00463337666692","-3.31177272558913","5.83499496173847","-2.79851112655732","3.75424624477343","0.973429249143555","3.36045431504208","1.45052037586422","-5.74616859997612","-1.11104671238335","4.3123009532093","-0.135940861276419","6.73222192244415","3.15771294581274","-1.4378181355973","-6.87420256064174","-4.36040170565456","-9.28309645990404","-3.90383005264644","-0.451876861959701","-5.08419982744884","2.52596361401874","0.117356532644323","-3.23943183060597","0.556029769609474","3.74160037890837","-6.61549051455038","-9.06480059555561","-0.817462812799269","3.5848667442022","-5.6215284252741","-1.14177004905905","5.18414740344731","-4.88854935298385","-2.56773481549401","1.35340490093002","-8.29620236981578","1.63228537849561","-0.408629697181523","-2.24903159835214","3.38760409546841","-5.05543755274707","2.9447338348041","2.95414903689047","0.62075871252623","-0.826802456356703","-7.40880414580833","4.64761798539253","0.0494856838128016","0.797586605170618","-2.547708624361","-1.6140380071619","6.33447134870621","-1.96406777807498","-9.60647327088285","0.695667502068637"
"Random_Index6_32_0279","-3.17098855805362","2.21806105841262","5.72413945444205","3.31965605378088","5.03218901648068","2.10300568596991","5.12294818652601","-13.0157533423734","-2.9685093893029","-0.346927804167215","-3.71552015943759","-1.29220193434164","-0.66205066218648","7.01843660369462","-1.4145271510292","3.13388796606936","6.47095127465301","-4.62182746114293","0.192169678671604","1.02776401621482","-4.37464931515163","6.93894123873716","-1.960306862938","0.151718832250012","2.44563257569205","1.16590322424217","0.578876202857237","-3.70237514242613","-0.263122986010105","-1.03457394575924","-3.94067090613258","-3.102700672822","-4.11001824284234","-3.02795091058045","3.19823984978197","1.72860147084001","-4.23978395428071","-3.08354000008451","7.04361347188672","0.024600485824561","3.44322501876134","1.4290849714005","-1.16941223666959","-3.62679671859338","0.102506298032043","1.23029313033768","5.26964248746176","3.50819068510714","-1.8341461554714","-0.443535096440861","3.52461737297342","-1.36909895066625","-0.755808961974474","-4.33432415076051","-3.49784127880906","-7.29163651880119","-1.93072025360275","1.12107914657944","5.10517499294534","1.34166479792585","-3.22135718500012","5.96240866037285","-2.98711089421565","3.7456766464661","1.06975654876618","3.47603358836584","1.50242738772278","-6.17416000425474","-1.13562510026089","4.58147792383329","-0.0903523494077539","6.60880708076054","3.33835308953701","-1.03613979873841","-6.77600544441299","-4.60415833723536","-9.03341737109294","-4.09633694553857","-0.478775784281997","-5.16512882422401","2.56682711256975","0.238637621145188","-2.9944685435652","0.911292536735122","3.72259168406454","-6.73547829124194","-9.09495034101259","-0.803887644258472","3.61667729435202","-5.58464269645964","-1.10112376839103","5.56937107959095","-4.93948627948169","-2.22130985137801","1.51403747166442","-8.60551580989635","1.80453735317681","-0.476907847578859","-2.26795264065481","3.55834434419835","-5.23376732418945","3.0956562265201","2.91740935791279","0.779019850464077","-0.706736722355309","-7.58215546608717","4.68378419342396","0.237434925456807","0.716805596962117","-2.59160749919147","-1.73603267631387","6.26862984483622","-1.96039104426884","-9.67895152691474","0.895379679528593"
"Random_Index6_32_0280","-2.94925899164241","2.04837921048227","5.3163215775278","3.03631163588188","4.549384166913","2.04684295904481","5.16738418059496","-12.6775985419882","-2.65613246203075","-0.0849002016378816","-3.5254905893567","-1.02014940666109","-0.54057605526656","6.83050872748647","-1.29087152337888","3.00658151954567","6.19583836334689","-4.33871392852138","0.422833748820336","0.940026788409257","-4.18150199283604","6.68740584258392","-1.93315758547175","0.0779489160561073","2.2160066370484","1.36435683431516","0.511141526436181","-3.66331549657368","-0.650357441204921","-0.961929329787033","-3.75306815600292","-2.98406615002492","-3.77799205144133","-2.8544626213803","2.97673496017901","2.08011042031327","-4.19478184663397","-3.01469582291866","6.91625195545625","0.297653045217627","3.20786569413026","1.43274907299925","-1.00912548371084","-3.31980687363672","-0.0595327821578086","0.888110535056817","4.83031348330716","3.1344030734432","-1.66491791634097","-0.75441862394772","3.42358155377954","-1.30856417690187","-0.657341387671675","-4.1338048035584","-3.43242095027788","-6.85415685860147","-2.11144086214472","0.993540950529391","4.90228866121105","1.26177304095193","-2.94144679406793","5.59221568753105","-2.95487991362461","3.49648863310158","1.22699076736612","3.24534144199602","1.94579073013059","-5.65006874268662","-1.04921485830368","4.27022800461781","-0.0492243147310681","6.40799618440234","2.89200571585223","-0.914758869640386","-6.64676022227227","-4.37679972049363","-8.85823031528454","-4.04160964648769","-0.239049176970554","-5.06740743737883","2.30484120540064","0.305764830773056","-3.14790197516738","0.870490257644595","3.67915882070464","-6.54715822926598","-8.95666520217346","-0.444052045849255","3.32669627231215","-5.26209493278617","-1.26914295080282","5.20374308080769","-4.96154788198231","-2.33612037283153","1.44106617775426","-8.24851017713139","1.55723329714758","-0.265594140718636","-2.13324308177186","3.32472183399925","-4.97685118394169","2.89277266885697","2.70455217862413","0.837914653130132","-0.442514487710395","-7.43962372314844","4.44732049288527","0.262443693245896","0.907396755322484","-2.5124352463246","-1.68037326579754","6.02548257210815","-1.88956708641518","-9.36507426649188","0.912578493489626"
"Random_Index6_32_0281","-3.05716588599709","2.26697177747354","5.6105189576503","3.21451409650797","4.86478194931892","2.08192258113758","5.11078270532549","-13.0168374136061","-2.96780419978618","-0.216066268950116","-3.72413648115203","-1.11463379881123","-0.570658249762666","7.11970906894453","-1.38187359032609","3.17883235642146","6.34870288826645","-4.67020582221683","0.270436494198858","0.903945202823296","-4.34917448124464","7.01047198221948","-1.89338072863466","0.168401648828689","2.24687347475878","1.12430603222826","0.431379995148456","-3.72023807816587","-0.538521616325543","-0.985115661249061","-3.86600832286642","-3.06021979347408","-3.83951081337903","-3.03882963027223","3.12677060229936","1.71647816464503","-4.28784527679724","-3.30622760959045","7.10716254468369","-0.0157757613418803","3.39445566196129","1.38168019602956","-1.25477968631587","-3.64184223815924","0.0402994197975008","1.04810536579065","5.21280873124666","3.41998236992921","-1.9946519648553","-0.606206795176616","3.59619221529221","-1.31837133398595","-0.636927386933751","-4.42853178884543","-3.40320200992905","-7.14222062004424","-2.16628809250882","1.17297232252494","5.21745799285424","1.01034241258697","-3.2076951549956","5.8781416781761","-2.90792790958366","3.82530897021235","1.12656924175853","3.4205894489095","1.7367834112369","-5.75453518535336","-1.01859995546148","4.54741775757783","0.016328736155874","6.73210408031717","3.33363248369051","-1.22435462522115","-6.86158818619086","-4.57846868750858","-8.99286936897168","-4.05577141460723","-0.484746496815585","-5.290207929386","2.53149431587141","0.349353147391829","-3.05256634717877","0.870730979774733","3.90086667558757","-6.81493467065689","-8.94881592329376","-0.624055932129594","3.59096074898718","-5.52664302185541","-1.0893648144242","5.46269988007054","-4.91326245631417","-2.34958446966188","1.46619664946946","-8.54586263621662","1.71881578391153","-0.358974160806922","-2.08881718815153","3.45640714603527","-5.13280566686518","3.03784534327226","3.0190709268349","0.773010849121285","-0.793950456091269","-7.72799775079067","4.79881240478126","0.337658706855207","0.875559381439574","-2.64296206831302","-1.59790836890156","6.41911905846071","-2.03766435706757","-9.6499479187437","0.942696347475077"
"Random_Index6_32_0282","-3.0586290056466","1.96561599574238","5.30852571386719","2.89829840612127","4.79101359848343","2.18551890247893","5.04022060168044","-12.7418918300085","-2.7669718777493","-0.0777400234939003","-3.6094279709404","-1.0347519456653","-0.456424029509436","6.77531434226062","-1.2871629783474","3.02718600580361","6.02419829672915","-4.64224414194158","0.403242198510283","0.865100053101975","-4.67589743156688","6.71219498417175","-1.90750142037036","0.0239793651770832","2.13585678304198","1.34227438216946","0.326072432733999","-3.66205611551216","-0.711705691133095","-0.950835737234212","-3.85102698969501","-2.8904823989099","-3.8915904350393","-3.25775082029811","3.12095548745614","1.95166987415771","-4.12866215479526","-3.4208835787261","6.75987427977206","0.171607689065592","3.08757968381234","1.43364302032687","-1.1232591336595","-3.63796989769128","-0.111418688080193","0.861824274357153","4.85100901764693","3.14435748886954","-1.88730319545456","-0.694429952352723","3.42867188675771","-1.192033598752","-0.682632541076296","-4.40845152861153","-3.42090673154377","-7.02842543037503","-2.31087607761814","1.12427992062024","4.94259010617612","1.10231811382868","-2.98288510526961","5.68303542191587","-2.63914635779081","3.59299675034804","1.22463155491969","3.39354693963776","1.80472283029177","-5.60575938024922","-0.980232695465931","4.23991067131061","-0.144103800864066","6.39093212562558","3.06325197085568","-0.966884957264291","-7.01834778438241","-4.51983827310297","-9.00894182593466","-4.21790217318241","-0.320837595793956","-5.24558828464727","2.32313704980565","0.33897938414316","-2.68438417383427","0.723152276919437","3.53309969883974","-6.64178291985766","-8.89963974703413","-0.731200904530631","3.24280031677121","-5.72816893730899","-1.16250635770472","5.22035874376075","-5.11933316866631","-2.43661020114485","1.23681116330303","-8.27272456269584","1.65959861709229","-0.22939215892584","-2.33370731250963","3.53156537778699","-5.02370016388462","3.05554494932057","2.66098596746616","0.92667390459284","-0.645492307494143","-7.83559953149026","4.50601702024923","0.38554404480892","0.745926693202","-2.56637958857234","-1.80928437379082","6.16655855959514","-1.84521192088431","-9.59900463598973","0.937071674309943"
"Random_Index6_32_0283","-2.99533760245486","2.31733546994245","5.90881111853936","3.41589468175402","5.14043798040316","1.81343845184621","4.9334946095155","-12.89802963308","-2.98801302587568","-0.484507138335455","-3.80225183651017","-1.21689782113512","-0.838496895376608","7.08494411430327","-1.47236596667117","3.32716002945765","6.43431881727541","-4.75545006954613","0.0866369585234778","1.1636699862203","-4.07072031898496","7.1673826071094","-2.14903692373981","0.590261283571763","2.29260614700704","1.06685094502407","0.606107059550606","-3.84277573799615","-0.26389457080269","-1.10341062980739","-4.11910128593922","-3.36486840586492","-4.10447070911783","-2.92371356954246","2.94095714232077","1.56576340748742","-4.41359276727499","-3.37201665382732","7.20837884846077","0.00382454312395983","3.73225873630569","1.2724143354149","-1.20871338321619","-3.59922443978622","0.316378636141834","1.05494589194096","5.43761591715364","3.28430565545602","-2.22892739097074","-0.339476384435197","3.71227777229858","-1.39555168053699","-0.843688954139806","-4.56267378952985","-3.63638534585609","-7.47330455540279","-2.112338567489","0.982435713221652","5.34782097750558","1.14060251847239","-3.33414892234291","5.82319941670411","-3.05736681046014","3.96099317757643","0.909003155806672","3.25844456018551","1.60177092319907","-5.75603333991117","-1.31132479706713","4.62629881246971","-0.407960813542944","6.76801872859676","3.54308252747032","-1.04414309995167","-7.00129603040541","-4.54195832883547","-9.08148865906088","-3.88064963147763","-0.593571334895617","-5.12362044751587","2.49817983046223","0.101685360480919","-3.15241215520895","1.17636881153057","3.84763063756333","-6.76316724319031","-9.10107293164737","-0.939169162112408","3.65075151055595","-5.27837631046423","-1.00658137735555","5.62514243784974","-4.97776451608116","-1.89263576530331","1.58815907813954","-8.43131503455064","1.94098377244019","-0.498342144076594","-2.10315962899649","3.3982976385949","-5.22189369763472","2.87540984144902","3.03743786465095","0.669299771836676","-0.778536231609738","-7.37344844060024","4.69279385631047","0.111542421559534","0.988281608598375","-2.84934709520229","-1.54162264036245","6.33164294303102","-1.89503212205658","-9.70628815687986","0.649130307863218"
"Random_Index6_32_0284","-2.96318881065991","2.06138506580814","5.68971023013721","3.15704257191269","4.90066671829717","2.19656658721523","5.1103366997603","-12.8137490344258","-2.73486892038123","-0.290550396442815","-3.56122610966877","-1.01713925699309","-0.471326824917143","6.84115200419383","-1.31059881085372","3.04556361542151","6.36212362668356","-4.78127097262603","0.409452002246786","0.809663554655468","-4.28300041623906","6.85612101626354","-1.954567459366","0.0742652518862088","2.31721911450121","1.09642167566317","0.38241226592339","-3.62087490115775","-0.599902057242995","-0.806484580198133","-3.74061610944928","-3.01863292763803","-3.97653075592602","-3.05764142763492","3.34971521407197","1.69686927281009","-4.22702065379169","-3.15171205764679","6.89300280287795","0.191667042195169","3.34300742620467","1.56573124427604","-1.06748769811295","-3.47472722835407","0.198437774056129","0.928242934126744","5.09353562986697","3.25025518553719","-1.78102483299249","-0.698371422287615","3.46876699736159","-1.20793188440971","-0.661649323522584","-4.56550711302102","-3.51975778233592","-7.13999818396572","-2.01265910240128","1.26455774819198","5.04964336649677","1.14880742696956","-3.20909198884523","5.81640578529232","-2.93103873462304","3.67321970618817","1.02901243348149","3.44738811461646","1.5540395658421","-5.66933269004222","-0.833152977543507","4.44224516072611","-0.0926209502253402","6.4625452162952","3.25242595207676","-1.04140664480874","-7.01635789032019","-4.39414970992045","-9.10366479447266","-3.99223900652324","-0.314105726282485","-5.3250288413845","2.27829211789829","0.200058324748341","-3.0742430550712","0.8056995973816","3.56805976195543","-6.67532343770643","-9.22367668627523","-0.818159925858835","3.43882691001665","-5.62086902986345","-1.27576055066335","5.36315471764801","-4.9658615909295","-2.20881844861212","1.44881063383592","-8.33978825006059","1.68929820897378","-0.203467660947425","-2.18290854180956","3.68942332402539","-4.93005725374422","2.9893350235675","2.72940288380622","0.997057434119293","-0.628496414298343","-7.61679880638559","4.62845695881687","0.207546966623229","0.711861857790064","-2.69246202961302","-1.67707001333184","6.11177223600849","-1.93190428007604","-9.76878393762835","0.829613526391096"
"Random_Index6_32_0285","-3.20840905189373","2.0771588627377","5.53547934869819","3.14786497419045","4.79753352623614","2.12567223064122","5.18691811234764","-12.9467102630529","-2.71234500601083","-0.185961434699615","-3.62310930100017","-1.25173425738926","-0.316141485212415","6.74912209534212","-1.45053771220763","2.94240314106326","6.13241071983191","-4.77222137806345","0.300560637701891","0.722832696471752","-4.41711866094835","6.74983579407836","-2.06241604896999","0.0270721982622287","2.3784493671171","1.09022968259203","0.0601870349596563","-3.73689997097835","-0.569234704074741","-0.927488437051669","-3.75108086925476","-3.06248644698689","-4.2399141293179","-3.05088758525036","3.08851106549205","1.54676017689534","-4.0065785392325","-3.16597074496552","6.86642669690201","0.0306705876116488","3.23796294750255","1.33962307206407","-1.23384937893912","-3.51485645989257","0.155849950125285","1.08275034809188","5.05051054886084","3.30237459699813","-2.05591239700884","-0.488524463951221","3.55322862892734","-1.02761766478874","-0.627656636399223","-4.5799494738903","-3.50029922957369","-7.1983284431566","-2.11902339417748","1.19241004526606","5.08465466553196","1.03185304011964","-3.07916606229182","5.75914253914736","-2.73611060721127","3.63365872258487","0.989331927124012","3.30027636954328","1.60269827509397","-5.69449821678436","-0.886280695999112","4.29245718787551","-0.0365104768111626","6.47583736418257","3.41057147868569","-0.929131714705959","-7.08394736476671","-4.48971119170797","-8.92328398814585","-3.93995030264439","-0.286305452352572","-5.21849243183864","2.37721328698604","0.121893419192565","-2.91274909202249","0.806488121497564","3.58737389200042","-6.63936730612993","-9.25308548486512","-0.857313640683035","3.44789152035874","-5.78183279381781","-1.09285615205164","5.26958524038803","-4.9694881679902","-2.19832341031915","1.37672600700726","-8.41851872175402","1.61955724948283","-0.378326441174211","-2.25392983065675","3.42359063654845","-4.84292180405311","2.67634135518596","2.83021246310511","0.792494739476733","-0.879174276626841","-7.63299466063164","4.77970148238386","0.273983641253782","0.821139648775749","-2.78244433911467","-1.64462098043843","6.25073882919528","-1.837428118121","-9.48695005543394","0.764412320433061"
"Random_Index6_32_0286","-3.02608143193914","2.13424350030468","5.53346333227556","3.23229383254824","4.7453977986136","2.0119807557664","5.22387895844622","-12.9247877769825","-2.86295051739064","-0.389023895613158","-3.72763423597302","-1.35164896880908","-0.659288930007383","6.79773531850305","-1.61614032730929","2.97000680417686","6.36174610765314","-4.72576996330021","0.12223431907519","0.804166298060811","-4.54551278730267","6.86396782879591","-2.14637634013772","-0.03972012682915","2.21751508245683","1.06308556457772","0.42761474288528","-3.81430063387167","-0.728204801572348","-1.04750346446456","-3.85089176181706","-3.19466597481558","-4.21042797339924","-3.3258262914229","3.09158162780221","1.56700295844193","-4.33021444654174","-3.02388933396832","6.93836812457179","0.054982117179664","3.34305231769979","1.32113898698258","-1.28617147490617","-3.53740888566517","0.214959224550043","1.10336378519349","4.92802715729521","3.32976278554032","-1.79378819366596","-0.637630215222078","3.38098691699656","-1.47354096964072","-0.953292021091201","-4.67793845415064","-3.79560426530162","-7.11980945565488","-2.24541192924702","1.14578271001491","5.05209059265966","1.17054008479304","-3.14593621592648","5.80528892276449","-2.87114289158462","3.59365854464583","1.01742538702098","3.43070852816967","1.61970085078373","-5.78582251853683","-1.18863896801072","4.26448371243249","-0.241673922015406","6.60363154864013","3.23464989830011","-0.831763318885012","-6.77578991485696","-4.62926305412502","-8.7406202363705","-4.1091267041217","-0.321817238350215","-5.31965217305506","2.43947102089137","0.0672827422076066","-2.95662017640138","0.895406640518755","3.75960217073311","-6.71142253553449","-9.10728205546812","-0.835610080211921","3.40815812179437","-5.59829374198678","-1.13680150445622","5.22536739417141","-5.20167094544883","-2.08886599914241","1.29189979801341","-8.36983015718476","1.42918924017097","-0.453924540543299","-2.31634394480174","3.41948624680479","-5.06211899552111","2.93525689931526","2.82206565653199","0.730146506484264","-0.697251383119553","-7.65025834155438","4.71576291576006","0.274613372011748","0.614405837072854","-2.79005488732452","-1.71333739524625","6.31394709469985","-2.12097029454856","-9.53259320765697","0.976374315193161"
"Random_Index6_32_0287","-3.11200392898625","2.19426482298545","5.68602207144187","3.11212403725182","4.87995787561179","1.99246627880896","5.18759165648243","-12.8178528085058","-2.93074614887515","-0.38827442380264","-3.80939680340691","-1.28793422370518","-0.592212374475416","6.90460047197185","-1.45027155685388","3.05157633062142","6.53781019407916","-4.66030695731758","0.116931413691529","0.930672679546254","-4.35568755899864","6.94621790583375","-2.1105572676968","0.250450707522843","2.32269444081593","1.03903524373963","0.498070708762685","-3.85834423856009","-0.462946484648597","-1.02023898126827","-3.86707290947638","-3.15837989617342","-3.88051513004789","-3.04153916674381","3.40028808533739","1.46882150505317","-4.31592086566776","-3.22141852940086","6.98574382032281","-0.140703997001185","3.3410788644734","1.38764588073664","-1.24740352469164","-3.65505793906468","0.1182634457658","1.12000903885975","5.24618808018507","3.33221014838408","-1.97049330433382","-0.506571275810813","3.44470780164421","-1.38052811689101","-0.729012194049995","-4.40716027512259","-3.5608973049728","-7.27042540849639","-1.95737007820915","1.30823665136593","5.26411132324419","1.23465976359394","-3.2980997954794","5.90327786275261","-2.98930341366924","3.73527649009246","0.950649960077009","3.72490805992281","1.50815989064219","-5.79814977540227","-1.159196775366","4.56269804608284","-0.183197100870949","6.6758421693767","3.48887977222408","-0.982828420460126","-6.91265727016544","-4.74938371168615","-8.99870404751534","-3.90582791772679","-0.41595101915801","-5.36488992521424","2.4779333435903","0.131538104162273","-3.11910358651064","0.93570767212441","3.75956040604243","-6.83813678432888","-9.04208024085276","-0.890707523633638","3.6867301435618","-5.42171008703958","-1.20742419543004","5.52760550327259","-4.99925402630348","-2.06704192090692","1.41571213138525","-8.6007435483735","1.72049326360401","-0.447597925539151","-2.05960563946613","3.68161846372188","-5.08311778879153","3.08435699547828","2.86608099379332","0.69301422301965","-0.764439827468575","-7.47419191777246","4.77957173870658","0.239450206556172","0.841352785610767","-2.64713333347547","-1.73041959198265","6.29544080205085","-1.9719722010741","-9.68191885490096","0.774951426217198"
"Random_Index6_32_0288","-2.88600977783039","2.12858606306811","5.60404745026078","3.20103681913149","4.82233343135075","1.76017342364828","4.72770062110134","-12.5991983533809","-2.9858838149172","-0.263094645718651","-3.76383541096009","-1.15247644794724","-0.762988011107597","6.8981161106629","-1.34185836664607","3.08084598695364","6.26394174312847","-4.67429003777817","0.262705071917948","0.981314722518498","-4.23448012688983","6.86327342713255","-2.00880535479322","0.308546780059863","2.22004856216327","1.13868686690926","0.508131777494032","-3.73700371929367","-0.375261221366247","-1.10793959559755","-4.06311262154059","-3.11426064358417","-3.96675064878954","-2.82816292723042","3.06195147160775","1.57521883239115","-4.26669814356297","-3.24909180006015","6.97821099664774","-0.0173272591021072","3.30830968482512","1.32748130768097","-1.17370005979938","-3.59196177389664","0.110906531892366","0.894679029666463","5.12343684405195","3.18864108338752","-2.01687216851015","-0.587035437123831","3.47358295829257","-1.30189165798165","-0.853827005629452","-4.34930114523705","-3.47301880108892","-7.12673421368086","-1.970847047719","1.09825060780238","5.04956946689379","1.03225585347171","-3.13325131178121","5.72348138360906","-2.94580764459966","3.6491309670285","1.04222239815325","3.23001342300478","1.3700206026975","-5.79773825490688","-1.05102087045206","4.50440945650332","-0.15486026211679","6.57640723531301","3.02984902284394","-1.28706960298888","-6.77443692910458","-4.41170604312821","-8.92700611147636","-4.05884962891733","-0.513496535257662","-5.16498539312975","2.43816942722095","0.112918045856472","-3.17001402179996","0.930217821734616","3.8874703563289","-6.63626056894995","-8.97816499122032","-0.823278108426406","3.46841109839151","-5.52122929156944","-1.14577163116532","5.36429102464967","-4.89477475292832","-2.04681585489268","1.57795250294311","-8.37485534201933","1.74285382757889","-0.447831784790796","-2.27856210183523","3.44970789530028","-5.17813784444382","2.96809570521606","2.92354729710791","0.574326619143019","-0.580797487230882","-7.30127556362128","4.52692365905591","0.118787687012228","0.613739828943747","-2.65264052172102","-1.65919063800282","6.08676372769906","-2.01684255903732","-9.45043865219237","0.695041693546464"
"Random_Index6_32_0289","-3.00671876033563","2.24462060714486","5.56344411781124","3.16521264311433","4.89084956580248","1.85458985305842","5.02629011774415","-12.7540904914009","-3.00058175199833","-0.351653395281707","-3.76892200199474","-1.18916252706463","-0.652695993928267","6.98790123079058","-1.37862606891113","3.07746516826603","6.3485067953582","-4.9092932485949","0.389357837016229","0.876054498307016","-4.20346830609151","6.92482474291032","-1.97654695139724","0.153914977110042","2.37395079519819","0.982503685226868","0.466161126541403","-3.81418872937985","-0.473423254473698","-0.978283036177754","-3.98701152595729","-3.04601554775933","-3.98406581662704","-2.97029068008737","3.0797697812148","1.59901860959671","-4.29496700729444","-3.27960377014812","7.05331498188648","-0.1537256356008","3.30239706661981","1.35328420253347","-1.23097742055126","-3.71237583309518","0.0441740887486835","0.875690571691259","5.17663922155658","3.24781985262624","-1.95388319392076","-0.630503246491108","3.54002284396999","-1.32555092596455","-0.681082631554666","-4.41921942086651","-3.48492658817045","-7.10312282317757","-1.93230578326052","1.05797283988004","5.1731111763089","0.953310770235258","-3.25534538694958","5.86355069607854","-3.07518732633701","3.76922911310497","1.00314027530853","3.32455469079982","1.53147497420196","-5.78651133443212","-1.07636224150242","4.38699347500661","-0.0447837556014321","6.60228151838743","3.2007820503274","-1.33306758966277","-6.91155785371991","-4.45740837592157","-9.04456178998572","-4.11160026253554","-0.566291318084199","-5.13406949470884","2.5105892005489","0.070934762760545","-3.14345896413055","0.795781830469373","3.83951971093433","-6.78450288005006","-9.18644788031914","-0.706035563104849","3.50449469914833","-5.67715902942923","-1.22430388491152","5.34439042199788","-4.80622762814162","-2.25106752002151","1.49249874898776","-8.41074510457","1.73411341854285","-0.486245515091484","-2.12558277246373","3.44121215537563","-5.08601582725802","2.92716718448955","2.94271410980198","0.574374012692728","-0.84820657429192","-7.58544482890015","4.59773451355488","0.160113102293206","0.789712245291545","-2.67508161321588","-1.53438598228599","6.32188176412664","-2.08747285777092","-9.55565904756991","0.635247260692922"
"Random_Index6_32_0290","-3.14221156347414","2.32030439606231","5.77229040224843","3.20726603441455","5.05839342625933","1.987073772474","5.15678776385648","-12.624740247109","-2.84318090497859","-0.464361677467106","-3.8312254054915","-1.32678652378195","-0.739690062742513","6.9282092704458","-1.51660915042337","2.96297565509089","6.30503841044571","-4.62678466473412","0.129332194267386","0.862001624653444","-4.09208520102217","6.88457569602249","-2.23553639458022","0.23767012785649","2.49444069482837","0.920501477719388","0.316870395549858","-3.83826097205283","-0.408349297992791","-1.11278590590953","-3.83231129205193","-3.23630745187136","-3.94238446304936","-2.74781274063373","3.13277975807784","1.50384657712685","-4.09159715022974","-2.97089767015299","6.95947115008821","-0.0921280885193256","3.40578934350726","1.16311985294688","-1.2274762167754","-3.63423908364491","0.273115921609115","0.888776807471437","5.27685454657998","3.39088455333873","-1.91066717043703","-0.395965902983464","3.77675199592889","-1.49704061636983","-0.793597610111306","-4.53639392783184","-3.58682179075303","-7.05933297716032","-1.85741105693543","1.10233750788973","5.24834168341536","1.31655838577286","-3.21909374625863","6.11634618046593","-2.9324551457305","3.90571515617615","0.738058245080232","3.35491951455348","1.45070073824048","-5.64761392015003","-0.886544408970539","4.60937199360701","-0.117427032368787","6.7077467778318","3.41864997913901","-1.20356539792958","-6.71702356587585","-4.44319035910012","-9.00264018413528","-3.73011160589604","-0.61517301856481","-4.9879511530014","2.58651392034674","0.0817690737466922","-3.19169543818605","0.754169282922096","3.82843134628227","-6.66393406921538","-9.05213730942932","-0.832973282753492","3.67411247984838","-5.5350803262297","-1.01171704988557","5.27501487707354","-4.55251157065847","-2.15461744557669","1.39470070896947","-8.20899368612522","1.85078800658928","-0.588281473808986","-2.13684048491807","3.46719619804507","-5.09055398782907","2.87048634710369","3.05764066444186","0.605521012056503","-0.832803372738485","-7.25091494973397","4.81499309949509","0.00787480404052006","1.08877794625171","-2.76024343037796","-1.38965384526429","6.36278990136389","-2.08188653791067","-9.59890416571175","0.652540190854671"
"Random_Index6_32_0291","-3.26143648060435","2.49583271274508","5.89215009737274","3.37573415990389","5.04012094468861","2.01059451662576","5.40138999096156","-13.0372620756221","-2.84729264048486","-0.6194007469358","-3.98494042746512","-1.54824132271806","-0.868855313394755","7.10563672570265","-1.72015963528444","3.23767700243708","6.30231939462696","-4.61132658391778","-0.0181262390679715","0.91272585320063","-4.10504028305375","7.04313303382595","-2.27530105777322","0.080000635638171","2.55008439121384","0.902302735280411","0.33299797249394","-4.04420077169364","-0.51178042956884","-1.24867569896539","-3.95750140102731","-3.33743048481801","-4.21898556305386","-2.99410735414573","3.00394619315205","1.58116598273381","-4.29314628493732","-2.89185673053668","7.06294653150957","-0.122681543865112","3.5834573210575","1.2382218557862","-1.51384478155715","-3.72285457223306","0.335628486162057","0.983876869633892","5.32441947295978","3.53302872419706","-2.09187002066839","-0.392338375192178","3.71155722653205","-1.47380315098912","-0.882699287716891","-4.5623761556595","-3.73264269405316","-7.26098845775119","-1.9737080760849","1.0010782819262","5.39590188404056","1.223421722332","-3.14423298337367","6.03073967806643","-2.81486655346181","3.98019441734751","1.02254051290739","3.27752687366537","1.44881456735058","-5.86920839183273","-1.159029113637","4.58684152625688","-0.0984762132392419","6.59154118089832","3.50419491368506","-0.999812245439969","-6.52021479753762","-4.76337722448607","-8.78524447311023","-3.78962512302795","-0.532509129424834","-4.9904807990028","2.69549349046274","0.0257853212677194","-3.08163381734084","1.00006932604544","3.9189905198575","-6.71495571729119","-9.31921097628735","-0.862026260788993","3.67079356642057","-5.57724911045215","-0.811374582704671","5.30535408764141","-4.87800213013081","-2.11566485398589","1.38960887420807","-8.62448944024406","1.7457558065085","-0.517170024204463","-2.20344413517651","3.29411078746196","-5.12761114553728","2.96852929222166","3.12318008271084","0.563651082709045","-0.789104689706253","-7.53980650212374","4.88608293885246","0.0369950708393891","1.01484984691689","-2.88622830715927","-1.49270250053391","6.59525501420546","-2.07141740128925","-9.63326393080823","0.922517065752444"
"Random_Index6_32_0292","-3.28980286567811","2.16909694843164","5.47439968035366","3.05870909620599","4.79899867260485","2.11181304971068","5.02715417830683","-13.0751224009512","-2.91930494701181","-0.279840485229958","-3.78275293473016","-1.14065682346809","-0.575174699105456","6.99736638083042","-1.35433329034713","3.12580079151649","6.40301416873518","-4.80367792174478","0.135490259327107","0.820164968524926","-5.01611205934236","6.91320284784141","-2.02866151226848","0.0707907025460602","2.21554161941946","1.2698533807895","0.292137844585898","-3.84371161194403","-0.690297743158971","-1.10754064367168","-3.78311794399461","-3.03464227123914","-3.921966158754","-3.22351598177434","3.18511148024313","1.80099268017095","-4.24398523957835","-3.11816712339573","7.04385868250709","0.0499370517702036","3.16472107743241","1.35569278289614","-1.10558472153272","-3.58901039678054","-0.102095989200057","0.977076577658138","5.14777147611308","3.23645663230839","-2.1233359505048","-0.700613372396521","3.51920102320259","-1.22799815916038","-0.685244903846172","-4.53951311540808","-3.55714099536634","-7.22108615349913","-2.28123480277942","1.20460382521414","5.00307779119458","1.06880123528182","-3.17954616694931","5.81175431993433","-2.88773254274486","3.70207719464248","1.11176639925447","3.47600473952102","1.53681561850723","-5.62722011080932","-1.09599620571057","4.50175081999534","-0.138586383697447","6.73467085687042","3.09669755027405","-0.962938849779677","-7.05606980776048","-4.55663947311285","-9.11546019359563","-4.13038399052598","-0.38138766616782","-5.55701274134596","2.43179029390013","0.14737882287768","-3.14265929431047","0.710281318449239","3.70935492311418","-6.74556265534047","-9.30825582980822","-0.707273963947048","3.50482178830288","-5.65919567074975","-1.31341843885061","5.27616019258284","-5.05525575485887","-2.55756812374115","1.3636778420975","-8.3558233115195","1.59450943928993","-0.390017615384607","-2.30342207313069","3.5340320608193","-5.02190649907881","3.01449414927516","2.86624702617711","0.891143753454941","-0.672837714448895","-7.70814282506746","4.65715518508322","0.181024441244622","0.695248058291825","-2.56539380277847","-1.7404863289823","6.25478113126527","-2.07865091534316","-9.68850740978252","0.763162475550063"
"Random_Index6_32_0293","-3.08012262637274","2.3184859320544","5.69294007530773","3.27412523307627","4.74397525768438","2.04608092393887","5.15730850379283","-12.9349605273332","-2.80869877824015","-0.515566478452188","-3.88905208243227","-1.33250189541209","-0.731726591827457","6.94817666181303","-1.61324302930463","3.0330609200793","6.31356543399896","-4.5277814146284","0.0635207441396925","0.906364710237896","-4.34253982591378","6.87390979501948","-2.18714312483465","-0.0662924781712094","2.43069989147919","0.969331497920676","0.222793314784658","-3.99935821186721","-0.666038657348502","-1.15816418388575","-3.88348299439564","-3.20636189831142","-4.19299934008839","-2.90907683721002","3.03703263152418","1.668521793968","-4.18551329076962","-3.0123764323577","7.05628833254885","-0.0365984900002986","3.50533407981413","1.30873634622722","-1.39273003595482","-3.58841432997125","0.245377112283154","0.986269278547783","5.17523832660366","3.35646690354203","-1.83335848620448","-0.505720730704101","3.5863321451526","-1.46510370015142","-0.806690009804216","-4.62360134157941","-3.72879996070205","-7.06800908907783","-2.03129790969458","0.992287149064423","5.29697333623477","1.14468676493478","-3.1352512924518","5.9568857492611","-2.86191257713667","3.81331670714568","0.936353963653821","3.33821863138049","1.51281378279639","-5.94631940467056","-1.22354003350743","4.34464122297584","-0.197799151891907","6.59717678766993","3.40075902350503","-1.07377060225291","-6.65455127654045","-4.54463542123604","-8.8192679154016","-3.87660612209864","-0.527028162987753","-5.06841487840269","2.63338764864302","-0.0373532412308866","-3.08585579931895","0.925661875173774","3.74092526613661","-6.68295300212979","-9.28911649102882","-1.09490829123315","3.54689783355135","-5.64563318954314","-1.0840755834618","5.12783353785649","-4.89393896552895","-2.25277985443734","1.33493011012654","-8.47989307520094","1.60987299542636","-0.457218004874845","-2.50514521823427","3.36783035645804","-5.04202354166365","2.98264958321194","2.96565210392209","0.75478750633148","-0.852190731887942","-7.61307617515119","4.80042945926765","0.145985639928519","1.0084030094117","-2.91228288993303","-1.44586451348041","6.44738437588952","-1.99096217681085","-9.55556551272536","0.767496427396422"
"Random_Index6_32_0294","-3.43994808943819","2.18682504716444","5.61860944984421","3.21182229733625","4.86822064154531","2.0944244730891","5.47149114228168","-12.9991986143647","-2.54552585093178","-0.477383920014855","-3.98504498216297","-1.46393683177002","-0.730667342528288","6.68827241454114","-1.71122297441379","2.79742122155017","6.40015314152464","-4.83268959592373","0.0679859263528821","0.693111843155739","-4.4847748167472","6.6960314112886","-2.42715395940423","-0.122949695650121","2.58487979159431","0.93344367736994","0.108116095561829","-4.02461699574789","-0.682828669350566","-1.25273051888342","-3.7403272992942","-3.36460052903139","-4.30877240929455","-2.88011306754168","3.12281315431826","1.48698523217478","-3.91597618029788","-2.8409421399612","6.82198540282888","-0.0815860163829586","3.46084231419037","1.00459798959216","-1.4873052731682","-3.70840411405335","0.296048172102255","1.23413408803803","4.91878276635272","3.57851513761189","-1.93097251878207","-0.384530890706239","3.51770493036331","-1.53843600798901","-0.994995524066113","-4.70950748848754","-3.66471220047087","-7.00112925887172","-2.23250905957435","1.24014035983261","5.19354444742822","1.27010729766979","-3.1820923885127","6.13167204090288","-2.68905724335702","3.7528666408676","0.741414538783326","3.55937827317548","1.46809744823649","-5.77623685781078","-1.08723828083238","4.29383505175651","-0.230044235591394","6.5010854900632","3.40488348017225","-0.984693836276007","-6.62115092223512","-4.65366141479818","-9.00004179101051","-4.07989087530662","-0.350140988242329","-5.13795182427219","2.58168953280806","-0.0506098212641839","-2.93716176142962","0.818793394158488","3.64261314703075","-6.53397874559564","-9.22260585803751","-0.947848925766558","3.65297609236742","-5.65214665414123","-0.917362083535631","5.21856768901121","-4.68278402147043","-2.11151248070115","1.22737198243541","-8.36048990729608","1.63102429654411","-0.447144090860373","-2.25466277499624","3.27629007582415","-4.99197513964009","2.91345022339991","2.89853226903714","0.63760705612116","-0.793324086888581","-7.61912202286262","4.91628769620898","0.0551255812496911","0.875143621925879","-3.12796336145575","-1.49773925300993","6.5822410868835","-2.00312076166365","-9.72049186327198","0.750100854674634"
"Random_Index6_32_0295","-3.10000745294823","2.47570617989408","5.76785938782264","3.3310167693729","5.03498245340251","1.8999272244394","5.17104118100594","-12.811531693097","-2.99670526639001","-0.320556288683899","-3.79368299711878","-1.26327182803304","-0.703590166982651","7.10832717347001","-1.46295999785818","3.09890576307477","6.32234110723305","-4.79440835689982","0.285491913799734","1.00667236889004","-4.37677447295891","6.95240628933683","-2.09979604430318","0.185285962380145","2.43370700564759","1.16999286189395","0.409721446544419","-3.89663663910142","-0.345495695912231","-1.1558993995764","-4.0019066908139","-3.06987577249237","-4.05687899643575","-2.9037731049422","3.03139871833466","1.67547637667781","-4.22068250987467","-3.10123364790407","7.09568279072471","-0.0353199081248129","3.49636242083966","1.27717517986013","-1.35093988067489","-3.69670329931214","0.246931100552007","1.01793945748339","5.26515074401665","3.34702774385932","-1.98876772557298","-0.584058740571827","3.78953638896494","-1.41411930741142","-0.764616242264623","-4.59089998856496","-3.40727483082406","-7.24097117817329","-2.20097341228181","1.05158789911004","5.33579747322916","1.29262360037368","-3.41376979992436","6.07063857159945","-3.05648568665432","3.97508586657472","0.94991258330214","3.27893748563571","1.65319704175068","-5.81147334523026","-1.1770098008116","4.59513189156978","0.052299346325228","6.72594057877838","3.36898584297706","-1.21054015290385","-6.86929229347015","-4.4216568355401","-9.02300349978229","-4.03666254734068","-0.552351272963745","-5.11350841878854","2.51446114327939","0.0122579356468091","-3.21887011520167","0.900107020152904","3.86353207214016","-6.8066622626255","-9.07266420473962","-0.900294512907268","3.65766059968023","-5.52253880686419","-1.170121959771","5.49611993379779","-4.81100227531144","-2.18615837477597","1.53241776404096","-8.37142403424841","1.88179465620973","-0.461415561445181","-2.1672884702696","3.43038196203563","-5.27294435963239","2.93327666305039","2.98542262863957","0.600146489754148","-0.80581524087585","-7.64171465283673","4.85369441949065","0.128699244691808","1.19238695738466","-2.79505611694876","-1.43796482956413","6.34995238662656","-2.03132526707269","-9.88552485164482","0.636701253511433"
"Random_Index6_32_0296","-3.0432921246213","2.08013928892086","5.50179953965953","3.16492652327498","4.77749490176432","2.08143495499482","5.00643760377655","-12.777070626712","-2.65788174522091","-0.240819098501468","-3.75470777912173","-1.10640632054579","-0.753938107699586","6.72117582973413","-1.46600809337636","2.88023682133504","6.15202343879054","-4.56278119185672","0.340622696527968","0.734820168790538","-4.25441258619657","6.75159863760655","-2.18899069017111","0.0560055540689895","2.37330191256231","1.16984980635999","0.401906591711881","-3.73752013413823","-0.578858830726179","-0.940764069350197","-3.85220231796207","-3.00817700942116","-4.06490700256404","-3.03776765479009","2.83998799648368","1.77207977929473","-4.24863290274076","-3.12938916169259","6.80519780054022","0.0903564329828644","3.21767919092877","1.33869958068699","-1.25401256041825","-3.40995582640815","0.0738394187140301","0.947266740488506","4.97850067794445","3.23682610615997","-1.64294892398753","-0.641964320097425","3.45553835019999","-1.17298340830377","-0.740025575135768","-4.32323593097283","-3.48472438517968","-6.97807171608555","-2.17338951830156","0.969568305876757","5.02602660977485","1.16731374679326","-2.98333529087403","5.72521782719163","-2.91418132583006","3.57708443345871","1.03871551023161","3.18190835818346","1.68801107306424","-5.66218767468784","-1.02772512484754","4.25884262611703","-0.212073120757938","6.4604689284071","3.10122493215346","-1.02303022762692","-6.82504013680736","-4.36814354817486","-8.92637227758584","-3.95374791324757","-0.261208557341656","-5.04257388872861","2.29303157479845","-0.00150509925236424","-3.34347177502261","0.791674178536624","3.6279945551114","-6.5613631930127","-8.99349987893984","-0.696185661150689","3.49173567907123","-5.61649049560355","-1.18229615211699","5.24597452136155","-5.14982848621835","-2.20227127853841","1.36433967857557","-8.14789551783999","1.60659158756747","-0.293595803851314","-2.36907589683861","3.26715291045842","-4.90741524695509","2.70473153728146","2.81415282273505","0.754762940825365","-0.591865977768335","-7.38513025133781","4.5893928402499","0.0334884023260845","0.741279203344305","-2.66926827996504","-1.64096722429195","6.20005608069136","-1.79601108366099","-9.39815816089458","0.703320794608087"
"Random_Index6_32_0297","-3.11673637813835","2.22235124665938","5.64092087403037","3.18843388443715","4.87623542922543","2.0650859463416","5.25819839827156","-13.0367650212577","-2.67621749888126","-0.282453793184912","-3.76096331238923","-1.15559354249198","-0.600041545055539","6.90878844653443","-1.46134461309128","2.92493737134611","6.32191038284261","-4.74719496354214","0.195012768137697","0.750720464078138","-4.28607164118048","6.88731335841846","-2.24255839144601","0.0280262173274249","2.36852691341085","1.23286481420716","0.349419342117396","-3.81412788738732","-0.67010092572058","-1.01571682168426","-3.80673997175771","-3.08149902304679","-4.11571339400844","-2.94611944495333","3.23664854571803","1.6788275865282","-4.01954354622988","-3.08366806903907","6.96137245984426","0.0635044352548811","3.42168598911567","1.30502595601785","-1.32431531774958","-3.56910317707083","0.136955985619845","1.01873346434146","5.17389746189535","3.49447973675674","-1.79768058508861","-0.562677907787467","3.58125878595309","-1.34741117054645","-0.785638127344246","-4.6868649849131","-3.53421156076903","-7.1182475663388","-2.24421605751876","1.2117271299708","5.28544964637727","1.4304922735691","-3.12304347115143","5.94792384115035","-2.88682142592107","3.82515289802682","1.07286721031376","3.56531146616688","1.64839135775402","-5.70016222320068","-1.10929496796441","4.44853441915292","-0.104698611321091","6.6676173828478","3.33459853549948","-1.13189758362371","-6.80995956180485","-4.37021219629829","-9.15722812793621","-3.86272371816219","-0.402201921127876","-5.14263467128509","2.50426072707277","0.0883719407534424","-3.17448637167208","0.693530289604284","3.78508202277971","-6.69071350006896","-9.15841836452533","-0.843813930096934","3.6722421553367","-5.60295895695433","-1.08228904861415","5.28597046957368","-4.83907820964758","-2.33851586956593","1.35575010040117","-8.43367244224241","1.65092875365117","-0.310381613873044","-2.28590651038729","3.53896118171213","-5.0680117606481","3.03131553655362","2.90244222778122","0.692261535569448","-0.710653035838871","-7.64873322177968","4.88258491152296","0.151916791526537","0.980740745023075","-2.92054738012648","-1.69444200740447","6.47414052209203","-1.8302469107828","-9.93288442783861","0.786875587962081"
"Random_Index6_32_0298","-3.08741544446919","2.32995022989177","5.64295506879334","3.24494663328659","4.90395135226494","2.05879290138144","5.24389951766627","-12.9282249162794","-2.68021673503107","-0.345354558936885","-3.75295019577158","-1.16420822559726","-0.577611092160869","6.76568374418888","-1.45351581942194","3.00721070922018","6.15304050557048","-4.66364622650901","0.152238685798293","0.866910340148183","-4.30549690666523","6.7804585523813","-2.15467690973394","0.0480220378977103","2.43727092056152","1.0353664791521","0.356943693394495","-3.75452104678741","-0.591808735913473","-1.03399453290857","-3.79443641471788","-3.22168092028883","-4.12991807782996","-2.939055162859","3.03846546596882","1.66146429022813","-4.03991887689364","-3.10391557760495","6.87439334797112","0.113146621019087","3.41025484277231","1.25769773055448","-1.29475348589761","-3.43597570329402","0.290278326305148","0.965522263513966","5.17300993957297","3.35049396724176","-1.84080815994555","-0.514886180859524","3.57750210612108","-1.23042805307415","-0.766932324707403","-4.58637179830092","-3.63555018616202","-6.94974218039931","-2.17028099919902","1.08485867369329","5.21269723119119","1.03524255655247","-3.10895707143278","5.88003351947972","-2.71244990882979","3.75900100603753","1.0187637809182","3.1723036749793","1.44887859157852","-5.66868813591124","-1.11143373260043","4.43407382843611","-0.127765203662313","6.50379270469691","3.47750620831471","-1.01855671659427","-6.58184868699952","-4.44010253402741","-8.79104115875463","-3.8814402544448","-0.413556328659159","-4.99409481244502","2.47971191137692","0.0735985126242825","-3.0203400840377","0.896473548623492","3.62475469662592","-6.50550531588894","-9.23244450507245","-0.763986306123906","3.59275441781577","-5.77655187271411","-1.01735484813979","5.23047008581262","-4.84705308210484","-2.13908820471587","1.41564751681092","-8.460749710123","1.70028798440724","-0.3261141147868","-2.36026606564263","3.33469054521799","-4.94206595462692","2.68262136526746","2.9227270701408","0.787881061039098","-0.70210227928569","-7.43764599927768","4.70527032422175","0.163775418615863","0.840962332318735","-2.79426633159695","-1.46226857867632","6.21049600599968","-1.68716654925151","-9.43785811801529","0.705368265561965"
"Random_Index6_32_0299","-2.87616289205294","2.00280684582148","5.44996548787587","3.02620054527425","4.89625955369165","1.89347753291527","4.98392963446816","-12.8238273308181","-2.95979706673472","-0.201664508841955","-3.67960580411102","-1.06849116656287","-0.594764791529301","6.8017083590619","-1.29936578670349","3.25891456220132","6.15273366421544","-4.74915700296332","0.319335585089558","1.00110529163965","-4.25245377594119","6.69192570863699","-2.04197675387182","0.10912766781728","2.3603060457298","1.22313400077507","0.55197978739431","-3.71700459873042","-0.495719192162887","-0.865888722436276","-3.90614145852745","-3.0631185684534","-4.02638802222376","-3.05903928639866","2.87937055595563","1.8672797716924","-4.34894761593571","-3.18901595733847","6.84962359625774","-0.102224892629023","3.19255320863101","1.35821627138479","-1.15103746203215","-3.59678540528999","0.153733926243592","0.958718910674121","5.0500430839276","3.10015485124504","-2.042565083349","-0.610826532302887","3.524612717841","-1.1437078824569","-0.575291339342727","-4.30861113033331","-3.41208727199083","-7.18474336105904","-1.96499970073106","0.952260946949119","4.92992734521799","1.11864087721441","-3.28402376291571","5.77364527919197","-2.97285137823586","3.60021437005227","1.1175665784356","3.19301034748828","1.65655612012575","-5.73892311389382","-0.916858745065031","4.35315043080652","-0.102237667019617","6.4361335492328","3.0978118214067","-1.15308631788668","-6.80410041480993","-4.54080851687317","-8.9898429735317","-4.00753779211171","-0.483247608675571","-5.1901801694878","2.29843997840774","0.0457512906116909","-3.30665459300839","0.786338122885994","3.58015172219865","-6.67840842130131","-8.96010088230198","-0.595316640288166","3.39791982331659","-5.78470086889369","-1.18028776388847","5.39756625257315","-4.95082482985103","-2.17983148251698","1.51697053315916","-8.46671737006875","1.88255650221498","-0.413957808531212","-2.19711709080665","3.31348097281645","-5.07987540495088","2.80096770877942","2.7052267950644","0.661815088890262","-0.745347575051337","-7.35400127455","4.52123984526888","0.19961220385685","0.862067645187366","-2.704993366027","-1.64766095428649","6.08526143931178","-2.06312970408706","-9.53898651779631","0.665833907667386"
"Random_Index6_32_0300","-3.19974118742786","1.95275600809737","5.41803554009264","3.14256248912341","4.7625161391279","2.06602107786134","5.13736633444191","-12.9317155166644","-2.89147270057932","-0.220089436472042","-3.79454289823474","-1.26135815634817","-0.520469561407597","6.75821243248339","-1.479274136138","3.02417892219905","6.14892462565619","-4.67132793966895","0.121956584357498","0.795233854582522","-4.30909511506814","6.76485843843714","-2.14667936058669","0.0889132182788045","2.44039471104523","1.13103585772839","0.309652705967519","-3.75656431187167","-0.513154160609845","-0.991851485837437","-3.84938275003518","-3.19024541350896","-4.29338174091883","-3.09646150015284","3.00750507895223","1.66295270443547","-4.20807365632539","-3.14223514487357","6.95089653244293","0.0336385128768746","3.27749111077322","1.30224054985847","-1.3337149075855","-3.53673857656102","0.231031321455153","1.08193524066232","4.97649535972042","3.29159304611821","-1.96476247484744","-0.506780645158006","3.44369193926414","-1.36697338144101","-0.778197462985058","-4.46033031345739","-3.66298143929747","-7.00928625181925","-2.15864205629026","1.02456879922298","5.01170324693372","1.21986091996464","-3.1378891378762","5.8667321206074","-2.85947412187878","3.68857263867793","1.09660922282303","3.22957356809042","1.53379654246682","-5.71670904768213","-1.13189774443487","4.24317267658519","-0.263401561744653","6.5861748746979","3.10966578999553","-0.977007241820871","-6.9050684962526","-4.41826209642414","-8.91139065099532","-3.9653969773646","-0.309956635888752","-5.19769568183062","2.42259543814129","0.183495587190643","-2.99682155619611","0.764719456380997","3.6689452862643","-6.52197060956569","-9.16695462808714","-0.785201347554613","3.56265645535849","-5.59750803590251","-1.03862567438483","5.28193819071229","-5.04723757009728","-2.22767936856881","1.32319708209863","-8.37203961342523","1.58030236988265","-0.414109448321036","-2.26056373320403","3.28735592953126","-5.02529305783186","2.80881358566486","2.83754368895509","0.793080296690087","-0.757621266814422","-7.50988312410314","4.66420680056988","0.299566916047027","0.873784841070826","-2.91378563046184","-1.62332210243989","6.16493447137998","-1.93440856400292","-9.5263518088662","0.834428540262361"
"Random_Index6_32_0301","-2.94170090521859","2.04644501560743","5.59353499862506","3.06949691631341","4.94596210641309","1.99882519390773","5.26564610592535","-12.8346705425092","-2.7449251066881","-0.210136730946004","-3.68258046675053","-1.03609209701544","-0.416292581799579","6.87252667519598","-1.39711175186246","3.0925332328161","6.39939882985017","-4.71139894129387","0.155101784626743","0.852809379613788","-4.14458649496177","6.89197041827313","-1.99222262688934","0.263111636029253","2.03402550707527","1.22059703664761","0.497121512128579","-3.77769447734593","-0.668890137741046","-1.04249248036874","-3.85765772304168","-2.99455138832501","-3.94221574413054","-2.91729445138791","2.97298093437499","1.65682325096375","-4.3173093283843","-3.21587541390278","6.95316884676052","-0.0724402585091317","3.19070206166228","1.50166924269188","-1.2868713046873","-3.36048089778741","-0.136612584826945","1.08700936831432","5.20319802216827","3.08896041440378","-1.83374465640725","-0.565335027943946","3.47585226520982","-1.19398034138796","-0.666848099893198","-4.56680344923047","-3.42065634068081","-6.84600442555604","-2.1723062590673","1.10510360486808","5.08136332746945","1.30506218987769","-3.1985068096833","5.69938722910768","-3.10872771636447","3.54667855525652","1.21408053627019","3.1856954785663","1.59236182812989","-5.65542313071409","-1.07719174789529","4.30274029870281","-0.398829146513962","6.55092000563309","3.03494569804576","-1.1297159963248","-7.13349168757413","-4.32822551236621","-9.26677723913323","-4.05823629202392","-0.31033030989609","-5.26230191496753","2.26748160015665","0.142340863494942","-3.29001803173646","0.717532839744714","3.65890607296191","-6.71623296761282","-9.21876351100467","-0.740365421596285","3.47341640730163","-5.38780188979461","-1.40022294945969","5.3777760846278","-5.15436199187523","-2.47122406568343","1.4136403240033","-8.5525089624357","1.69834488060439","-0.296796045844858","-2.12894477615627","3.33367100427093","-5.07136900332018","2.66417742675918","2.76585510192939","0.743836909936601","-0.477145763139577","-7.29283734616787","4.5966634180942","0.24033985510049","0.590163903829445","-2.61156310592029","-1.78347224791432","6.08901442723154","-1.81998846578568","-9.65927782911596","0.756162735393118"
"Random_Index6_32_0302","-3.07064019363624","2.12473563946798","5.48414475392986","3.04295622716498","4.89478869970411","2.01463290766176","5.04068427004122","-13.0037240442179","-2.75892133400627","-0.158935749715932","-3.46304513064615","-0.948679111726774","-0.271055184856404","6.95573084881353","-1.20426119137294","3.03727690611242","6.46035292004314","-4.74449744939395","0.565911241078595","0.734982707700328","-4.35672432185391","6.92097910567862","-1.91123157262245","0.066930688222026","2.18753001290557","1.20108669045111","0.3398813929639","-3.60492014470523","-0.658855393554105","-0.682411076335312","-3.72716461035769","-2.87311892787847","-3.90635892345288","-3.03482294231993","3.07780701611402","1.47942972905203","-4.33878098582432","-3.34147351837029","6.82300193623343","-0.0693118211940171","3.12380736874313","1.52129085775107","-1.08822618212248","-3.54523467175039","-0.0153294683542803","0.737702082550907","5.1131801198529","3.27397412447003","-2.01570467361294","-0.656113908497622","3.49584381349178","-1.04695740968566","-0.475175934141696","-4.55032854538393","-3.42200402501881","-7.18523500357717","-2.30762336654468","1.12968555921674","5.01126221649185","0.974806628402701","-3.25952966365708","5.71374120431833","-2.75813479920165","3.68473139566064","0.990139559627661","3.54343875073722","1.72124085564068","-5.77069424542514","-1.01972336410755","4.48707113164829","-0.2782679939356","6.70539249176161","3.26621213622062","-1.05188296684289","-7.19151811421994","-4.62356747547098","-9.40834127738589","-3.98349449499617","-0.380569393739649","-5.50644809460692","2.37916287892016","0.159817769662245","-3.05540396396615","0.572060114826017","3.54536061486436","-6.68780308349237","-9.03071736552715","-0.561990302291715","3.39325000302523","-5.81976741938166","-1.30434088012639","5.31330328341647","-5.07735548582492","-2.50064013963882","1.25306651026092","-8.58480356401497","1.6380262556648","-0.235902402548793","-2.29197000612742","3.45037871266627","-5.0329431590413","2.84021650835556","2.80877379025934","0.721695281848528","-0.807876192376543","-7.53059813546336","4.68559572266504","0.362048710599032","0.825510770578324","-2.5691540482464","-1.83740973772716","6.22631562215805","-1.86916853750777","-9.78055746019867","0.670627870459886"
"Random_Index6_32_0303","-3.18365092358151","2.24858741396859","5.63436969915216","3.24197048987329","4.98118010481519","1.83846295663914","5.05340942363865","-12.8033028232644","-2.85998846920779","-0.536067089462891","-3.82375693697711","-1.31256357428688","-0.699853079791978","6.88486760540497","-1.5431082723087","3.10737877045925","6.28014305723107","-4.70781884380387","0.128444379465071","0.876144077094485","-4.37174029935297","6.89517107129484","-2.19747323716403","0.0574631344366431","2.38750182362192","1.04082144949672","0.459801180067857","-3.9317376573112","-0.451434265972185","-1.11681934239629","-3.94537074800466","-3.1650374970448","-4.07905048227326","-3.02892495897084","3.03317651157751","1.58711386508298","-4.27392888625041","-3.02225500643973","6.95597028004176","-0.115835432767577","3.35728390778823","1.14805343686789","-1.16179174636072","-3.73336037097954","0.200358913916251","1.01172866009915","5.14472197421643","3.49215477540711","-1.98705803119519","-0.522046823972911","3.61533240564725","-1.44578378268566","-0.840701762727794","-4.55865423260438","-3.53346494434709","-7.12385052692021","-2.02962245874608","1.04237090074111","5.07767658389522","1.14339692311142","-3.34363634764309","5.83971451995007","-2.9276034937643","3.75745031839747","0.917274907217649","3.28062269432183","1.49017970443863","-5.71559914351699","-1.13578575078527","4.41860691505466","-0.0689849956806551","6.58533361136398","3.35511724068067","-1.0080192740446","-6.79683095354082","-4.56311796192492","-8.76761234992803","-3.9044610487286","-0.578182838889579","-5.12531919380522","2.5400232153363","-0.0193793998689199","-3.18439010522312","1.03014264029181","3.72267458991725","-6.78322056348264","-9.08849489062608","-0.867763487627994","3.57177482187524","-5.63454912057847","-0.985811995868167","5.35407984586466","-4.8988388723726","-2.15228948204278","1.5386707877315","-8.21891224608983","1.80988876963415","-0.605780470350405","-2.12322922768652","3.39146046321379","-5.15611395819303","2.88521986764871","2.95579557982876","0.570317499758183","-0.76491364885167","-7.50611010706709","4.74015079795829","-0.0269469726344162","0.892587669941116","-2.73696668554747","-1.54323541947571","6.33549430364187","-2.14156375490813","-9.64062146639392","0.666669831478556"
"Random_Index6_32_0304","-3.17615721995678","2.01448914252419","5.42758426751607","3.07434162137307","4.64737112284445","2.0487941850937","5.15199637511492","-12.7254187709272","-2.74303575300571","-0.279098036199872","-3.6663956850091","-1.13511334360252","-0.478278549143196","6.70742332708547","-1.35106744845813","3.08567825426814","6.14641143198691","-4.62766932254963","0.301590475913304","0.952332993188057","-4.22729891795215","6.69594677277429","-1.99643721938931","0.013896991530789","2.27931765045417","1.21214602008773","0.456029070834751","-3.7146707536216","-0.58384522740575","-1.00239984493347","-3.92424489009387","-3.06181407464259","-3.91575549639245","-2.9740254825601","3.04465838095748","1.84095693064238","-4.27496653929348","-3.23142635693567","6.81574727756948","0.0294420822629102","3.18775814516078","1.35017683922951","-1.22678153169834","-3.51971358341269","-0.0276207502163013","0.959774705464089","4.93444785092708","3.16747025819231","-1.77653566837147","-0.71328527843111","3.37375979497841","-1.35048123975037","-0.731180204066803","-4.23067735670155","-3.37486633521802","-6.94353998239932","-2.08226765175361","1.06753808024749","4.93356634432233","1.11444825675271","-2.9490475050241","5.61697565051217","-2.82105940159318","3.42724144501471","1.1798197220752","3.30011392326445","1.74349036728024","-5.91530436761711","-1.21437910266593","4.2534162243044","-0.0713348614485167","6.44055121267734","3.09335539301228","-0.959830860198031","-6.75504553217023","-4.34967917251759","-8.85189493319926","-4.07025077033837","-0.432324725058444","-5.08336941042468","2.3467169037249","0.0608172047282249","-3.05412082076873","0.836760051381176","3.51391800881377","-6.65727417327136","-8.95426739282514","-0.610867410161953","3.33872993644447","-5.47928410281012","-1.17248460385298","5.35792330915453","-4.98902496146519","-2.01277546397255","1.43496533794055","-8.26088269923363","1.5083508088617","-0.4047367842615","-2.26837402857034","3.39005251660184","-4.8490984982437","2.9202257918381","2.82650619665977","0.826633292448991","-0.752391283901893","-7.54012684769915","4.47727896005923","0.318699633216454","0.745149840430045","-2.58416271202986","-1.66184577741366","6.02639841693694","-2.07160711532863","-9.53111756734132","0.773019239388838"
"Random_Index6_32_0305","-3.14840015820263","1.95440152247947","5.42936040660199","2.94285139270394","4.68304351908922","2.3937471560217","5.38990077785411","-13.2672297916811","-2.4049633674299","-0.1502593023044","-3.58573868552922","-1.14022861380828","-0.443994620480159","6.76733888083662","-1.3947911498121","2.88731961303599","6.35342097536914","-4.64118918959803","0.370504365615559","0.570470921450042","-4.99148020531559","6.66068478979614","-1.92332434476716","-0.232368680783981","2.44365457590516","1.6025242078823","0.225290982376564","-3.73274257839711","-0.487503268194954","-1.01120252764212","-3.76953401748838","-2.95421219047978","-4.19936709036665","-3.28191255079974","3.10394590660139","1.97121924831731","-3.98462787755577","-2.83989507849858","6.94437820773988","0.229905105986417","3.21518024388629","1.54707019274583","-1.41039089569875","-3.44836212569158","0.047956793422273","1.12848175803019","4.94444462624207","3.16781863508669","-1.88184277266258","-0.726646360825042","3.23014693768466","-1.24245823168575","-0.540224461466237","-4.54323882260162","-3.58478863306914","-7.2190193009939","-2.41185925141745","1.1260933632137","5.02688488476352","1.20369684680402","-3.13693274958978","5.93038952196364","-2.7559091657213","3.56314371750196","1.06811341649577","3.40447248880025","1.51913441907898","-5.70389283152252","-1.13115028139671","4.14043346002594","-0.165490531093486","6.55980859800467","3.10335365533172","-1.01181854358555","-6.77070555852192","-4.46285397683265","-9.33271907442768","-4.07368152186586","-0.146092985416067","-5.27464407611487","2.44038283671552","0.369902623600885","-2.83105018688286","0.534529759672906","3.53937693910276","-6.46350747872094","-9.24530617320205","-0.671625423042491","3.50109765417069","-5.53787188409004","-1.25558703300915","5.24147532364695","-5.29113849485199","-2.62907912512699","1.00781677887464","-8.32835157629702","1.43059988374011","-0.234843650721434","-2.50255395704039","3.35549888355855","-4.93813249295139","2.80625492684387","2.77047477666619","0.964989115007546","-0.477035719152893","-7.56169282566831","4.65569941338812","0.477343358620129","0.834935224181888","-2.52284247791584","-1.99417934013938","6.22386355924405","-1.95057036938692","-9.64879917441724","1.02223093758079"
"Random_Index6_32_0306","-3.12724010331688","2.25248246124121","5.67666949362156","3.18041541814386","4.91295136152572","1.88179141482993","5.15963359259573","-12.7478119924679","-2.9040096643249","-0.519070175307129","-3.89883037440844","-1.26274504668389","-0.687860642929572","7.21111149583412","-1.64332408999921","3.22592961152694","6.33071817358838","-4.59644745022258","0.0690324958711094","1.08606031972404","-4.25074180917602","6.93494275462488","-2.2408082547693","0.278136459943513","2.21645649280809","1.11280291034823","0.573728749569165","-3.97595262135311","-0.476187281519505","-1.07931052279187","-4.07783716031981","-3.27645362333627","-4.0058470000647","-2.75129759141812","2.99951935409895","1.56833204793521","-4.26649938458794","-3.26490863277675","7.04037705849584","-0.0120245125412805","3.50499780561956","1.239373637909","-1.29951249305182","-3.75832605419188","0.199240340495167","0.918736886859876","5.29350901582298","3.26949824613373","-2.07239288206503","-0.62369170525602","3.65924287851953","-1.40667134410829","-0.76314848592662","-4.64937914113434","-3.61214385973997","-7.21029475291723","-2.08439575793685","0.995700143476561","5.21964395775172","1.24503224992084","-3.39925060558463","5.9078442160578","-2.94388248879567","3.86589852645787","1.03910453430088","3.34436738290774","1.66231280877364","-5.79527381153377","-1.26678961959251","4.64927281999382","-0.0502465752131269","6.6878521119981","3.2755558941328","-1.00665764461424","-7.05179076957242","-4.5190160449108","-8.95880006337396","-3.9241353089917","-0.587506445561143","-5.2399469313467","2.46839794552129","0.1059519006425","-3.12288413299413","0.810921075208588","3.84074636074092","-6.77863345849888","-9.07455809824054","-0.922460306780583","3.52164006556503","-5.57585919241921","-1.18284372688173","5.53593120724238","-4.93609741937327","-2.18771774106051","1.46129663442672","-8.37049432247999","1.83779432892463","-0.6059046480661","-2.19606431900108","3.37986253011496","-5.25484629068441","2.9153800217782","2.94861154892899","0.588970611910468","-0.774119878168464","-7.35714176456929","4.65376549701076","0.0620137367892736","0.868026452865272","-2.78976649220964","-1.66292875539172","6.22912095194943","-1.95332226203179","-9.59928437688341","0.663712420231852"
"Random_Index6_32_0307","-3.15956184172781","2.16169106538589","5.52409834863577","3.08767222837944","5.00120300748378","2.01897674955678","5.08990266672396","-12.7092837037829","-2.93129511548544","-0.204179976605616","-3.67337482004271","-1.1116527294218","-0.453602608362756","6.95242849669635","-1.36728851559344","3.17501453088994","6.00078216009302","-4.73095965781136","0.269037320943731","1.11081695552863","-4.42382219873974","6.78231214526455","-2.09182496155438","0.311697958872814","2.27154665713902","1.23156769333957","0.523254462124474","-3.71987272542085","-0.549020393426001","-1.0195042623256","-3.99050177792674","-3.07567755045597","-3.99102055028688","-2.95186848539606","3.05696858961694","1.81734613444619","-4.18456694135764","-3.29316038731056","6.79237210656278","0.105437299463486","3.32532948862562","1.42156679495523","-1.07107542935163","-3.66821160029341","0.206607481114004","0.964848644035566","4.99781139907434","3.1762043235818","-1.99685415296297","-0.652163162458225","3.5040113999621","-1.26125714030868","-0.735364063734806","-4.51088363412809","-3.40040689706365","-7.42464476115397","-2.1474749832789","1.1335268141497","4.97858519199422","1.046773267169","-3.35387853677184","5.71625568842802","-2.95391542779303","3.71911144536275","1.17185227503219","3.19975510998392","1.73795851533592","-5.67441675278736","-1.14137668579015","4.44806535143019","-0.154095246629487","6.4768752056991","3.09911378200975","-1.15161019958604","-7.01079360863721","-4.57117019053917","-8.92631174470507","-4.2035479477883","-0.502657813936825","-5.26670951185737","2.27275230750183","0.191841887782639","-3.08491086942748","0.838683173034403","3.50265898949867","-6.70633795649507","-9.08311778246217","-0.742297542782666","3.3430778830377","-5.71806569611185","-1.21691713722898","5.40669208424793","-4.84220076035023","-2.19063012483209","1.46834598531005","-8.37123283650053","1.96596718693957","-0.46314117517158","-2.13306681852905","3.46163998376416","-5.00675076329029","2.84267590585839","2.7289577586935","0.733974186292445","-0.756382223047439","-7.53171313471219","4.47307357474791","0.175217875602107","0.764016523389753","-2.58898301896776","-1.65004842650613","6.02658343935663","-2.13112749117243","-9.60113700556442","0.785052709115815"
"Random_Index6_32_0308","-3.06892716225677","2.09204973783621","5.29319118406232","3.06534291324437","4.59550669833466","2.06255709324154","5.0886853174282","-12.8784469905369","-2.68053478286452","-0.217302056953564","-3.64543565375854","-1.0195990060699","-0.533927412923514","6.96914601888663","-1.37398763267998","3.03925065914208","6.43270514749988","-4.62495530686668","0.262621213904119","0.884141663438073","-4.22860672635474","6.78515570966916","-1.8841690518022","0.0335471580222396","2.08005871789407","1.14639465917697","0.416845962998814","-3.77266810990213","-0.697528979635458","-1.02576742637837","-3.89291972418762","-2.95117634838609","-3.81120915466235","-2.90888060722171","3.12594589639174","1.82130517705059","-4.56518950975553","-3.06250204899436","6.98902062299456","0.269144729638697","3.03634113230338","1.49711927778303","-1.12188377581769","-3.45204368211022","-0.15083789709762","1.09444074864828","5.01480533139229","3.17181292067764","-1.71277111565439","-0.755436166472162","3.39352799432611","-1.38041896785742","-0.639183265312801","-4.40529247615235","-3.36808102376214","-7.22195390924631","-2.01558081030036","1.12522847920196","5.04206447462391","1.28983361383168","-3.32027608189446","5.71804720724047","-2.89245084677872","3.44994526811771","1.22387311237021","3.40650852455287","1.71829457161493","-5.51149657673388","-1.23952378022007","4.36990353356699","-0.0757079242801757","6.58046863763569","2.97007896281363","-0.911036461160938","-6.97267124743462","-4.37673300736272","-8.93319711418911","-4.07865274058106","-0.288521423799873","-5.32267166716074","2.27235955312794","0.255219514081727","-3.15024115549471","0.724295510292462","3.60485847334993","-6.77150968637151","-9.12863041898777","-0.548722669110528","3.44119640146092","-5.42627684225275","-1.25691764958344","5.21904612155066","-5.22201371413335","-2.53125277427569","1.16446452366005","-8.34288524188766","1.54295432834811","-0.371334986971383","-2.19088805075719","3.44905807366686","-5.09521440480454","2.8444838328898","2.75797872673318","0.908251292314699","-0.504106771261378","-7.63860817774416","4.61035773550669","0.34277501824382","0.753979021008543","-2.60445734523881","-1.76811314753916","6.04777446767229","-1.93703547455022","-9.66579945320635","0.935874760260356"
"Random_Index6_32_0309","-3.08095485973992","2.04959720863638","5.57898973413416","3.01219160678833","4.838476398462","2.13157210461105","5.19385224797099","-12.918620607432","-2.83800810923515","-0.188719620504059","-3.76501539816177","-1.26128544218882","-0.595346101300092","6.71734082564614","-1.28089562975574","3.0339384801955","6.31130839766144","-4.75628889324348","0.220906184874742","0.827430337760797","-4.2577425019124","6.67478793214042","-2.00618910368364","0.00545891340722102","2.43502046032082","1.20540545978829","0.555181561428725","-3.8688225941382","-0.538243927929262","-0.958565519772365","-3.88776872461931","-3.12956440825447","-4.01093163626973","-3.08883179589938","3.20246150239176","1.74294519675666","-4.29278561684909","-3.08390462607287","6.85960638040519","0.129288851426599","3.23039217060257","1.53142216177334","-1.30694425489056","-3.65759437365639","0.128064712468551","1.06721499741986","5.01243418089648","3.3337503714267","-1.91443783979244","-0.59146453444821","3.52503013540737","-1.44852238629985","-0.86074160207973","-4.43361689626346","-3.66043760083041","-6.91778174956501","-2.06915322461251","1.14914446131592","4.98827446157085","1.19406155460001","-3.26763084444025","5.88534995628422","-2.84157110763376","3.6242592237031","1.05162291390583","3.57610253475898","1.45450498279029","-5.74468485350244","-0.972749210793323","4.26600934694294","-0.00129714642963912","6.6730860142754","3.28476772794778","-1.20617381773799","-6.6404703581362","-4.5161085269989","-9.02426032748217","-3.88312890693337","-0.445127006162907","-5.28095803076406","2.36975868644034","0.368347375503577","-2.98371385557609","0.883466386929296","3.68614775084676","-6.70288765031277","-9.03143233900024","-0.907426121587324","3.56884296886357","-5.6750855164334","-1.13098845967162","5.30779596200708","-4.8917218722006","-2.17960174200798","1.4627317306844","-8.32629453355398","1.72361070309497","-0.420502491111799","-2.15519967957077","3.49706999302631","-5.0921222136421","2.9684279227256","2.75606622231578","0.799267018058961","-0.818105196295816","-7.56747376549809","4.66995701474341","0.345017679138477","0.724601906896818","-2.7376137629819","-1.70024385530633","6.27999372756654","-2.00238003484277","-9.81649257807589","1.03595695544224"
"Random_Index6_32_0310","-3.12346159024144","2.19526318258594","5.52603309432192","3.1152596377904","5.0155203527982","2.00028295059728","5.19581359295268","-12.7486735880101","-2.74739020255922","-0.374324826661026","-3.7873852483583","-1.05931444461077","-0.636364188637047","6.93947826243676","-1.49062401970336","3.17042971374567","6.26272092180526","-4.5900433873551","0.237810276251897","0.97442253933327","-4.11547158626412","6.86979415344904","-2.19416007863023","0.155734113164772","2.33661920228403","1.10336087172556","0.415430324830297","-3.85632376765042","-0.545409014856074","-1.00002664217609","-3.76363121154779","-3.03776674471984","-4.00311805241509","-2.6905303253773","2.93934298790536","1.7509289613601","-4.29985388001679","-3.0789699182474","6.9535898377037","-0.106284004940787","3.24725554644315","1.38144011650975","-1.22926690288677","-3.64037129198489","0.0358376876788925","0.980840840737043","5.17358985789769","3.26022765421109","-1.88644371543955","-0.697510968335563","3.62304362145271","-1.3331352109645","-0.681630243037196","-4.5675475245676","-3.3629978941717","-7.1515476672111","-2.23215393976496","0.903681197144404","5.06940542266058","1.37832204095564","-3.27013448518809","5.92474184392821","-2.99563816838594","3.68995176134187","0.959602491955959","3.26294810467382","1.60306095317338","-5.70394805174668","-1.0287618000029","4.4556096595541","-0.00290573134872439","6.63272120190048","3.11676227163728","-0.986706615751413","-7.00258560623056","-4.45584446544357","-8.88836751712304","-3.93083922286648","-0.520454250609654","-5.17712467862816","2.39969693436527","-0.00498338830978523","-3.25542973904701","0.707464228339215","3.61135037113814","-6.74210433056487","-9.1742572116004","-0.78993323844551","3.50083487981947","-5.55804878729295","-1.28325976751729","5.39155061687668","-4.83850090782596","-2.44787201584627","1.3251765863979","-8.35300973502279","1.74898948460285","-0.445975706871819","-2.38632958630825","3.14859499563927","-5.1185325310654","2.69173150899237","2.9050690629521","0.640449501384682","-0.641753550856044","-7.37685533028776","4.73877997477625","0.184933713881609","1.03709469181629","-2.66248484915291","-1.47850711381326","6.21956676257834","-1.96679680756592","-9.68412420454951","0.592927284063112"
"Random_Index6_32_0311","-3.07310608545662","2.43364786376242","5.84336606201879","3.20127600874745","5.08791920317957","1.87656552039674","5.15756179594669","-12.8516614423484","-2.93330994981906","-0.480062411859017","-3.84813832740423","-1.32991660584675","-0.868422671470156","7.10611584239197","-1.52260139293103","3.06244590552564","6.40097670378275","-4.8818609586952","0.0829426744334156","0.96601222298668","-4.1472171618296","6.9435308375938","-2.181970246913","0.157083964068976","2.50086825502252","1.1155717597279","0.532408814613064","-4.06170664899369","-0.170637072887598","-1.31219840946839","-4.13375455207736","-3.26202937150623","-4.00278236873347","-2.83415011883315","3.3063933191471","1.47883116698473","-4.20681507314815","-2.93030081070883","7.02556646707131","-0.176163532849391","3.40168826560482","1.26453129881545","-1.36698457173514","-3.77635332176249","0.338290230472573","1.0646461809573","5.29917370388377","3.35905073147725","-2.0137234878132","-0.563445152540345","3.86933617320658","-1.56714095881811","-0.858751234980135","-4.58163481666812","-3.35398423494531","-7.29747888439593","-2.08522323633475","1.25769109812213","5.37490593345378","1.40102808759641","-3.39701132897202","6.29330243059552","-3.04193648969008","3.95000652916338","0.983783649269184","3.40809397841572","1.44065965794453","-5.93288764244187","-1.1930229051037","4.69949276701456","0.0937342743904292","6.71505299296092","3.30509069213997","-1.29276005956159","-6.91909125563184","-4.55499278466861","-9.18644784712429","-3.94530027603111","-0.577162436340152","-5.13844078177816","2.53119205295663","0.0994280975074487","-3.34483899719271","0.789654848961957","3.7724698747852","-6.82176969338569","-9.06962747061906","-0.878968252182337","3.7509739668296","-5.4589628097342","-1.06869489639502","5.42102552583694","-4.77254142735666","-2.24239112437851","1.55938215255632","-8.3034666234587","1.95882574872525","-0.598528055613128","-2.11553988425009","3.68688132369298","-5.48217453292429","2.97775560197422","2.89445175014249","0.531491758701699","-0.798983684062368","-7.64761175590723","4.77310372846617","0.170458204179211","1.17711770715348","-2.86803702661517","-1.38640982823851","6.46298814041641","-1.93499717389165","-10.0772774433233","0.712973402590763"
"Random_Index6_32_0312","-2.99898124666796","2.10004418783816","5.52906324234042","3.06622956123601","4.96175726681721","1.96807382470416","5.11141452541013","-12.6774170937007","-2.86677739000075","-0.27451921809404","-3.74874576571351","-1.13585742497811","-0.62187254304793","6.96988406591755","-1.42589377289036","3.08201673251933","6.18993408495607","-4.62573879734764","0.373851440676775","0.960283352874587","-4.23071935688113","6.90423654323714","-2.12480216822545","0.370977567221276","2.43933937944247","1.05907586780511","0.41834984646283","-3.86471497317102","-0.386244961493526","-0.938454684779619","-3.8942362090806","-3.10128542194267","-3.87124182699467","-2.93275672058304","2.79381827942662","2.14780514367392","-4.210759001252","-3.27457513824451","6.89562070603771","0.00831976529645038","3.32337971752127","1.3622451324014","-1.23316354368828","-3.56654432356952","0.22728870832603","0.845034829090772","5.11363234215804","3.21829375384015","-1.90958313964298","-0.559217814570456","3.71538085112131","-1.12844159725099","-0.707831032433929","-4.33749936882751","-3.37668697488776","-7.14626821008347","-1.59893219425183","0.849733299763731","5.01137236690752","1.18010792008395","-3.18112430007719","5.80802339747761","-2.90001642149491","3.78155171529664","1.06877107670605","3.17942752406129","1.74707122301609","-5.59746951588541","-0.910526046576017","4.41701470625147","0.107181449966067","6.53694928499863","3.13075861936825","-1.12766051052297","-6.69784528517072","-4.46469251766917","-8.87439957692383","-3.96018325859722","-0.608154586987426","-5.17570727231527","2.46099950611006","0.0865372199796236","-3.11486780867865","0.842421319355556","3.67727302725494","-6.76351130582486","-9.04010374613027","-0.719492896997011","3.53131136226814","-5.93775112597576","-1.09795150724494","5.37189268814239","-4.86087233304403","-2.3872256187148","1.46434847915555","-8.35630960122904","1.90280356126711","-0.613876866903974","-1.99253794057466","3.21171014524489","-5.19469020393022","2.71999679047559","2.86927477911777","0.596848337333284","-0.894110812742814","-7.56056024968603","4.74378815937876","0.11315631389985","0.8116107399295","-2.57805454755429","-1.51105142342964","6.24559224381824","-2.0113727424474","-9.45241596788116","0.74447638064101"
"Random_Index6_32_0313","-3.03729446047371","2.07054598161244","5.53523275559858","3.04964815206508","4.81179040345023","1.94526329290282","4.92768261804439","-12.6978180288491","-2.9446854572682","-0.269711304422579","-3.68969164385587","-1.2247626229454","-0.719784012728226","7.01543770221576","-1.37196633647143","3.1859034422951","6.20312895553974","-4.59035619961147","0.226831651598959","1.07687036126633","-4.30402293669647","6.77072169470261","-2.01927649093747","0.128272171089582","2.3714568202089","1.11229367053581","0.502145740856447","-3.68803746917884","-0.476312444697436","-1.08328296299007","-3.95826543080538","-3.16596370014905","-4.12563751864143","-2.99184273895606","3.04520168395463","1.74170099709266","-4.27786947119811","-3.24758197260859","6.89576742156187","0.101299789414907","3.21418698652488","1.34341689310842","-1.18827860304702","-3.60097513523971","0.0299284516424394","0.949818078020038","5.08103739075677","3.14225060729742","-1.97452349132147","-0.655355850096279","3.5006404419337","-1.31821783984391","-0.854672376946937","-4.46180485514157","-3.50875622380019","-7.12162986813544","-2.20535509402171","1.09951926641578","4.98199761504346","1.03575910143704","-3.21677316548928","5.73040080798224","-2.91421261750906","3.64371367629799","1.10096319141558","3.30062506893755","1.509542375158","-5.82365235555579","-1.02833539079926","4.4318785000898","-0.165369869117015","6.48753273598657","3.12018116610828","-1.06586684220443","-6.96717086812931","-4.50416944304607","-8.80669823339344","-4.03740080894485","-0.494183177373919","-5.14586288804198","2.37315424449174","0.191847559376918","-3.09101859940676","0.88876647550319","3.68728589949752","-6.83472943529328","-9.07077467731762","-0.80674134046254","3.42220685070781","-5.45920461416266","-1.1857280822125","5.42891878256672","-4.84729547246643","-2.16302187952764","1.43515430289118","-8.2485057821164","1.74032240175945","-0.492103334447472","-2.20214223181989","3.40520646879278","-5.17282653276728","3.04501038481772","2.80284080456614","0.650935005589966","-0.58004115635788","-7.42971407229486","4.56603359916171","0.253973292377954","0.696448007832371","-2.65985539140106","-1.55459603965868","6.10704336206612","-2.15067540057949","-9.50244493771067","0.764149564324547"
"Random_Index6_32_0314","-3.13813683788879","2.27688099289382","5.65652862141533","3.14122043804036","5.01672659063769","1.92299743440388","5.16648997840131","-12.7473882309681","-2.82148816929322","-0.286953620587535","-3.6693395627848","-1.151441465851","-0.511837758756258","6.94675650762145","-1.31862689820574","3.12561575792692","6.12864455086373","-4.88305678797115","0.250992135276579","0.942411231444577","-4.10728368829043","6.95588474484823","-2.05320972651309","0.159797798730079","2.19205155656021","1.18564544291803","0.551026833431996","-3.90376803128255","-0.382297066747031","-1.04656324939774","-3.957209445704","-3.10470115675373","-3.94350787234404","-2.82483851010743","2.94640419708586","1.67987113335285","-4.24397985142794","-3.16743514255243","6.92103594377615","-0.077330778414671","3.42957700561012","1.32200757076859","-1.4260014500333","-3.74660824376203","0.133968263814817","0.988460126989382","5.12649601828856","3.33908097156342","-1.91653403726308","-0.682432988864807","3.68094215070803","-1.35695204443548","-0.735766832414513","-4.54442091717551","-3.40072614828938","-7.04498721690676","-2.03370367500949","0.983844731554368","5.13640688666756","1.34191113146218","-3.27461480126307","5.86160898858213","-3.0315933937376","3.76133645776185","1.10049789841279","3.1905009638019","1.47511865724529","-5.69938546534318","-1.12030224550185","4.55092703305833","-0.0239183700928518","6.53606032313709","3.28407092875616","-1.05764434140487","-6.85491345010833","-4.4879253000589","-8.90363595097948","-3.94643561337421","-0.53077213993181","-5.217724862323","2.34673594827144","0.177599757036667","-3.14408578364419","0.905211304613964","3.66351794426531","-6.64620540857368","-8.98354381088058","-0.793696981803593","3.61535186698748","-5.52803813165422","-1.20561809378438","5.43235919888945","-4.95335325085403","-2.32575804567507","1.43485982535427","-8.41020840819781","1.81930623171395","-0.402960071417122","-2.20484030341693","3.29588020594054","-5.09796233946827","2.70684892796847","2.81307457735513","0.698711548357923","-0.772555389082148","-7.4500922845392","4.65871599965946","0.233771950783618","0.791057268020241","-2.65632930178241","-1.58624055828636","6.25496566031656","-1.86523400093107","-9.72414146076022","0.707728486095386"
"Random_Index6_32_0315","-3.11401057260442","1.97209400172509","5.5204941620938","3.0479577699626","4.85868129757383","2.05711433145506","5.34370193691852","-13.0741892292704","-2.86336890336825","-0.180476994563922","-3.60736674011798","-1.16590548521253","-0.59470567240381","6.87710288272542","-1.48854745100391","3.28262170616973","6.25188686797988","-4.65575652413752","0.361168415757065","0.906096588645612","-4.57666182707148","6.83354089962016","-1.96674635884018","0.00720806423152702","2.29039738523899","1.26950357156739","0.602779579570828","-3.66898437323278","-0.590828270395299","-0.76784667241877","-3.69193669028124","-2.92655169979607","-3.90675458055631","-3.11767123548918","3.14561153353359","1.7822702440947","-4.34441725722521","-3.08226728341606","6.93367973783671","0.175482132283954","3.15188916825861","1.51942296160077","-1.09659759284184","-3.5952384699819","0.0140895697633","0.970364579290078","4.98743647044908","3.21949384297596","-1.88528160396558","-0.686909712852797","3.4981376339006","-1.41009310515852","-0.601212283307404","-4.61741273567676","-3.43503521154925","-7.25503161203368","-2.13058660362586","1.21471538115831","4.96109461695304","1.07923163718648","-3.16913573099026","5.74334567356801","-2.76071186978536","3.53068727045271","1.2600307816206","3.43244001042539","1.72994052772686","-5.88980748819169","-0.953273914363325","4.30940269365754","-0.0439482756685952","6.51803125291395","3.11761332037445","-0.935327917183905","-6.73048267356794","-4.66870800394256","-9.13813138842402","-4.06711231222001","-0.477354856667788","-5.37293696985437","2.34266388671303","0.114137170531878","-3.08549471541023","0.924092206495833","3.65450380610453","-6.79396233126587","-9.17061341699578","-0.617437154488153","3.39104349576703","-5.74494065924772","-1.16896830843919","5.38834916900897","-5.09533215674772","-2.25587952817453","1.4274522874995","-8.60606061615121","1.66157094116803","-0.355830861216051","-2.13863572866821","3.52168442899896","-4.98410278327243","2.91059968409233","2.65666410807898","0.782758180742595","-0.657214654902563","-7.81904450536426","4.56512849268834","0.301482057257343","0.746667714072238","-2.61858190934789","-1.82145573102742","6.228049863114","-2.21434952065682","-9.63733791234626","0.850567543555011"
"Random_Index6_32_0316","-3.25095242081551","2.18007593228964","5.60860385208279","3.14713351565705","4.85615753584066","2.04211927244445","4.94597645269204","-13.053839417005","-2.90826033853981","-0.209916988620695","-3.73561433178842","-1.10078979200965","-0.657534030183595","6.96221036872447","-1.44724821943916","3.06386910235819","6.43526102295565","-4.67383642414132","0.287408975517491","0.913421308590139","-4.25431082116358","6.9655633563735","-2.12188985631872","0.122936471619664","2.2104487467505","1.02732295221549","0.510808383422917","-3.72227626530935","-0.566499338891164","-0.962299516676157","-3.84145239409073","-3.22537832749041","-3.86532307122064","-3.13983031030726","3.0517316660484","1.50565852959456","-4.43584931473751","-3.21154906646357","7.08811773682975","0.1340344606043","3.17462849877706","1.39971025145929","-1.12500540458262","-3.51327589295256","0.028160389159156","0.968554291072074","5.11099597694721","3.25071710056802","-1.93141356214897","-0.675558716140404","3.35015116693125","-1.3427144000437","-0.680120182833703","-4.47297703960555","-3.54637996659184","-7.24860010419885","-2.22354539806672","1.06005238365514","5.03328986361714","1.11801578078505","-3.22420270857517","5.83966983511887","-2.97311756915741","3.74084198806487","1.15960408723546","3.43469334126879","1.6059399405354","-5.59044476420544","-1.03103466007125","4.51222019982004","-0.0489810737575588","6.7253134695807","3.29855544496422","-1.14313910162616","-7.08856477675563","-4.40794851114427","-8.97985488362436","-4.11977150595118","-0.399480500144454","-5.25907529979522","2.39061430024924","0.128219583908963","-3.20587436409105","0.796408293559659","3.70704287616636","-6.82382023774042","-9.12059641171568","-0.726289347412386","3.34927623905709","-5.65735646941949","-1.27730522785783","5.34768784172169","-4.92600344302363","-2.07597573811197","1.43664400562315","-8.37838328507569","1.73462721620877","-0.451791295160071","-2.16017095551791","3.38081078773097","-5.03278985813016","2.87575486236216","2.79804072255888","0.755181798070895","-0.639316635092147","-7.53546480495849","4.6734489407031","0.271565859111001","0.689251995740935","-2.60281050744332","-1.67489282063316","6.28530222683931","-2.14067608784029","-9.63217947050634","0.784783880427226"
"Random_Index6_32_0317","-3.22267988298147","2.14991841736566","5.51952057049387","3.12615741691997","4.76379205272042","2.09855353957468","5.39779837451068","-12.9480965458021","-2.65864185290552","-0.328702505694966","-3.74984295604034","-1.30546757706054","-0.531395066259773","6.85260693778876","-1.46082264007091","3.05190200925801","6.4166064230944","-4.5869751737","0.141818776976473","0.860498100910377","-4.23903355102827","6.97823087491275","-2.08194656935995","0.0866856582722355","2.20492898448596","1.25005745193246","0.359592011842469","-3.9044588413098","-0.620997793419456","-1.13583510767907","-3.85174803870619","-3.10886710137186","-4.19634740989811","-3.0063598276849","3.03467448642867","1.55879425743204","-4.18070346929704","-3.13841045007271","6.85708153676594","0.0496147808699914","3.44563540800716","1.25153524203489","-1.50907426581697","-3.59360280402207","0.041678841287855","1.10364324409562","5.11331105790515","3.32998857767454","-1.98065001541805","-0.519053286448594","3.45034617774573","-1.3504076664236","-0.629302698929131","-4.75665530313055","-3.62402331534256","-7.1224852332729","-2.38548519332077","1.03644999235801","5.35443531181658","1.26416025378572","-3.10157132485587","5.94995354778093","-2.92461905799396","3.71520036113506","1.07981737232516","3.36799166091393","1.6514633486443","-5.75032649810868","-1.37268911533918","4.26486215731132","-0.265231591665705","6.58015445660378","3.30003697665462","-1.03711310283766","-6.68073544457376","-4.44063352317403","-8.93672854105721","-3.85018562651528","-0.352594190611831","-5.2494380723919","2.42626639762646","0.154619025710088","-3.05208736858385","0.860915468565715","3.80910698510815","-6.65254749447646","-8.9583810309787","-0.87147180643134","3.64284316193612","-5.25287761425547","-1.02881173092516","5.25542585343886","-4.98440843514231","-2.30711788436576","1.33493751931639","-8.52385178784685","1.4894470493073","-0.345480173874913","-2.2505867906423","3.27562265251759","-4.95259819580333","2.74334913795292","2.9384870777585","0.834781199981769","-0.687310772068691","-7.47730765555126","4.80137711059932","0.280785512043241","0.940981746725583","-2.95102677979248","-1.70693566341167","6.35186122029552","-1.92524278320914","-9.67746678436851","0.938485678029191"
"Random_Index6_32_0318","-3.03035635941504","2.08371699070444","5.53588036414789","3.00558465468415","4.78026301374601","2.07366540288019","5.16227894991485","-12.6168041557746","-2.70640359862059","-0.262640410711474","-3.76303887274483","-1.19713516273648","-0.564130296815864","6.71223747755108","-1.36721808768462","3.06433300733518","6.11321389118014","-4.50927563785561","0.22820553322724","0.802832839079367","-4.18334145040138","6.64011458078318","-2.04934646735535","0.195239854465044","2.26950774494611","1.06403936726651","0.440336651753183","-3.80179259369439","-0.647435964839194","-0.896442835968986","-3.72570535259655","-3.01153452006289","-3.93064431383722","-2.95750322253972","2.98533798598684","1.65849099463371","-4.26108965234339","-3.06360255985481","6.7842178101374","0.00636552606193338","3.16035555414964","1.36014863321903","-1.20879338409807","-3.48635522312692","0.106983647855673","0.937076576611805","4.9322998666143","3.2308020058619","-1.88533009303796","-0.602094466730967","3.35633751227027","-1.18548488708778","-0.593503701371994","-4.43083619440061","-3.50640212983381","-7.09362901376202","-2.05281198599387","0.98785868168686","5.02954060798303","1.18491734655321","-3.08409341051528","5.71278314200562","-2.96428547161477","3.48926549511202","0.922670265083335","3.13332625953272","1.71367048031802","-5.61790869568752","-1.00471197209878","4.32248068119692","0.00544911844245598","6.41244190745498","3.06356378499582","-1.02650855158649","-6.64219477381621","-4.4521038296672","-8.9606446368457","-3.91877163346011","-0.372109644843517","-5.14993228126607","2.12105560006481","0.0712927736768714","-3.05307239090691","0.896335269865312","3.49000433166068","-6.65009125161034","-8.99740982572982","-0.654522118649242","3.4754464728861","-5.63044110471257","-1.25114595725809","5.31292954724202","-4.97231297738503","-2.24331767996418","1.36134474516298","-8.23680338831738","1.65983002040629","-0.287479929594596","-2.22487821823917","3.33395702907405","-4.92367827132689","2.72420453435098","2.66420790038021","0.732046288905075","-0.680073545721834","-7.44492185581359","4.54401631902278","0.262352811718052","0.831827969583395","-2.70218381716238","-1.63611708961266","6.05416107847941","-1.91221017620536","-9.53536797530232","0.724992259460304"
"Random_Index6_32_0319","-3.07825305429552","2.17909466673589","5.51537224288121","3.25514175756241","4.94776100282939","1.95696910246293","5.10185344996958","-12.9233798375757","-2.92630960285617","-0.480083097772769","-3.84084621581164","-1.24688720918123","-0.663660569985485","7.03170987408934","-1.54913510883169","3.22228903916882","6.23541695994316","-4.87711569161385","0.0799012065555027","0.949571492116527","-4.3315507783147","6.97998012710679","-2.18582786909097","0.202963466320188","2.30358231333259","1.06601528648987","0.416382364260431","-3.85104583684931","-0.566580525407724","-1.14746555011869","-4.01575335528726","-3.16236733783538","-4.27486585466958","-3.12954987295707","3.01450061620656","1.63933247909701","-4.23502896008185","-3.21940853268404","6.98494450686057","-0.127307684599226","3.43319815358431","1.19532608274977","-1.30884775323387","-3.63437872164319","0.166433378631423","0.851045469742011","5.22865832108433","3.37324220024498","-1.9949533984016","-0.559204167226821","3.56111663845185","-1.33794341602393","-0.811013945479731","-4.37176841718005","-3.68410119308502","-7.04880324007395","-2.03007986799255","1.05664139425786","5.20670079139919","1.14497088571455","-3.13173832357492","5.80054711331054","-2.94617339746042","3.68965545970879","1.05471137870913","3.32711592496033","1.50157340424558","-5.83566969489386","-1.04373418006673","4.54018273539215","-0.105546927463164","6.58504466800482","3.18626697749545","-1.01815304051119","-6.81023441128767","-4.52356777679887","-9.01110384586179","-4.04777210432547","-0.384866941920721","-5.11648809922755","2.565396837768","0.0539208198247074","-3.0953083626812","0.746405271931093","3.75134768203223","-6.71337635348597","-9.1380689063766","-0.855813901877206","3.47696296260825","-5.61435053325968","-1.0516735340807","5.31648147562942","-4.90063701906232","-2.18399822591075","1.5087280996278","-8.58383297668364","1.77471587516102","-0.552892411480783","-2.33993996616741","3.42032449677486","-5.16451637575711","3.00044731978257","2.95155702056042","0.556444175396288","-0.736262034906776","-7.53967479924225","4.69174142961713","0.138890181641704","0.738778537181442","-2.90741843882706","-1.63652149117287","6.16704658557397","-1.95347300366465","-9.63131351106873","0.743709135708165"
"Random_Index6_32_0320","-3.26892373601192","2.00242302622087","5.30283949056132","2.95583848122946","4.60261972401094","2.24675411243868","5.37710666734057","-12.9340090659732","-2.5534038540081","-0.176636035113816","-3.62592631038165","-1.18921347366159","-0.555410134289559","6.73649431570657","-1.45958557363865","3.04201182521045","6.40665329512605","-4.66212220973798","0.296393208362173","0.739906940618451","-4.52293631761908","6.7051978657072","-2.06242373251196","-0.0852626900803878","2.23404046331173","1.07427627032543","0.376856096502701","-3.76973778647865","-0.705959427375095","-0.921996025695056","-3.61715688544034","-3.01361834251444","-4.0129568319906","-3.10615063639033","3.17627268636834","1.57012148335642","-4.16358543566036","-2.88843069333448","6.95585209900361","0.136189462886727","3.24652356312511","1.40888797482646","-1.1964838041349","-3.54642058162486","-0.0337926718223969","1.13462265198839","4.97811171310028","3.23629136174009","-1.49193740315639","-0.756061276911326","3.15223503053063","-1.21735807196542","-0.749949365010989","-4.73775718672234","-3.41643996869125","-7.16226142350231","-2.23501900466832","1.09462409355761","4.9588495468","1.35696259328888","-3.10252202838848","5.63768588861543","-2.68200244012911","3.53848187022175","1.10313385548843","3.57203397738083","1.66047205328913","-5.55773073473605","-1.1212390338388","4.1474302505852","-0.0724557913742551","6.55812962602116","3.14098198776404","-0.768958275677642","-6.75346412711038","-4.32455541869872","-8.97308936235673","-3.90790410916165","-0.348438938276743","-5.2291495558515","2.40407376098678","0.191350283249934","-2.98654876535922","0.76604012975439","3.50135872825038","-6.59465223637263","-9.07130176158056","-0.726733649829374","3.40999151544553","-5.66678224731805","-1.23251818559614","5.06941800875808","-4.99884786992586","-2.32989878424884","1.20174776173325","-8.29101681609078","1.53422775043456","-0.189342614864084","-2.13579715179694","3.48364416280281","-4.89117295118128","3.01701139742093","2.64475155599627","0.869620033823928","-0.541042043499278","-7.73930735596044","4.64665189401785","0.327869099112468","0.858801636787415","-2.6671610948886","-1.59554287526106","6.1684974660026","-1.93272035157198","-9.64237622618761","0.913057552254612"
"Random_Index6_32_0321","-3.05410498851285","1.99261535502087","5.50582891954642","3.04636446328388","4.77608047269367","2.03802643290393","5.07646921168093","-12.7176566533478","-2.82898005693795","-0.161202377836568","-3.67710930744864","-1.16862596734193","-0.564651182535073","6.76244746270515","-1.26836928273785","3.11370131791931","6.2341464693018","-4.55770566572743","0.206943614361102","0.964321509592512","-4.263617828874","6.68181833943968","-2.00748194762086","0.123318232405646","2.23382408615522","1.17750750424305","0.323926177189444","-3.7715257837747","-0.589893704049024","-1.0205837608781","-3.8426335539162","-3.07701825056917","-3.94161702981503","-2.91227675479248","3.04424502122988","1.48869284952794","-4.19094429243586","-3.18642028439059","6.85763957576806","0.050341705952721","3.27583782024954","1.42887047956591","-1.34799198943483","-3.55914727491476","-0.0663723632227312","0.921932067479795","5.03031226204277","3.19978662942217","-1.7980071327161","-0.645981350250781","3.41661128332521","-1.28679215947265","-0.662353124757081","-4.46497264489958","-3.4320743246551","-7.02355118859655","-2.26788225935389","1.11173249015876","5.01737304692545","1.14393714544698","-3.15709866002792","5.72532906522378","-2.79749030218371","3.61997061125832","1.07495144381918","3.31298184215137","1.71819626529413","-5.64442506449793","-1.16963154948291","4.35123539462103","-0.166242366680064","6.47375076828543","3.02523959978086","-1.03714553145227","-6.76046627059002","-4.41393419229113","-8.79566010653053","-3.96217074712975","-0.30950428119045","-5.15478277893077","2.36584192667902","0.142072866264842","-3.03363722748164","0.795028246276606","3.66971784647212","-6.66718189895612","-8.98002357828829","-0.782609003340542","3.47652893094943","-5.42373614167935","-1.20819756278874","5.35009186297938","-4.96011473543143","-2.22842551960604","1.42227760193854","-8.39079327149026","1.57700458228985","-0.320793907039202","-2.25600246613942","3.40918816662202","-4.9250011366755","2.91518581891304","2.82621636296968","0.761039122637123","-0.569654045425934","-7.39271953815716","4.5616238567969","0.256294971084934","0.877753715094589","-2.74860496206101","-1.68757219755153","6.19363293001691","-1.88062983918972","-9.44885797096779","0.829972906894198"
"Random_Index6_32_0322","-3.10902403067243","2.1814167923736","5.54394677340427","3.07046173021929","4.8098999933346","2.10413324317007","5.15948180300779","-13.0255966985985","-2.93834732509341","-0.399428887908429","-3.82101140878821","-1.29991549324857","-0.720518552887157","6.87931143962621","-1.46104161413341","3.09242080784002","6.30069997789527","-4.88062361510303","0.168057238089241","0.943758806722627","-4.27515652794098","6.80853666597192","-1.9843827558073","0.195025570062335","2.25893131602881","0.999964233755588","0.543091944185927","-3.80602233649615","-0.566344985325033","-1.0016467719808","-3.9718541172939","-3.22753619693334","-4.07690695677154","-3.10804024530385","3.05066936413657","1.69008875498605","-4.44168510221861","-3.07210016496701","6.9583051075231","-0.0262864224501591","3.41831803930259","1.32864343415144","-1.3921149619242","-3.64507543637248","0.0749267555433357","1.13345715745497","4.92833020920999","3.33648402620508","-1.8799633396663","-0.607481442470316","3.47020027515969","-1.39934136630847","-0.814241629372165","-4.39386736630596","-3.48831703331639","-7.27643321205017","-2.04463188827885","1.07145761955209","5.07883564141854","1.14778186282374","-3.34759390151625","5.84622714503462","-2.94407387421851","3.68058565100375","1.04064540225897","3.25319492983273","1.52796949091182","-5.85153924106926","-1.33201302215878","4.4152862246472","-0.219661735402314","6.5787964453918","3.27704456915418","-1.10660134041261","-6.85111861125575","-4.61769031626491","-8.91682700290191","-4.05173880497884","-0.578678912036524","-5.19577195327703","2.34006192209423","0.30431679492497","-3.02860640305963","0.880177797996885","3.76584704314302","-6.86556897100877","-9.19639665740957","-0.787248116235574","3.54029865685474","-5.63973040610328","-1.19188235179653","5.45764695898926","-5.25677097763726","-2.19799881152643","1.45520130491954","-8.30502451211956","1.65632775061939","-0.459535814714856","-2.11194950025922","3.43033072377172","-5.07112971256858","2.83921142894495","2.77819141166182","0.727534379446425","-0.755292615750344","-7.64577015475332","4.73722627420565","0.223131927727922","0.664671786429986","-2.80159877392316","-1.81940344484776","6.26410781184536","-2.19049370553755","-9.71623325527717","0.889493678411491"
"Random_Index6_32_0323","-3.14709600490845","1.90605464534999","5.37468541890961","2.8406783404555","4.62836348475464","2.26719193567662","5.36227207527499","-13.1021862136758","-2.62123841930656","-0.110338848495314","-3.58844835189583","-1.05961341671881","-0.340972579865413","6.73545503224459","-1.23047058592549","3.18406357142298","6.30293387830904","-4.5015549702809","0.42103061759087","0.917202854155002","-4.49395365014344","6.76074440166097","-1.91805699067598","-0.102700892706883","2.13277308200169","1.34184576327049","0.454564408393767","-3.67357157092734","-0.614808785988939","-0.854504438059529","-3.7568551312582","-2.9540643335879","-3.96771984135841","-3.09825378522825","3.11558135774447","1.77888589228901","-4.37649508569482","-3.09119725850974","6.72773890722224","0.290643847238083","3.09983656802119","1.61743057025806","-0.994745366119111","-3.39783385714853","0.0158040810271921","1.0835597962741","4.8365654354942","3.07906627470468","-1.61793530814382","-0.80288169493877","3.25072094002804","-1.12021079404252","-0.615524359264521","-4.28737633131775","-3.32271721392615","-7.05432023218431","-1.92244871534527","0.980278842259118","4.88941254967157","1.18767093523594","-3.03553924317731","5.69987994378659","-2.7306262872266","3.45485972577559","1.22703822457385","3.36017352799208","1.92229026281487","-5.75744825468919","-1.02585621948917","4.17843202681252","-0.0134973577089026","6.49488716078055","3.06330212141467","-0.752141089741162","-6.8552235479032","-4.43566895055394","-9.29370992649477","-4.01227113424058","-0.182585984573139","-5.33379370015956","2.16867582654905","0.387052056267504","-2.88930996198927","0.915058737721646","3.36514368042195","-6.59766826668135","-9.0390607239371","-0.434063538460782","3.30724873632411","-5.52368957773531","-1.27371443497456","5.24959956832895","-5.21424718743785","-2.36735161188985","1.30275187526487","-8.3892547876953","1.46307998263843","-0.204002597703244","-2.31221832354326","3.43767766857942","-4.9046847577627","2.81158852505874","2.60433267544682","1.08317822704519","-0.470490038016885","-7.83738217621659","4.65689442628529","0.398243274834238","0.86413843771639","-2.62063555198201","-1.87793797007407","6.13332974815868","-1.93058727492735","-9.57176660464475","0.953114973446601"
"Random_Index6_32_0324","-3.45407245996058","2.24416806279946","5.62909189844057","3.3535684642483","4.86388347058509","2.03331710789216","5.23036176821597","-13.2993712670421","-2.85166137642566","-0.416505235492138","-3.95337488536643","-1.37060814275935","-0.847481971950968","6.95294706771111","-1.63230837421557","2.79738488317944","6.54850284667567","-4.68309640465935","-0.0105194922502161","0.79305978876521","-4.26062477122727","6.8921199955393","-2.28428461522553","0.0945916581177918","2.47737864864342","0.996748603797476","0.368066778036524","-4.09139571018342","-0.599240353649024","-1.19977763174994","-3.81376345298516","-3.28667323863182","-4.11605785884242","-2.86072589164089","3.24930846315622","1.51225146784096","-4.04557461265241","-2.94548035120367","7.16750698360659","0.0241366674266304","3.30593632086166","1.21016246972484","-1.56575670128588","-3.71147486873113","0.259127957262756","1.28769524012899","5.17821172382982","3.51148348328004","-2.02675715238889","-0.275849691062747","3.59806047068223","-1.64719822018435","-0.887903549267574","-4.64507801434729","-3.60324957057892","-7.27578460980477","-2.09098950848302","1.14902821261119","5.40750477596692","1.42719827229616","-3.23312725956918","5.93873992465152","-2.90075107449323","3.82886925353472","0.847143818895924","3.56882772984578","1.57941402114869","-5.80745506411289","-1.43140001054278","4.40603395408172","-0.16970747345933","6.88007251951329","3.45364320725651","-1.14550785653978","-6.6474331224539","-4.59447528641323","-8.95717388840833","-3.85451416381802","-0.459191904660462","-4.96556187295116","2.64046100572613","0.0568215423545694","-3.04058391754974","0.930781797200248","3.92710453398203","-6.72310399346738","-9.30741301995135","-0.96465134120777","3.71279382584381","-5.50996520609975","-0.941902663426891","5.31299017668499","-4.87995356825152","-2.2344833137163","1.29989826861639","-8.39853845855973","1.60266090010211","-0.547758940617399","-2.2099338090577","3.38546698888761","-5.04460115314526","2.99536666598881","3.01948775703723","0.707931874224322","-0.767160126079357","-7.68708296484499","5.09937355765628","0.124797680855314","1.01058325107458","-2.78059214497612","-1.40863300785403","6.61982114454807","-2.14115688541559","-9.70694232739549","0.927402073341389"
"Random_Index6_32_0325","-3.11401592026834","2.13090482109511","5.54264338217778","3.22214039524629","4.76066773918999","1.96240289588199","5.17523504947936","-12.8372918431685","-2.68883767700041","-0.290767951837358","-3.73827817237664","-1.3868044703165","-0.60706621485996","6.89733670988453","-1.50099120467988","3.09084158862051","6.26482827629344","-4.53809078497831","0.166318806672868","0.808995454433833","-4.29471722434703","6.83720795301421","-2.17484534321781","0.015302874045894","2.47800430826628","1.01392850609154","0.393317012185026","-3.76405480212457","-0.620363591993265","-0.919425265303751","-3.84501839463524","-3.11825777792125","-4.04312122808015","-2.79700653529699","2.94775771990408","1.74911379115344","-4.1194425401762","-3.13019740815321","6.8400974965204","-0.0356102696046602","3.34432928275824","1.21830229715058","-1.16515101394527","-3.54627046120143","0.0885844976564421","0.985625547365475","4.98789353964703","3.49266762736535","-1.95691115749044","-0.422697578354507","3.53244721762242","-1.36269267180977","-0.833052667955327","-4.47767793440189","-3.59859856239322","-7.04175176246491","-2.04581158753304","0.85256886125541","5.10581553591316","1.17863242004917","-3.17274236460863","5.85577233506541","-2.84751431564759","3.68435739270659","0.930632782858991","3.30611834453396","1.53606433248064","-5.7440390097723","-1.20671787205024","4.36685381545631","-0.18103127305201","6.65136100592262","3.2243597491229","-1.0024491105894","-6.81251215732401","-4.52430965772227","-8.91611652236504","-3.79970184141447","-0.541338598285654","-5.23917365861727","2.45322761850267","0.0532852623961626","-3.1196063625221","0.894517013328677","3.74135943095014","-6.65882612721058","-9.11589310670945","-0.802347220081506","3.54741409248335","-5.57603490371183","-1.0100601125945","5.31314172567434","-4.91899489180593","-2.27311238664448","1.43117826070053","-8.29104591498677","1.67111293624137","-0.383730442169068","-2.24915940750341","3.16926778987343","-5.0441861810941","2.83882945236069","2.91758658333862","0.577992194203289","-0.788346617827725","-7.40961771355295","4.84765580122599","0.0774677104112803","1.08929484790036","-2.65240241696593","-1.56809523786358","6.28481606055829","-2.04862560257172","-9.66170318050053","0.816803100242509"
"Random_Index6_32_0326","-3.17034631159995","2.34750011624984","5.67923815837433","3.28347551893732","4.83656590447145","2.08881797207849","5.30968191140299","-12.8311419786563","-2.65934312225636","-0.329263300805101","-3.85903750230501","-1.20966538383522","-0.645341653850624","6.90674071957929","-1.55352542507999","2.88312966415187","6.41485439622962","-4.83691647260605","0.247994999358442","0.838735884114081","-5.07484308481961","6.87385154782463","-2.19935661675557","-0.0698588236947962","2.54398085999866","1.07083737218228","0.281358882894372","-3.81195169624746","-0.659026433338231","-0.976745088920041","-3.78316447715136","-3.04411822390244","-4.27655317328921","-3.05909307064569","3.30062885860425","1.64690978527893","-4.06962757456124","-3.0384962354203","7.0544827423621","0.0359955837758286","3.27393288489611","1.29674517006563","-1.11391950459432","-3.5785933212759","0.22213951241005","1.1346193110533","5.22193957778729","3.44764932461714","-1.85140437673381","-0.569182716643169","3.39312156607757","-1.4249441062516","-0.86947342766253","-4.63983021306349","-3.67739410561218","-7.13301454703455","-2.26210520484178","1.25874967719595","5.2309945996987","1.15785386521236","-3.25118946599541","6.01007188293638","-2.85651740834797","3.79826192956414","0.873464896234621","3.61031618682019","1.52784944466499","-5.91769584064691","-1.16817031939992","4.35802666832372","-0.258275147130101","6.75037269579266","3.19594850021297","-0.887963935101323","-6.65899553768878","-4.53295856338253","-8.84547132710293","-4.12040481090822","-0.415526878546543","-5.260366100077","2.59935608504257","-0.148439233727698","-3.1295115844742","0.860958390190347","3.66968861359734","-6.68304218291658","-9.24672240554409","-0.82208483664002","3.63116414684173","-5.687716212256","-1.0502652664726","5.36698617325009","-5.00779734737438","-2.34865541457905","1.36064446098704","-8.19098730581047","1.59434061934758","-0.386174581417634","-2.37184769121562","3.57285194647725","-4.92825789378599","3.192495309341","2.91612146980548","0.778788354984428","-0.474461190718126","-7.4776246014562","4.7014960784127","0.152115847912495","0.734428545772786","-2.953296220664","-1.54211186329308","6.28509750611318","-1.83238557641352","-9.50147631688459","0.686592475107583"
"Random_Index6_32_0327","-2.98559089281911","2.04147345414264","5.41730270156815","3.21168910899537","4.64653725820808","2.05581089165194","5.23751164764892","-12.963878346388","-2.74770394913172","-0.313673638765095","-3.74662186095142","-1.2064535657188","-0.557944745944892","6.73886817463487","-1.43841354753735","3.04046342446787","6.25927394410411","-4.43661050913897","0.182947167406202","0.945129099554794","-4.31823521716905","6.81514800189558","-2.13449699112802","0.0323545415229582","2.33148284502527","1.08250812065832","0.413893464814634","-3.75270397305053","-0.622640425364106","-0.910925222553766","-3.85503754367559","-3.04192062112417","-4.16059367839717","-3.15332018828491","3.02138833784236","1.67439416932996","-4.28926099506327","-3.06709004125577","7.10136756442663","0.14839043895236","3.12378584770721","1.41478450025521","-1.19092672548653","-3.3988234492788","0.0499328884617091","1.09887921520161","4.87744066382848","3.24946768124861","-1.82489476123754","-0.574538101859809","3.29546774928472","-1.3648994073226","-0.759064507432173","-4.33863944716733","-3.58652194870084","-7.09066394647363","-2.333196613667","1.04223704784935","5.01186661996906","1.11533892951304","-3.06989888109527","5.67769349410212","-2.86993660472598","3.50968183624457","1.20129614867725","3.28316890604674","1.51720333891523","-5.71277720400515","-1.03174710423017","4.37776277459894","-0.268091433885745","6.53623178739313","3.02763096996257","-0.741774948652269","-6.73616110834213","-4.41109064731592","-8.98892216442096","-4.03126428203433","-0.327593566249051","-5.2452730856555","2.23648064809265","0.0802144052480155","-3.10551259364313","0.998996727896104","3.63500671034141","-6.50500222807767","-9.17598145279848","-0.633780006627167","3.41719870122842","-5.42247762684601","-1.14388750467366","5.33328979894459","-5.16023690591759","-2.26823781455238","1.25132997962986","-8.32848456263935","1.53789804253488","-0.288833482481889","-2.3417398676252","3.4110143259963","-4.93831095914342","2.87140292629948","2.84747996803938","0.832693447259872","-0.555341094188251","-7.50394301713213","4.63931387365386","0.28203253115197","0.546926928264244","-2.5358723196656","-1.7194251132591","6.09230567526418","-1.8708225415671","-9.4379841241828","0.834917592268862"
"Random_Index6_32_0328","-3.10107572642709","2.224807899931","5.64988915287142","3.20395285317091","4.88880334737633","1.9201451846655","5.00042420924122","-12.7270591097229","-2.93388330355414","-0.491298715615956","-3.69673542504223","-1.16466595339482","-0.615411612090971","7.11539395262072","-1.38241570082146","3.18039688330782","6.43668034533147","-4.80116448171828","0.254195682561485","1.00421232297761","-4.25844633074257","6.97666400722806","-2.01503205955638","0.314211528921028","2.2359213510425","1.42038840121997","0.605515400856007","-3.82847147283558","-0.507886370404289","-1.00251604343861","-3.94397107670694","-3.11439568195683","-3.88217808491412","-2.88411083731388","3.04242600656132","1.62217472495921","-4.32854615035302","-3.28700917240993","7.15771635094578","-0.0795578429590615","3.41306361643406","1.36569119194358","-1.22003829666591","-3.70576950236331","0.0313262321680944","1.1234199646904","5.23146414533127","3.31808938165496","-2.02347753292019","-0.598715613235188","3.66310969289329","-1.37491094914476","-0.733427509718538","-4.33359383566248","-3.46554974595026","-7.23953963420148","-2.10358005203819","1.06793208003979","5.16009417992966","1.10899660732012","-3.38821489314944","5.93317036351853","-2.9613202335124","3.80535253950398","1.03327033222056","3.44894848672031","1.64188539425443","-5.8073352256737","-1.14198466211587","4.65074849710696","-0.0938926010450442","6.70312425738509","3.26717018665089","-1.12976121776556","-6.99241965461018","-4.54234889655","-9.02985727685514","-3.97008579491659","-0.582049180417439","-5.1812176589277","2.50756700454757","0.187716635818219","-3.05692573703336","0.894069986285867","3.89397081816691","-6.85670977055959","-9.05649355164089","-0.780364036001948","3.53632325556838","-5.52511873449791","-1.20006199913021","5.58161390422936","-4.87297106704201","-2.20677762529097","1.56030714519899","-8.44195970473231","1.83642491330287","-0.482460815093124","-2.09056323320053","3.43839754435838","-5.28460777676687","3.00226931801377","2.95783614709427","0.621625867083209","-0.896628095996132","-7.48107981064254","4.76031557267995","0.192224065048441","0.82226984822876","-2.60140974578033","-1.5539217521069","6.42215420972968","-2.12740142588985","-9.70349941481581","0.686142055028216"
"Random_Index6_32_0329","-3.15257227495403","2.31520663486709","5.69239895685157","3.42970879720837","4.82574811599796","1.97461305175493","5.19434621522378","-13.0034334552345","-2.85560808596048","-0.394229571468471","-3.82097351846382","-1.39335648684447","-0.74039304330306","6.85094131466001","-1.47293847658719","3.1549902733555","6.27494107861316","-4.77834288436512","0.129854406365527","0.904465015440716","-4.32170305523798","6.80520187427195","-2.3016484702706","-0.00556711507992416","2.6047453454771","0.963191342451811","0.247240746865686","-3.91223635731952","-0.584679889131545","-1.12725659929032","-3.9043600222052","-3.24787752556289","-4.26005849783744","-2.92552114919857","3.16716792584629","1.47672377706513","-4.02068601247394","-2.96327498435583","6.97282678867003","-0.0547442479822739","3.39768396170651","1.31909058369121","-1.43449085075043","-3.58586845571345","0.175732752859918","0.963012661571088","5.0751437276828","3.45519370768428","-1.9371699074053","-0.302119968256176","3.61838961800701","-1.49384467872882","-0.873326856955796","-4.50079710682592","-3.6186759211085","-7.1290640342434","-2.18452760945626","1.13195579763023","5.23590351781773","1.20818174295889","-3.17318100412483","5.90405661270434","-2.74136459700888","3.72723211551946","0.963320601152768","3.29896643197162","1.45828711179334","-5.96675127105301","-1.07668587378131","4.37527596775564","-0.351823386755483","6.56375023405049","3.23032012001745","-1.10327406728459","-6.57549886476872","-4.41540686653265","-8.77027533446459","-3.94636891176557","-0.502804477167842","-4.77572712830655","2.66738308671617","0.0338365478752513","-3.01047729934142","0.997795964627872","3.84767182914719","-6.62813909589035","-9.32157354547561","-0.858404598599908","3.6239289065453","-5.51570419444854","-0.771972328166609","5.22765127515225","-4.8669560056552","-2.07623446925163","1.39341515320772","-8.51363559044077","1.56448633202601","-0.426770420513151","-2.44142129510793","3.36598299694509","-4.95557922237327","2.95609625231658","3.11600452965577","0.651823883860143","-0.707001674579209","-7.5028548672457","4.82630180515806","0.166869627350328","0.843783777461862","-2.86429411146796","-1.47157578192912","6.47260406007015","-2.02742971093656","-9.49221779067137","0.900211546554666"
"Random_Index6_32_0330","-3.02378563204392","2.13988404911966","5.59978014590135","3.22494799700456","4.75577295530414","1.92584741346891","5.00501521862588","-12.8451599425566","-2.92121564579291","-0.287467855557163","-3.77190830784704","-1.15007456182273","-0.71308708496473","6.94767561820981","-1.48515688897218","3.13793972075609","6.16200167724668","-4.63325058827431","0.209581387736973","0.943067871683349","-4.31617719321974","6.85105755365544","-2.076011586359","0.038474576558891","2.37229272288824","1.13299311498731","0.279877901509493","-3.68313706114948","-0.655079715126544","-1.03302322904992","-3.92361892543624","-3.08039787612604","-4.10227595483326","-2.86376815845638","2.98568748876807","1.60272702024853","-4.15190887700461","-3.10554041926889","6.90514402244566","0.113637561371932","3.43691155327415","1.3513523060817","-1.17422949757107","-3.62391973858715","0.106282540028494","0.877083704017623","5.26093407714687","3.20584037073178","-1.88915435220808","-0.51932996070449","3.58764266894347","-1.37921814140784","-0.819130112291349","-4.45540692318436","-3.60740896842986","-7.1193155882204","-2.18582788471998","0.984272892755234","4.99736373542476","1.07860907234586","-3.07565529365557","5.83504227706238","-2.9038026535879","3.71383199307535","1.12313957103204","3.31092016307536","1.37919511075356","-5.92878631070424","-1.01608756748148","4.37733091663174","-0.21668691853997","6.50438468695309","3.15680901138132","-1.1061815120871","-6.80917845414234","-4.38652019823771","-8.77764891745296","-4.11201685040982","-0.421148307538086","-4.87718420462576","2.57830608957407","0.0843057611429157","-3.22508183456599","0.813791713855002","3.86565604857845","-6.67762344210179","-9.1305974056144","-0.785947044356646","3.37150469621413","-5.60679839262346","-1.02549258163208","5.32821616361635","-4.88953587660036","-2.14288737004406","1.33935097149902","-8.33444939707879","1.66129580415993","-0.386843840110584","-2.38169922385956","3.46919423639444","-4.99825570476055","2.8884867504782","2.9810746021935","0.792766544740675","-0.575050773155535","-7.4426854517798","4.58539426489951","0.136344233182209","0.799013698396945","-2.59802839207348","-1.5394387414635","6.23078260594641","-2.01206464596876","-9.38329448286916","0.857734530938788"
"Random_Index6_32_0331","-3.16848023625429","1.92785617652105","5.46445600739509","3.07789134324915","4.75794859039739","2.28886374378756","5.16583676885119","-12.9516144124592","-2.7392321193346","-0.124178618741524","-3.57850951294728","-1.1406424801102","-0.576108391389108","6.83166223535079","-1.19191782967098","3.02926302209052","6.32824411082649","-4.40953328335222","0.271117534035194","0.784123581463554","-4.54121976636554","6.66701745040473","-1.90036846555506","-0.0495275564307475","2.36839353841711","1.1593890099749","0.32794132877728","-3.68097368337655","-0.673874906509962","-0.95381312765016","-3.7125151135537","-3.03989845134632","-4.07235143293334","-3.05817673199946","3.2982896108548","1.68711546113519","-4.01365401464444","-3.01577642369035","6.81984310297014","0.14387647425554","3.17974287729486","1.42786006908098","-1.21078412992111","-3.49427794703511","0.0426512597772667","0.993562544141594","4.98505420643873","3.38544773417703","-1.90191426827804","-0.514874615251894","3.38551096045424","-1.41166733081719","-0.684034055789097","-4.54637843104654","-3.54280659519993","-7.148501364372","-2.12564249094387","1.33619026971758","5.04756944395597","0.87254425453954","-2.94032745549859","5.66994459326946","-2.66375614848455","3.57420376738645","1.19395894793391","3.45572388396169","1.50776611890512","-5.67358634686797","-1.01357816444394","4.3216891871544","-0.23175605613613","6.61588679859732","3.19597515031605","-1.06294628842792","-6.79715014826814","-4.39417760377043","-8.98473767063595","-3.9689885559462","-0.132546222340621","-5.24576662109522","2.52322216156142","0.277221340685946","-2.79474691838938","0.789362514110383","3.759071043714","-6.55913090694401","-9.09883410654542","-0.833204102863118","3.42608527714896","-5.46601150984455","-1.05154985279329","5.19689168585577","-5.04025612541749","-2.27886933695393","1.29565738391182","-8.29196430843168","1.532361749211","-0.189953150635818","-2.26283771939681","3.61310191339903","-4.81621855026281","2.94512101078215","2.79344417931395","1.01018482433606","-0.552273173550861","-7.56769690800973","4.72110941853072","0.404354548554112","0.564861789629868","-2.7083061716906","-1.65559343395","6.3609382771703","-1.86073874032747","-9.62462036862733","1.1526059379152"
"Random_Index6_32_0332","-3.28890618145432","2.25612985056262","5.52171579347099","3.19013756860193","4.71956616082059","2.22093937299312","5.21750374025072","-12.9825345673248","-2.58467666183171","-0.253214671081719","-3.72601639318633","-1.17531002040168","-0.68774569997982","6.59433371443364","-1.50099955614167","2.81225663863142","6.29291447522848","-4.43776809917935","0.167711631045587","0.684765523765383","-4.2413060631224","6.72537948017632","-2.05008011637676","-0.00419714201973331","2.56021868903311","0.963024788191149","0.0696523818817699","-3.86224005795266","-0.820442575458227","-1.04692993729012","-3.80648870812129","-3.11322732340872","-4.25330985273169","-2.79531101933335","3.05512103788734","1.72134020845129","-4.03564049874806","-2.89688794264228","6.71501998897871","0.0731491899494325","3.36358579548008","1.27891670037868","-1.32615725910517","-3.45836499686215","0.259248409630972","1.04591614362477","5.01937000061876","3.37845614732029","-1.6994647804065","-0.271926279293796","3.21296669216478","-1.38369177696443","-0.868182902174161","-4.44369426734396","-3.64008725680725","-6.85424389770483","-2.1730280707294","1.20516791634781","5.17416714607425","1.24301284480788","-2.89525863731407","5.8656557058011","-2.35702045816196","3.7205920609106","0.870583638336277","3.40141179428412","1.53424678320245","-5.57806368299936","-1.10932002928424","4.29335066331104","-0.488995525595396","6.43787278708555","3.33429025078779","-0.898935805847081","-6.53886546929386","-4.41476210768968","-8.57622801473453","-3.62197977440712","-0.242376365274076","-5.04108185645021","2.64470887909977","0.175260080058698","-2.69604300799905","0.764449529478137","3.54051379405508","-6.31926128232283","-9.19149890590581","-0.830573675967079","3.59622749886505","-5.55837424797314","-0.838628642854602","5.07868766206973","-4.78197091246135","-2.27889056566042","1.20430728809877","-8.26846259581317","1.4693543322225","-0.350075628675293","-2.46911242384052","3.25184274536407","-4.89772511013955","2.73469272160159","2.99407016497367","0.738392111818742","-0.707938050360888","-7.38789731024934","4.76952147390102","0.389414150326304","1.05801894646079","-2.91538643018152","-1.56099398942273","6.3242067262108","-1.70735205471468","-9.35844936778624","0.966735301942563"
"Random_Index6_32_0333","-3.20390853987721","1.9474561909236","5.33301480761819","3.04227275659821","4.57970143658346","2.27210335259851","5.04546488474224","-12.8492617085439","-2.80097014110971","-0.398487498055796","-3.59182893201499","-1.12474774027009","-0.475948888315864","6.72511931374623","-1.35274684929404","2.8314414924499","6.48539790615123","-4.5731261607933","0.256627632535614","0.608612098345621","-5.06062631686225","6.70534463738301","-1.90309915256444","-0.241763082652422","2.29444069065301","1.10008188987101","0.099124477633944","-3.59711046081206","-0.725187984668864","-0.914998811699058","-3.61427294648305","-3.06825743965042","-4.21451897680954","-3.31628431152112","3.23442215213249","1.47010913224333","-4.1318112179173","-2.93653737359208","6.96004715773986","0.229618262075695","3.07882142309021","1.44973990281697","-1.13398025644315","-3.44529765310735","0.0259314419334715","1.06360078057938","4.89860907872424","3.3349530560021","-1.9793720091124","-0.542574806009026","3.24117153965429","-1.26439271242895","-0.759539812758754","-4.52131337392966","-3.73282752719879","-7.04063406001978","-2.24585333548374","1.29183498928822","4.95446570901466","0.938839092651698","-2.93405946312214","5.65924524159905","-2.5408442024553","3.51257564720938","1.11599205990274","3.50505406110697","1.47258098060615","-5.74390708207134","-1.04000766576513","4.15153281574515","-0.356614764138223","6.68507288389567","3.08400343414981","-0.941813328504543","-6.83018779518616","-4.47220561349405","-9.0433801464474","-3.96881572273686","-0.417403412490167","-5.16927449321798","2.54817119208211","0.250575417073652","-2.7644273147652","0.605345025167074","3.67253203828408","-6.59692513413383","-9.28594484485298","-0.819722413380576","3.42690127926266","-5.61300064548197","-1.06799932071945","5.01784306830471","-5.09921757772412","-2.55197002963067","1.23268079921283","-8.35119623355162","1.29282952608725","-0.349631576322971","-2.3852943801126","3.49364317153901","-4.79700253483307","3.00004158251699","2.94900804743354","0.978117938331926","-0.691882809292975","-7.6338415699201","4.58144367422788","0.449546504146352","0.554075150223965","-2.69784672395831","-1.81079611367103","6.32225603755236","-2.09060351315051","-9.43304020972612","1.13307977685477"
"Random_Index6_32_0334","-3.30805668368531","2.27544511513539","5.4376846144802","3.16084088179614","4.76388299184378","2.10531418686571","5.24729297014147","-12.8199057579839","-2.80938865301531","-0.328245023594991","-3.69946249005342","-1.15162120937661","-0.613913691832926","7.14093507548476","-1.41293785314676","2.96131878756904","6.55649689816801","-4.54456148510298","0.275526336683674","0.856358288676264","-4.30742934476436","6.98554604171573","-1.97319966098066","0.0100532259360532","2.28960600892045","1.08264036124387","0.314065494198993","-3.70993314645792","-0.582204249247972","-1.00992765122751","-3.72626438986067","-3.03878399844773","-4.1223376007773","-2.97752650368671","3.35382689218098","1.64855905227408","-4.14665426481006","-3.02550559370286","7.06485178645328","0.143052338728986","3.29709754855174","1.3974512249797","-1.28718552769709","-3.47258468998023","0.103588251091037","1.09931677955085","5.10013746749716","3.32977668005388","-1.85173040501644","-0.651258134768904","3.4887625760267","-1.45446483139908","-0.785937566438909","-4.62274073400385","-3.60293335681785","-7.11094316204082","-2.19695683034906","1.36039683871063","5.15141740754955","1.19738025602575","-3.07417091538018","5.93716456036371","-2.83568023404536","3.81753247412196","1.12547113604782","3.49019627496187","1.6270272266932","-5.7485888802261","-0.91154088986","4.39280856247477","-0.100392192579841","6.91405298119516","3.36598001466278","-1.20507409551125","-6.55639715247432","-4.37814895451077","-8.98478641427782","-4.03040346354684","-0.405326729507462","-5.22403096017155","2.59673637964476","0.248260983474207","-2.93580212299669","0.690845794271167","3.74334386618975","-6.55855299218784","-9.20534094902555","-0.914488391114275","3.64592171932155","-5.63352720834182","-1.2307351526869","5.34269006924157","-4.79623547815727","-2.39948911982624","1.17164301998771","-8.39945748023635","1.6909557085031","-0.36066322055211","-2.34151010115102","3.64063758950421","-5.01190165528592","3.04763480907743","2.96320019078554","0.795843929065072","-0.696380144559767","-7.650097943932","4.74381543563413","0.326603630798184","0.874313605424188","-2.77718072445895","-1.47509385592681","6.37997743896495","-1.96846135096094","-9.64471272525783","0.907450487443444"
"Random_Index6_32_0335","-3.16522664520063","2.33415003761978","5.71273683454009","3.28398233726826","4.89028674725657","1.9268658232774","4.91016412884855","-12.7629096614146","-2.87412485489187","-0.481681444862112","-3.77126908292809","-1.14672064445425","-0.740548383854502","6.87731553559997","-1.35469054808714","2.91802845626953","6.28193388769887","-4.65484464730618","0.215146717501561","0.891928040492067","-4.15509752253954","6.88343564046192","-2.12082323844995","0.0688586321137521","2.41507206747264","0.983159278563051","0.281266776190041","-3.88310227345186","-0.513636675652457","-1.09924220846945","-3.94207478731763","-3.16995994134441","-4.15648757922068","-2.9124064721004","3.10491470547381","1.39242598075224","-4.05569477114369","-3.02842827821474","7.01330265254447","-0.0984285187557175","3.44023695414559","1.2559554164363","-1.34147032753917","-3.80058629043415","0.189963184169943","1.01568964459119","5.17767355680872","3.40210774147506","-1.84902815004774","-0.479917054472696","3.62596680732092","-1.440348898418","-0.858877145980142","-4.55716633500646","-3.713002920419","-7.03875376278239","-2.12641092193532","1.10633810382734","5.29497252782727","1.01591423648388","-3.19075483436545","5.92541463151206","-2.78832241321677","3.78629192369979","0.878546830226761","3.32960851208873","1.48624255657807","-5.88001641289833","-1.19841992516146","4.48503118826722","-0.348493254661899","6.60387750150554","3.21411443605574","-1.27357310304481","-6.78735550718375","-4.44567864575357","-9.06885462946142","-3.80849975578199","-0.442599287744758","-5.05153668751282","2.55376502918121","0.0759726181959501","-3.01636526406928","0.664590372015629","3.75014822027695","-6.65582215994003","-9.1134083203857","-0.920628711193811","3.60352874346547","-5.5270907450025","-1.09649395137206","5.27666371315442","-4.7129616578123","-2.29052508946734","1.34471824884061","-8.40524363535392","1.64848691919919","-0.397049336278312","-2.37550350001724","3.42034631045481","-5.12978347318618","2.90455892140216","3.03768433331111","0.63594763008882","-0.818853697906437","-7.3505085547759","4.80203319302632","0.166000498417103","1.05451581033766","-2.95938621571957","-1.44831089941593","6.37859293849653","-1.96573141771635","-9.6430364082614","0.669148641729795"
"Random_Index6_32_0336","-3.16999457785902","2.3603071834819","5.60637398466648","3.29550356650863","4.93485067247969","1.93339762910132","4.91939030526177","-12.7544719837163","-2.91701825790014","-0.426814936667387","-3.71688570697505","-1.27625157991619","-0.736495027563715","6.99822875491525","-1.51790408641825","2.88967821678235","6.25513680535806","-4.70860498870684","0.119429417434622","0.748595119005253","-4.35532247855846","6.96279956986951","-2.19999825677564","0.0131810858339606","2.529484395089","1.02699740062507","0.228996711731727","-3.76454313124519","-0.598000035805061","-1.18509484880434","-3.87036856617123","-3.2058067693664","-4.19446150939479","-2.99094201740258","3.04885316938825","1.39127860739599","-4.14144267963638","-2.96395155155003","6.99866260122272","0.0225441322915595","3.51823275016929","1.171197823493","-1.28720753359771","-3.56795190018168","0.324140049346358","1.05602239778488","5.19156659175371","3.50466420705527","-2.09367872933251","-0.337128316786337","3.61405672623256","-1.35457460423414","-0.897244082188372","-4.58713770497899","-3.64225690281565","-7.16315463294085","-2.13302032990093","1.14734026112232","5.26373859276857","1.03095841694227","-3.13529700314225","5.84923140744253","-2.75962642966338","3.89396242917456","0.875720340076304","3.39022941518794","1.34289337685283","-5.76335402103751","-1.15858163439236","4.45795375200266","-0.334478442776798","6.66786907616059","3.37018627118277","-1.01408446550174","-6.88330790867306","-4.42908836244932","-8.86958850085904","-3.84304212915657","-0.458838651253959","-5.03673360516242","2.64041116646717","-0.173526339095174","-3.05721104786671","1.00684171721198","3.81933751071562","-6.77393052006243","-9.23018895298681","-0.877195202348503","3.61210735672177","-5.66890899694338","-0.898070753148535","5.15950803908768","-4.96169075100763","-2.1384494908533","1.45956479650295","-8.28824292150211","1.67478381138179","-0.419094863284059","-2.35258302668289","3.39521797743195","-5.0999793158184","2.86013862944136","3.06372361520869","0.696630112057668","-0.788466138413712","-7.38301213292761","4.93181452745783","0.169583915788549","0.896949820171676","-2.79979792353253","-1.49862731208807","6.49614208092751","-1.93299025578484","-9.59123750450067","0.619435865936953"
"Random_Index6_32_0337","-3.22174955553526","2.3135005871653","5.69726563426114","3.19482776095279","5.16053677065287","2.0259570560739","5.46425937109531","-12.8359635684873","-2.71473035675635","-0.491897468281024","-3.95321877938839","-1.42548697290589","-0.716160980324283","6.86696452508939","-1.62872300099005","2.92781782396191","6.47937719279102","-4.92534558262173","0.106680513423671","0.883027904020962","-4.05503581845133","6.85508058526638","-2.22151083818818","0.152465038782345","2.46722191124702","0.84623332719039","0.294260268843211","-4.12783903755941","-0.331981472177059","-1.17336065252381","-3.8822786212019","-3.35564125902416","-4.15029640082439","-2.69048489135548","3.3315709636508","1.38523458656637","-4.0372010782894","-2.99219615701619","6.98203827865111","-0.0665633128119869","3.60298491493326","1.19321966612111","-1.59648113447834","-3.83920256759077","0.468476058853181","1.24489937298611","5.38053604089338","3.41181346023345","-2.27520036889474","-0.369929290797298","3.6202055997915","-1.57484978481349","-0.899770987684296","-4.70796953948921","-3.56106560826597","-7.26239996762782","-1.97750034063657","1.22617568067303","5.2678936532869","1.33158656654033","-3.31919256783053","6.18817177255755","-2.95016640359015","4.04712348712471","0.780536846611606","3.6416627147506","1.36171571392955","-5.77441266869198","-1.19979778030689","4.57962947692897","0.0693606111241575","6.71127629636455","3.63785536714164","-1.25799574590045","-6.70886284009282","-4.62012634024494","-8.92304047279214","-3.73865996715358","-0.425361057490389","-4.96816718313687","2.60051394989133","0.0909548648904965","-3.08266660329721","0.966666710939959","3.79733537571479","-6.82057778323001","-9.22826914033479","-1.00979358680704","3.71217869510915","-5.63948201715909","-1.01016965257993","5.41261559254969","-4.69176639107501","-2.06380633187769","1.34808919217422","-8.44499571152532","1.73754432973632","-0.497490479151712","-2.14690224183482","3.59612781486839","-5.12675521361406","2.97673879848533","2.91304270031259","0.60049884140853","-0.960867086768066","-7.60720103730531","4.85770099795234","0.148583955189259","1.14758852441421","-2.92019149108843","-1.33201744625017","6.57421744790284","-1.93839736979422","-9.98998006896343","0.842460150663786"
"Random_Index6_32_0338","-3.20841092309184","2.23866302071297","5.62082311321169","3.33076146596213","4.84003589849178","2.11065363228469","5.17882981402637","-13.1815266426773","-2.82264300066173","-0.408113395506076","-3.85955004827298","-1.38905160028983","-0.786077257303066","6.81136879512085","-1.47849241041263","2.96438566289784","6.35966960528886","-4.60340852798611","0.104074309291744","0.804414673289387","-4.28189011609776","6.87839765517245","-2.14362852534685","0.0430898223672209","2.42335827261078","0.853528300382164","0.412952331781855","-3.93571255738578","-0.563169837141192","-1.05064273089452","-3.95136440560816","-3.3243053298827","-4.21924162782425","-2.91970283031318","3.05825743351247","1.63556644908642","-4.18968085458329","-3.01365452706071","7.0151147218808","0.0982335175701114","3.49496612547249","1.23030357600296","-1.47798181776422","-3.46116278887229","0.228914971044637","1.15414680417088","5.09219426542132","3.46897833408246","-1.95932872689057","-0.388782586219924","3.44051319513583","-1.60825959014701","-0.915983981564918","-4.57981057330511","-3.7495226131523","-7.16204519526408","-2.12677941714975","1.02537786235578","5.20145899448808","1.1666931813018","-3.11865698506183","5.9152095686114","-2.80621985405842","3.74861257802692","0.979437772981344","3.34410135453076","1.44970749772547","-5.86533182021706","-1.38901629233002","4.46573211857668","-0.342871850337367","6.66618076994547","3.30032290988119","-1.01601117991887","-6.65354909314202","-4.63912628574384","-8.87921844726283","-3.86225777889996","-0.469947789779479","-5.2429034208068","2.50831928054209","0.179383219613528","-3.02383720958586","0.973809937105933","3.74078571143252","-6.70065973135535","-9.29279884561693","-1.04407350992957","3.58130450014261","-5.48281628351436","-0.99742766989751","5.38457996815359","-4.83830609099004","-2.09890137543905","1.3541486365613","-8.30432490019632","1.54425816187584","-0.438572723653021","-2.39133025205934","3.32810956942467","-5.10742165215472","2.87725687686507","2.98916026919375","0.694511098620648","-0.796452602603798","-7.49705453576462","4.72138990515783","0.271475620811343","0.802959726391832","-2.85977353446684","-1.51182639443975","6.35492004237322","-2.10414955209898","-9.64846039744017","0.822970007286967"
"Random_Index6_32_0339","-3.43380065196719","2.5069504938129","5.86720954669287","3.41052496348782","5.01736703534388","1.88986116513179","5.25090219482383","-12.8982197051958","-2.94157737206662","-0.608035656537056","-4.12134850810673","-1.40847068263828","-0.776911313987481","7.2073451344879","-1.73633022186508","2.94799200350772","6.41687769868396","-4.76081094740057","0.0742506911610578","0.952860231663301","-4.3725293054703","7.10411463877181","-2.36236575085553","0.117904513784773","2.55906084096239","0.993533085733628","0.344062545852163","-3.978557936459","-0.5058128550098","-1.26289833860338","-4.10844772612556","-3.31455484118784","-4.20824272323876","-2.80172280349573","3.29293945304327","1.49638543339887","-4.02058092539685","-3.21622739140596","7.19153149351998","-0.129523471974995","3.53597921441874","1.14992377881819","-1.44215037679813","-3.8955717709218","0.204052136348242","1.04829209236564","5.38552031154048","3.61359180173008","-2.04859850482915","-0.431314438836176","3.72847614959441","-1.61161284709218","-0.956390953796156","-4.72064945221988","-3.72828647058394","-7.26612943055559","-2.23511944437645","1.17295064499952","5.59321048011298","1.42557118053912","-3.21592387693966","6.31965185086459","-2.98774501961948","4.04454610055198","0.843068003125717","3.49953864263111","1.52139802904746","-6.03801108453879","-1.16785492576242","4.61198623605503","-0.0720005000969545","6.89788545997398","3.48778054245513","-1.13158203518749","-6.74682303710168","-4.74894286244081","-8.98059553936509","-4.020854781313","-0.77334202807252","-5.095531928164","2.70893131969615","0.0115207387436693","-3.14569186511433","0.973719365407478","3.91897894268539","-7.01033347033052","-9.37130465453956","-1.20457316617912","3.8353529376821","-5.52832893223352","-0.915708461452847","5.55950860512952","-4.69921971058893","-2.21178176645546","1.53249702898645","-8.48494399905637","1.72410852258412","-0.505805748032887","-2.17724129772991","3.61323458408118","-5.32812312890836","3.1396129302298","3.06799648971877","0.598892508864366","-0.762887285249646","-7.68150512389085","5.01223348705823","0.055369397765361","0.978007858454747","-3.23931222956827","-1.3181152872932","6.50500728232345","-2.07039375936346","-9.85414129067103","0.766029198737353"
"Random_Index6_32_0340","-3.08147705957632","2.10035838442803","5.49434884883644","3.15596262844183","4.72424639159948","2.23760740668503","5.14340654667982","-12.758219944918","-2.41535033892595","-0.182673674060431","-3.60544276911751","-1.11705021960411","-0.376104774590651","6.76111251726909","-1.25694120472544","2.82868206586543","6.30064776992888","-4.5125798788496","0.270331453330991","0.720005326890942","-4.34686185757054","6.74822856246679","-1.92807068220468","-0.174398022134749","2.47695993268366","1.08852920274068","0.203478916541918","-3.68110918721554","-0.79812377625877","-0.716136740578177","-3.64530282980878","-3.14565584649582","-4.19590739508915","-3.1192032176593","3.03565028662826","1.63216741839127","-4.07128212643822","-2.9103552165705","6.92591335626538","0.120912164422055","3.29697596283236","1.52457721133943","-1.21114185856871","-3.48295206758729","0.15996365236489","1.15224582141365","5.05014107855139","3.42543584433259","-1.69838456030396","-0.440486313825413","3.40635197584677","-1.0743619537707","-0.618168810562975","-4.40236238689278","-3.65331321735549","-7.02083691829104","-1.94756867799322","1.02610688935933","5.04716235636171","1.03688656159242","-2.89329407615316","5.86216490348943","-2.76204431852717","3.50888955204156","0.996103768155398","3.36953400961415","1.54103200154395","-5.82098059653941","-1.0089917007025","4.35046189662635","-0.329435952672956","6.4357779930506","3.2810274805648","-0.939851228808003","-6.62379850610612","-4.40894794940462","-9.10256200006863","-3.81748234679635","-0.170156315327521","-5.17815474734786","2.34379804299602","0.193134475536697","-2.97556277902402","0.900985748823959","3.51450211218422","-6.51621446312741","-9.048882006837","-0.711376788926382","3.61551210560694","-5.61116893802275","-1.13647760040688","5.2630176455162","-4.97805517323665","-2.36570114722305","1.21790608768725","-8.59168546671047","1.52251494692619","-0.248772434225608","-2.36962576606686","3.27173021987535","-4.90015881809401","2.73313385479491","2.8185557632649","1.02597452799258","-0.723543453260954","-7.41107189134201","4.68485284751791","0.37235325473989","0.625233840725296","-2.69089541470091","-1.63063351624121","6.14914079019886","-1.77212223397781","-9.47434090557571","0.832924920754039"
"Random_Index6_32_0341","-3.27888967312636","2.19619217371386","5.66683123090051","3.28894834943686","4.86377893189365","2.04838488647994","5.14584377381261","-12.8760782537559","-2.6733233303703","-0.303417587936113","-3.74330570373246","-1.23156987414529","-0.555191845884526","6.84764100304777","-1.46997840819788","2.83010224893001","6.21558505918953","-4.7069211252438","0.289574404751859","0.691347338046494","-4.31269770671508","6.82405739041511","-2.20026782305669","-0.122255269285012","2.66463047255983","0.980412704184291","0.175778159933809","-3.82007059681019","-0.580594368101292","-1.04346626990033","-3.75964943840364","-3.12192078470031","-4.14296618842761","-2.92121893117379","3.12364080928651","1.63513703156452","-3.98646103148124","-2.84263168734056","6.91078652989981","-0.0285448120319304","3.33358942908565","1.3278065127782","-1.30989066233999","-3.53677669360475","0.236196753058477","0.919872620643052","5.12932234535333","3.45836236492365","-1.77296387928463","-0.312852270027847","3.57906285862347","-1.34701849409441","-0.774428922149381","-4.51586855178668","-3.61244567789131","-7.07263002076595","-2.17604039932713","1.23529322953634","5.19721011176521","1.18784537836518","-3.02142214573552","5.94948705083783","-2.69482314711122","3.79509099421003","0.9281606228919","3.3199659068454","1.35756135634641","-5.70556821220851","-0.753857096827374","4.3556209452745","-0.243813172080298","6.59532932765388","3.38107702975465","-1.07596822496191","-6.58129691551405","-4.4450513873444","-8.88854580267072","-3.76530889950103","-0.381424322026734","-4.83967784867006","2.61862724295719","0.040103495609006","-3.00813217600386","0.868616360925411","3.75192112478458","-6.50895954809416","-9.25282845946559","-0.891255029004883","3.70671708382805","-5.68445717727525","-0.837107141563047","5.10461651216383","-4.7615484758714","-2.23057886910903","1.29499315723321","-8.51473310595364","1.57591330082175","-0.323640952453959","-2.40007399552285","3.41595203149412","-4.93655250246606","2.79902673280397","3.02901384415128","0.655999827502848","-0.842067958978697","-7.4684100852555","4.87368347298086","0.22760515303479","1.06140781204377","-2.8258696303115","-1.51014447495942","6.53638173924497","-1.99423151801488","-9.57021136239639","0.884514190956021"
"Random_Index6_32_0342","-2.97754670350124","2.16614639948709","5.68677888333435","3.21144487744128","4.80311951671345","1.93940748292872","4.9089492818998","-12.5702565779509","-2.83946666972721","-0.284335649759307","-3.67530991815338","-1.14059439668917","-0.618259057008273","6.87578365114247","-1.36820123390236","3.15753303030923","6.14164665298728","-4.7804817856196","0.303773386024808","1.13007391936056","-4.21484557160214","6.75316112273953","-2.00437109989532","0.10769064210011","2.24470989546315","1.1578828700923","0.587510205082399","-3.7172290517146","-0.462867863903628","-1.05422095899184","-3.98579459911793","-3.0131345075959","-3.98647666916895","-2.97414667322218","2.91402165522419","1.72393932618923","-4.34146205744395","-2.94944743273831","6.89963419779281","0.0580187002535762","3.20777469040281","1.41289784739452","-1.16544537731788","-3.45631908715185","0.160671860197933","1.1044634437245","5.0065711840534","3.3582923935125","-1.9808445287231","-0.677058674832","3.40382936996418","-1.19084341421802","-0.734899958997404","-4.19007665410388","-3.54574523685591","-7.07507396904076","-1.96212394326665","1.03806725403085","4.89606116016618","1.12769029739722","-3.21277060369085","5.69904156096613","-3.05448275819661","3.53486692598415","1.12047515163011","3.22180449598665","1.52346998951608","-5.96951545771975","-1.11922235651218","4.41267239923954","-0.122521249318767","6.38638827686027","3.08735201407324","-0.963297598978662","-6.83437933304871","-4.35227552986709","-8.54971401711895","-4.13131586751956","-0.553934235909639","-5.15430762146515","2.293231042804","0.101058720328182","-3.16865227193916","0.959958272079572","3.55545201553802","-6.68244632492289","-9.01366051876772","-0.778875989024458","3.34366827426512","-5.42385334295667","-1.17274197999889","5.47933962004372","-4.90651834577953","-2.04447924921997","1.52627899045107","-8.256271117948","1.83975591263801","-0.441648416554254","-2.43919424060108","3.37664201348276","-5.04098602059174","2.92785348342293","2.73121332607689","0.758533370374449","-0.538077548919645","-7.39353375341224","4.44818924867979","0.220768203715823","0.685138609919014","-2.55619164325614","-1.61703153865518","6.18115798107591","-2.00548887945834","-9.40167712910192","0.717939093005829"
"Random_Index6_32_0343","-3.01187319480027","2.03859680572323","5.48118619216295","3.16539196310472","4.70473201208678","2.13901459062958","4.99169856155089","-12.8934076267932","-2.85935296647199","-0.117493196624665","-3.54477017154097","-0.913115207415984","-0.422284195025532","6.76681394302358","-1.22497484988587","2.977269093086","6.28265106995974","-4.76062804394718","0.358703985792307","0.805813895702848","-4.36929165577036","6.7547863136887","-1.89754238810363","-0.175620773144852","2.23570957495811","1.18621988752215","0.199810508273771","-3.63007484890219","-0.648022699995711","-0.916824880908567","-3.85297323204474","-2.93169128539109","-4.18471477323332","-3.03485510701754","3.20809574567444","1.75208788192926","-4.25011149590492","-3.14715342604566","6.96979178058856","0.11459153677793","3.26579363909936","1.53262312575806","-1.40119519720518","-3.43952212308364","-0.0588326034480972","0.875411570522362","5.04276017470313","3.06322198830552","-1.74139413591184","-0.727803425883583","3.40654404148538","-1.06631865319365","-0.641328363367329","-4.47826014440638","-3.56548313051354","-7.08624345634446","-2.18006253774632","1.26448529969668","4.96651659676914","1.01970975747635","-3.0368379346743","5.65433834902226","-2.68443662062129","3.62201244389755","1.30278180130015","3.33655488352395","1.5246189032951","-5.65777946718169","-0.871967245642105","4.28976651747405","-0.221660732682822","6.47937955591996","3.09738131618028","-1.12954056366912","-6.87473079831453","-4.36507031978789","-8.93129664226871","-4.07034328657464","-0.322367626717966","-5.10365897045703","2.46712517930631","0.141982189535031","-2.95706701346347","0.678041823090175","3.64037582545207","-6.45564661366189","-9.20215976558853","-0.532505321118886","3.27771486038331","-5.76356858257687","-1.1415654385855","5.17158096421027","-5.00775252973323","-2.47355978731626","1.21465289451813","-8.64943621745918","1.57838872625521","-0.236001509096048","-2.59238819176913","3.60050594454148","-4.9211081350686","3.0052556762532","2.87505983887172","0.895177859564364","-0.726036252524037","-7.48215264497618","4.47302010531003","0.441207943346287","0.685440710756426","-2.65147390056199","-1.61044837267544","6.07999867437628","-1.82732861206509","-9.45056057751229","0.966318528730107"
"Random_Index6_32_0344","-3.09468753171662","2.0282315145831","5.51083965466213","3.20162953759118","4.7575399931067","2.07345523860674","5.12552198934754","-12.9290969864957","-2.8926592975504","-0.284640474731653","-3.71419869386638","-1.17187082852864","-0.622105373077678","7.02902888163041","-1.44469148785607","3.28177784478694","6.23768006847103","-4.71140768117497","0.231060751585624","0.988201922439314","-4.4646554088221","6.91291245318673","-2.01092776728269","0.159284594896771","2.29063547595819","1.14583087698478","0.384869790073492","-3.73724630360011","-0.610476544166672","-1.00319689678771","-3.95353698997507","-3.10801133577881","-4.1842326007713","-3.12374414776492","2.90788512297014","1.76266434632312","-4.27525769608878","-3.34818928953943","7.03865330114532","0.221434160443174","3.36311048223952","1.43960464981967","-1.3283658003555","-3.48986247781951","0.122583094451767","0.933678306190824","5.11243525057633","3.2583920229251","-1.86667800831067","-0.641728452344574","3.45871056612816","-1.38601064005263","-0.74039720197382","-4.4018398643793","-3.54391238247939","-7.16845022651526","-2.10588186249887","0.927438157483117","5.06820275497079","1.21851498283159","-3.04817495874364","5.79003844215962","-2.84181785128521","3.65395871323328","1.15427588843274","3.27727822148418","1.55131275795984","-5.86734302923534","-1.12838719513274","4.44591627759982","-0.169646162686181","6.63610934945143","3.1494292660095","-1.13283096636868","-6.93297183853214","-4.55787054866153","-8.78309065482092","-4.08942715248982","-0.472684236112021","-5.1548729063748","2.39216956905901","0.292315417097005","-3.00397132984627","1.02484141556427","3.72018762496706","-6.73752522513158","-9.25494888609307","-0.758141532281518","3.40672215305071","-5.5912782815403","-1.02730297324283","5.42187097574146","-5.16641746925702","-2.17134592178469","1.42247312265693","-8.31949825406412","1.6481094647896","-0.362132701352986","-2.31233795419386","3.32298788437137","-5.00284431761237","2.91726923254431","2.87745203748231","0.880230476337556","-0.618402948576819","-7.64585162939357","4.65398161074498","0.292422531464613","0.804069788496347","-2.78945119958775","-1.77781803324614","6.21719807096793","-2.10776332968396","-9.48014077131863","0.909253215401373"
"Random_Index6_32_0345","-3.00809053197333","1.99427437524597","5.4874663251728","3.07359344290298","4.80293699703072","1.93492961842486","4.95324050267577","-12.6113869867929","-2.84778985063104","-0.335453994241662","-3.57001912570811","-1.12397310747413","-0.641106979980421","6.64977612325581","-1.37403975164809","2.94961797097839","6.13873510159338","-4.60509034457137","0.175533252558622","0.735799630290816","-4.42367522849768","6.69824132146047","-2.15591949160078","-0.0290642861075597","2.42996972563257","1.17457843239339","0.253912288715481","-3.60729713620754","-0.671697407981277","-0.96660101146276","-3.77326415445256","-3.08192765868982","-4.06980938394479","-2.95657286795494","3.01013520963028","1.73089782289121","-4.16934037751448","-3.09106279804336","6.82495370666413","-0.0178026137634454","3.18035854326148","1.27190392651123","-1.1123022835609","-3.58876601381794","0.153751920442298","1.00834517425447","4.97101802574341","3.32939387335923","-1.84321382015614","-0.504832173502296","3.49855891096126","-1.22665443322185","-0.749725994458959","-4.38020518586242","-3.43738639811474","-7.09177662649809","-2.20152426493534","1.05514450132137","4.97542617512806","1.03085524318396","-3.08274866195665","5.76054786295167","-2.85480863589662","3.53359829805799","1.02763770567257","3.18247103333889","1.47034750941667","-5.73839696327056","-0.913433680195435","4.2182719582121","-0.208907259122216","6.40476098754258","3.10668635072998","-1.10227638531112","-6.84381873172938","-4.31868283359673","-9.09777954201385","-4.01068774273438","-0.468924755499296","-5.03343363734299","2.37245351981727","0.012134577880676","-3.06760510765007","0.710314191836273","3.49238386690237","-6.65879911927174","-8.96526332695461","-0.769857693332667","3.4305403476366","-5.49550265829801","-1.105094582638","5.23868171507473","-4.95877382608967","-2.43654547955014","1.22148611020643","-8.28599487851461","1.62588758633998","-0.339562237767318","-2.30068986658288","3.35874586333863","-5.19466558918719","2.84335561197402","2.78926675550475","0.608568022335008","-0.697494530588947","-7.42914674098331","4.69971017341156","0.153347940940291","0.854534327458198","-2.71255327415896","-1.69715237618096","6.19613832846709","-1.75903208123928","-9.5490246458639","0.574293902097279"
"Random_Index6_32_0346","-3.07637894091409","2.21568592984233","5.52192883500653","3.18196362560247","4.81483291995874","2.09295383522687","5.08924169727294","-12.7893759103021","-2.78031867480288","-0.30440020208259","-3.58653048501331","-1.19262117341535","-0.524293861530165","6.99233966964155","-1.50100659879409","3.22345992628899","6.21342996574621","-4.7636981930493","0.260185260509785","0.918704748526448","-4.44620634331214","6.93858329498085","-1.99539819614451","0.0420239247233246","2.24927621953856","1.06420189944039","0.29905811401523","-3.69834012671958","-0.641569267960087","-0.929826380504576","-3.87064852532366","-3.05152477250723","-4.15448393877376","-3.00661395510881","3.12318207895491","1.65204129870663","-4.22781350659993","-3.12006701006153","6.97038871035639","0.108596938536041","3.43695363950693","1.40261830122215","-1.18957945525911","-3.50505231581032","0.15781172779694","0.965514682103282","5.14173694836209","3.31812183530507","-2.01853533339792","-0.573082085792082","3.51687508377419","-1.30808913431755","-0.709583888799539","-4.44581002110613","-3.65345475505539","-7.19970647767125","-2.05349326522494","1.1463273888598","5.16566177654782","1.14917047224443","-3.14315733485102","5.85415499688324","-2.82675057752144","3.72653558956252","1.13477383701649","3.30952589135964","1.56706891921208","-5.94895537624607","-1.14563395484644","4.47150308456167","-0.0821328959463152","6.61243362732789","3.23631845765264","-0.923341095904024","-6.70005950878324","-4.49305877301481","-8.98150556739971","-4.07836628819422","-0.451014221999105","-5.13655029317894","2.52906216135774","0.197457834855806","-2.97430646422894","0.818204548278408","3.81153283312138","-6.74860156188884","-9.2443783591545","-0.689917135339969","3.37285289271268","-5.68968323858873","-1.097330869306","5.37798632893529","-5.01572556041762","-2.32167109792067","1.45127267145884","-8.37292402393001","1.64547098036622","-0.342402334530733","-2.36956700104691","3.50224369002733","-5.03949208007824","2.94893992924821","2.88682056664687","0.878520154646986","-0.706114607065821","-7.5706680799962","4.74057419831957","0.285360167735199","0.864640708651894","-2.75887433971833","-1.67021922798464","6.29333282276015","-2.0495692821957","-9.52817738578346","0.87804049209014"
"Random_Index6_32_0347","-3.02942036884043","1.94905516939009","5.44564066974193","3.1713815650857","4.93625120150972","2.23835346565016","5.42037568866917","-13.041335789216","-2.9757389418104","-0.245484388661408","-3.72102713539754","-1.07920056982651","-0.628438451651827","6.85186316752188","-1.41971198061463","3.34274091023101","6.31083218658794","-4.54052335500489","0.381369317965723","0.800238682608484","-4.47830300749277","6.7646567684872","-1.91408568057191","0.0879750524326459","2.03409014455974","1.22685517640311","0.526599670789736","-3.74808500315823","-0.614009888313557","-0.889286087639178","-3.8955099495808","-3.0668061846051","-3.92570779863399","-3.44016880214448","3.02236197650786","1.72360430638526","-4.74068006365192","-3.29168294485795","7.01567916654688","0.305137903869181","3.43041950187215","1.52956631952913","-1.23151543913432","-3.56014638564407","0.0180869117803538","1.02018238919165","5.0499721305007","3.28840563918639","-1.74800885090335","-0.817310313730452","3.38652801086562","-1.31921758570346","-0.638856917771515","-4.47986861939418","-3.76227534560304","-7.25440878830397","-2.32139196144725","0.971746897783593","5.08935692328864","1.1473865394795","-3.31666864284574","5.77776912394718","-2.86422417358134","3.6525133398986","1.31260035772885","3.29207985678815","1.84036808829623","-5.85455726119039","-0.972304631387315","4.24595916070625","-0.0230294085721806","6.59685521741461","3.02977397724965","-0.874499339830029","-6.8469684506695","-4.61021303456924","-9.1554147344817","-4.21544608846761","-0.470934540276342","-5.42480886032133","2.25828361552353","0.347484705647282","-2.9989976273692","0.862050873257736","3.62895573227489","-6.77640833283625","-9.2355491504444","-0.704205585287153","3.29451331798035","-5.66034857738934","-1.1562479183997","5.35009838873838","-5.12453064371648","-2.14502581423153","1.58945666007503","-8.35947051245321","1.70735353618199","-0.356462364081348","-2.14976587130047","3.42937525384937","-5.07712682928405","2.88296131113327","2.67164779803335","0.864370946957268","-0.644647768239738","-7.79550875987479","4.6838628013645","0.443715776199776","0.81678262732241","-2.60388718165511","-1.94110722204816","6.27025758511254","-2.32279064745036","-9.72461895509759","0.955194324172674"
"Random_Index6_32_0348","-3.17885852734384","2.17237298283861","5.3815455282858","3.08051146861804","4.76953622094952","2.18495306543358","5.28445610152057","-12.739875565826","-2.92150726020701","-0.312506020934939","-3.68754407055839","-1.14192323921611","-0.457664919122222","7.08927092764905","-1.3742086086914","3.10539911276046","6.40921418812982","-4.79918895230771","0.314742755527084","0.802233871351588","-4.59124311268483","6.78919337638228","-1.91927885395901","-0.00281230088601259","2.18562539937972","1.1736615763168","0.399189528609654","-3.71919007895624","-0.523306024122119","-0.888668311797974","-3.78683866864187","-2.90856599895036","-3.96658775527796","-3.09978529535409","3.32263377804855","1.74241352687885","-4.18484542543267","-3.16683126454803","7.03299465392787","0.224628071466819","3.2560258636896","1.53922329260742","-1.27727840530976","-3.57353572825397","0.0210595182327407","1.16379498928544","5.03973677151014","3.35709856919924","-1.81884563863339","-0.646045992721895","3.48807911196249","-1.27639203602279","-0.532328419003386","-4.55850371269941","-3.39681560451001","-7.25051349884066","-2.08448757445992","1.22692085381327","5.07887533219302","1.0855727364351","-3.10504819417315","5.79422527767168","-2.76096038299324","3.58924183965088","1.10124473727367","3.53327226829199","1.61828348733444","-5.7821847735546","-1.09781356023334","4.2096224597913","-0.159600860290796","6.61248823666916","3.13085367479126","-1.10879194041712","-6.81815107936055","-4.6145342031199","-9.04625354735158","-4.12540405350144","-0.477360332957956","-5.27064147560472","2.50785857922464","0.390819601680314","-2.88249438066171","0.834529561114957","3.75666516931388","-6.73853953874645","-9.15840422779841","-0.68850049912396","3.42787372705689","-5.70410515131407","-1.18944221867784","5.34992633699748","-4.93678641744856","-2.28060807388907","1.4467897713486","-8.49007477807563","1.63153402422926","-0.368740143717513","-2.17730975899894","3.69288895302002","-4.86300402255717","3.17822385147335","2.82809969101248","0.837712552685435","-0.729608902021755","-7.85144525654346","4.67629882619075","0.436104195852244","0.675930047988154","-2.74676278202457","-1.58246749473254","6.31295355579449","-2.12563509284785","-9.62225668815448","0.936484371747999"
"Random_Index6_32_0349","-3.13903782280598","2.38674130793786","5.74751421152915","3.20551734049816","5.07784004317126","1.91858980405505","4.95535304942938","-12.8633116779367","-3.06568979839397","-0.413173888491134","-3.83599358533575","-1.32010182746587","-0.87830210997777","7.05022288934158","-1.4756903814509","3.32784480029647","6.22484251826225","-4.96832279464465","0.133312999698395","1.13973011227972","-4.27169703398151","7.09633802746961","-2.05158647073158","0.232057892683107","2.28492150007267","1.13599216876714","0.507514796057275","-3.79914760840828","-0.53301220669162","-1.13510808689683","-4.19895794106277","-3.28928766420462","-4.07719885885717","-2.91738443398153","2.97730179714332","1.58855721056058","-4.46926626792436","-3.35476487187731","7.0409238635943","0.0123042227305181","3.57381652750574","1.28327629812104","-1.15643319582862","-3.78931243743662","0.308164467632077","0.961419064732708","5.39499524787767","3.29357425041234","-1.90999510801592","-0.67906934181811","3.68694853010986","-1.44032393801977","-0.9375170186009","-4.5122646200523","-3.62667458973426","-7.38277734561902","-2.00246324439539","1.05111570133772","5.28357219745708","1.12300878439143","-3.4590337007157","5.97835250511584","-3.00770455767696","3.887031110633","1.09888395328494","3.30155430712096","1.50912030206785","-5.90889151601562","-1.17114402739247","4.68572994458747","-0.060415432307642","6.60086254184844","3.31892588682163","-1.19481747537515","-6.89616306429847","-4.82341733642126","-8.88740696967422","-4.20808119298897","-0.655808478617506","-5.23385349496471","2.52486814437185","0.194567525894679","-3.17742191427359","0.97860813702767","3.87422107210885","-6.94667909622863","-9.17751473380593","-0.808079854665675","3.58499061122961","-5.47863881384116","-0.994513857084051","5.54771505663775","-4.96077415106491","-2.07975633691695","1.64492963905138","-8.46586184582239","1.94153408796263","-0.678300358808962","-2.17101062831218","3.49797241992302","-5.21791431848998","2.91758464620442","2.90555330434364","0.619676846413881","-0.77956304244809","-7.51167415479917","4.65527421063665","0.154123500291352","0.785750419445528","-2.76113024771549","-1.53811634579627","6.30548747705558","-2.18465460010537","-9.74884681068623","0.805135383993167"
"Random_Index6_32_0350","-3.06830106011238","2.02115497646924","5.49496723414261","3.02919107161451","4.55282073873613","2.46121053605693","5.43113908579137","-13.0519919848199","-2.69664969133925","-0.0241937751031624","-3.45488925636518","-1.07226624715222","-0.228920244883719","6.80402594982194","-1.07468101289802","3.15912594323925","6.3179892822618","-4.74533623436487","0.597205938443938","0.887649642657407","-4.39511331584373","6.59376215093796","-1.70465027039061","0.0602370294740585","2.12597764714964","1.27431855070259","0.502394031990968","-3.58700895828598","-0.819943707043104","-0.762014866565811","-3.77776056854099","-2.93268844879923","-3.96240085287091","-3.19982857592275","3.09596338494758","2.00196820693774","-4.20958622629397","-3.18097129792792","6.89690536696235","0.426459480529943","3.25308086147302","1.85333872816403","-1.27558677167719","-3.27673329063298","-0.0586051989534711","0.782961689850756","4.88503844524726","3.11700939248376","-1.52360353362191","-0.842330393325564","3.36001603542074","-1.24355758116047","-0.673461513988368","-4.46572165867474","-3.72113715451037","-7.06829532665423","-2.32861421742239","1.05141477495839","5.06245735715845","1.32925413109181","-3.22028130963137","5.81193673446252","-2.64397032935963","3.45930218064999","1.26405052482416","3.4386385532533","1.79658343412557","-5.85205790231106","-0.95824188246677","4.17289122533219","-0.145669194157163","6.54721324554876","3.05169699794862","-1.11808819530615","-6.71546788500928","-4.28642927389747","-9.1738454863859","-4.23284697028731","-0.259685905292577","-5.22273302313003","2.35990405257925","0.782466340112762","-2.85807622345485","0.771396795176126","3.56766954047167","-6.56851586452586","-9.25592008513851","-0.631968478411093","3.38467863163241","-5.73486796165213","-1.41977978168645","5.39627791066155","-5.02330065702009","-2.49063171079454","1.38236258659201","-8.68288286443456","1.6992793367053","-0.0656484921710649","-2.24899356561791","3.35201121498596","-4.93865537273891","3.12096776070071","2.77118753840173","1.1190942115193","-0.64928817079874","-7.78691030867113","4.37761943458123","0.701831720042167","0.638709047778183","-2.65563773299086","-1.83953678618641","6.01475346213726","-1.97590630233009","-9.69688032923513","1.2853778067039"
"Random_Index6_32_0351","-3.23975178827798","2.0948309757329","5.45087457377966","3.19485741668334","4.67918060226984","2.33869699002389","5.13781461780426","-12.9011453658996","-2.7832522711481","-0.309443282850133","-3.64879818177962","-1.07286405589883","-0.663419321654158","6.91815580505347","-1.40885569347641","2.93576388834414","6.64007393268817","-4.60750855270821","0.352240624166336","0.6053633979262","-4.55227009974141","6.98229303912972","-1.8341412999655","-0.0566632467409656","2.27100329452929","1.11108978149273","0.264096462451431","-3.62929155593137","-0.797813921414194","-0.795417335598655","-3.57309878574211","-2.99305487131903","-4.16727507402576","-3.22827287196841","3.52636752873698","1.60632255697521","-4.26848124598544","-3.11549000220029","7.13986661286786","0.224326286702921","3.39779668927558","1.52300541028717","-1.14404447049475","-3.50386044572683","-0.00610867441723717","1.06152305107701","5.16467589486262","3.51692374119762","-1.82908114525268","-0.539455545165789","3.40324257559825","-1.15296654452788","-0.675988537074626","-4.61639137290769","-3.70582624829684","-7.18556827671294","-2.26030459337403","1.47907205772642","5.15159528378202","1.09789384844356","-3.00388791947704","5.78233251953626","-2.62773452203544","3.68185409436049","1.12643499224525","3.74973531747356","1.50638491067867","-5.71812304086591","-0.889931091491102","4.35536268493159","-0.267384835120624","6.76943926123287","3.27703114523434","-0.952758950160557","-6.76023129231737","-4.74232066320646","-8.98694970621167","-3.90892422534788","-0.164374347426838","-5.25438747417184","2.64757305753404","0.400416871321477","-2.82546399992851","0.768875981103642","3.79501589526199","-6.76502980139309","-9.40568194672429","-0.705083565133259","3.55847066486328","-5.67249351614028","-1.11520637189272","5.1789425164033","-5.08616575039196","-2.27977149578414","1.15247418598754","-8.63576736420366","1.48284293586082","-0.154081818060534","-2.37597990497802","3.86857115667967","-4.92274040989539","3.17353965884951","2.95562369217072","1.01913287601865","-0.635218477773025","-7.72716725274059","4.81191406525932","0.498984081436342","0.725912878425854","-2.64970043729122","-1.69374712585016","6.37120970834179","-1.90460270015527","-9.51894045331394","1.19208147710926"
"Random_Index6_32_0352","-3.2029700525741","2.19587439933244","5.55450041858706","3.00727171713506","4.93270578080854","2.26810743661209","5.03984281928162","-12.7315726167421","-2.74617462898111","-0.197783619283281","-3.57315613283211","-1.03456459838519","-0.488360318781585","6.68043457807785","-1.20437595978032","2.95381502819525","6.14229174613516","-4.77170134450137","0.420490581294836","0.731617667390971","-4.43578958029158","6.77441481726823","-1.90015911034093","0.0461003248076488","2.31470861815348","1.11471605655937","0.298569967863271","-3.64114979161229","-0.398895954006056","-0.874231193121993","-3.79196025329964","-2.97021925567324","-3.91662905699582","-3.07788597203187","3.36963576056487","1.57295797010688","-4.07044134943833","-3.12817663146544","6.72185372900882","0.0924157437235143","3.23609961301105","1.42083240707584","-1.19184457349279","-3.47958871064839","0.0853154485245937","0.977113358625115","5.00527081406999","3.25658448988453","-1.79191843343979","-0.57588694194924","3.43163902260958","-1.20740573808981","-0.593007836459204","-4.59652097129522","-3.37573649744883","-6.84732639827885","-2.08392379781623","1.34556367886911","4.97513881703573","1.0161035841676","-3.0665727790721","5.73401615816395","-2.76289130610167","3.64394853551199","1.08220863231579","3.33535066674724","1.44886505763978","-5.77868222619305","-0.749409201393063","4.28743890764361","-0.148287557659328","6.44373351319481","3.3826772894546","-1.13675100146476","-6.77302197410785","-4.44279398703984","-9.00151825104128","-3.84275922399245","-0.289111597748866","-5.14070561834196","2.3578372245256","0.346464280859168","-2.86283886835326","0.720706073465939","3.55831375137292","-6.51456375742122","-8.93185309675119","-0.857666695125487","3.46941933417194","-5.81542349407204","-1.1046549429926","5.28168038354322","-4.99546574839351","-2.39157287179285","1.42409639994376","-8.18164266319979","1.80914429196456","-0.328977806192569","-2.12497087764398","3.76497749873051","-5.00428947807347","2.88073388974287","2.76783237629446","0.845350682385087","-0.813523013282454","-7.42911345133407","4.58111249965355","0.524676348581995","0.743946967895907","-2.58891290593755","-1.56055881791172","6.14699525246021","-1.80228060464921","-9.5763297791588","0.930647884850415"
"Random_Index6_32_0353","-3.35999390498","2.22695847469769","5.43464103371161","3.02391397667685","4.85391291033441","2.23747188444155","5.40574272939145","-13.3568632342724","-2.73717582556213","-0.195933052021002","-3.84796555378447","-1.27981218453054","-0.641879222850432","6.76823068009792","-1.48740799035613","3.02511178224782","6.51380107560392","-4.53638375712194","0.192096636633975","0.689930884773126","-4.65572369559589","6.80751489703602","-2.15964856297456","0.0522099360646797","2.42137240571969","1.18218254448867","0.195235759002433","-4.00878350029032","-0.568075916723101","-0.952345203110778","-3.69415315043166","-3.22574610699655","-4.11545501366702","-2.97095755716352","3.14108955018606","1.55907423528112","-4.10813750113065","-3.09341513381709","6.95887337116875","0.0573202039216427","3.31740516956413","1.33725732241035","-1.27671140231574","-3.65177528828889","0.0942856224074082","1.12707817796437","5.07371090098337","3.33934441804334","-1.88569590205642","-0.516763107059661","3.27436463616214","-1.28824885820051","-0.830188046606803","-4.89281169662271","-3.52583112612091","-7.11407959626261","-2.216593534907","1.11886910164012","5.0263971440931","1.1998165699332","-3.02976834332381","5.91297676580888","-2.81105654960146","3.64583292803528","0.813701536283118","3.58492523757214","1.49271530328025","-5.70933401555608","-0.959301390502481","4.31676553146063","-0.312368872257128","6.75331252332443","3.48138683553342","-0.961330646609624","-6.87524957096427","-4.70191990525429","-9.18237370061889","-3.89479218607077","-0.240052953189338","-5.33234340050546","2.37965703448679","0.173930070414978","-3.13707230661215","0.849138543455672","3.54627436679867","-6.63320164211299","-9.21187541749785","-0.755775016263397","3.55609254805061","-5.7808095402638","-1.21114593191894","5.27619687268778","-5.20615649537669","-2.22722047662623","1.17893383943209","-8.35225246640407","1.5525694460781","-0.3920628529984","-2.34988306126321","3.44419088759851","-5.054001439472","2.95298019843116","2.68554829490183","0.809556506957543","-0.5032741176677","-7.59518931382496","4.76992082020006","0.293516445406915","0.880261533844708","-2.74382342614077","-1.64403773554964","6.3693454630137","-1.78325004151868","-9.6658403406704","0.836073562282492"
"Random_Index6_32_0354","-3.07092459848772","2.03409201885352","5.3370462798225","3.11235764586578","4.64121606752685","2.13699299055727","5.11139766993956","-12.695890750731","-2.69574350292446","-0.205693257844126","-3.55315202686241","-1.02481810148587","-0.476305631519287","6.78783928460552","-1.51809026208089","3.01206043291446","6.35172930994572","-4.48805138702395","0.351514766142941","0.827156452035215","-4.35039479610488","6.81328228977118","-1.89251097311071","-0.0584749692203735","2.16026186029447","1.15920344134819","0.299698759195398","-3.66249569706217","-0.645703576839888","-0.87944702591269","-3.71532875820871","-2.92690843807086","-3.94387866894745","-3.00842617753105","3.18240563041749","1.57734497311234","-4.22521403605508","-3.22926980337137","6.93260888629288","0.130988495325076","3.12336366052089","1.4280702585106","-0.898936824094488","-3.4320366856898","-0.0533547850600112","0.906724838261573","4.87554685513136","3.22776762825629","-2.01016510881155","-0.61121037324576","3.32272113720807","-1.1606864557325","-0.615619316783723","-4.36814607660267","-3.53554979841535","-7.06228472025978","-2.16802372707046","1.25622653280303","4.97564149925724","1.00599345481642","-3.06909030694544","5.59584159347299","-2.71308837294781","3.50305219228769","1.17834381525938","3.48206712916257","1.56509308821437","-5.71000703027862","-0.949212145645951","4.3772248735698","-0.180889430515505","6.51324419984877","3.03778443552969","-0.979847796426825","-6.90968641718864","-4.43848138351794","-8.90683754134173","-4.07700740504729","-0.267604056505187","-5.25961310104938","2.42343914829103","0.157672959702283","-3.04704197232555","0.615209100648097","3.69278784058522","-6.56165666257719","-8.9472804204157","-0.634789031490101","3.25084402249034","-5.54783439194531","-1.22775375040269","5.2337323887919","-5.02973130146415","-2.48407066186053","1.21064995072818","-8.60281910892374","1.56519296423825","-0.337886003906309","-2.38588414499979","3.52395960796414","-4.8980330442655","2.91821662922738","2.84200906196318","0.820070429605678","-0.596376541918074","-7.43220068153832","4.62941008239395","0.254951223069355","0.559379607315361","-2.4972606803613","-1.70761989584436","6.14758342525379","-2.02158451492996","-9.36396886289632","0.868979417270855"
"Random_Index6_32_0355","-2.98209015094879","2.30234402201427","5.70224343449769","3.30969390840771","4.87681122362228","2.00240385883305","5.18363422745957","-12.6358272389542","-2.72651899390559","-0.444423467824846","-3.75927724917522","-1.22720784256399","-0.547781069073095","6.75411748143111","-1.39415084474293","2.98810473075646","6.18835767756782","-4.68619241375397","0.179657278072461","0.862804381531112","-4.0003497096159","6.75199471797513","-2.13737468135776","0.139388883350972","2.62910050134815","0.924612950404951","0.358072451166128","-3.79082495075341","-0.501410456892285","-1.06343656254863","-3.88428801081725","-3.126342967795","-4.14715303543841","-2.69356608795231","2.95828141178824","1.63463585723478","-3.94189839437455","-2.96285641930279","6.84456352637942","-0.13755271516176","3.45059581699944","1.21025213869005","-1.37175647163264","-3.52024567299863","0.233708534965633","0.82913953228194","5.32855435763248","3.52544181541563","-1.68587216152137","-0.395021212263842","3.56050177454568","-1.38763022535767","-0.846653102210964","-4.4002944477253","-3.44818065316091","-6.84403255369525","-2.06669473752268","0.983386639478888","5.18073978694412","1.39990558647777","-3.1106350817927","5.92846619943665","-2.90681128352327","3.61747004309098","0.804356167887138","3.23900126574897","1.52346246731264","-6.16901072372152","-1.03792060228849","4.36667610319384","-0.1520547047896","6.40096456293724","3.43673743055039","-1.2889810330046","-6.76709397665175","-4.29240466023806","-8.90879145683624","-3.81787243450004","-0.30584740870525","-4.92492840564848","2.49178856398716","0.197571744730786","-2.96670363810531","0.857100131762465","3.61481952412228","-6.57087344495826","-9.06782273546976","-0.887194205803717","3.7203949736925","-5.50518882772085","-1.02972147160238","5.23167605887174","-4.67211573991533","-2.17857643037374","1.44751323151834","-8.22504088991167","1.73394565321772","-0.400044382225293","-2.26649227094254","3.21263317918557","-5.12875170796062","2.85214861689188","3.02906272305897","0.526104376117876","-0.668857035110358","-7.28901409281762","4.6560631953572","0.210667958347567","1.10327946600786","-2.76906186329418","-1.4545123435115","6.15816790770805","-1.84329811412953","-9.55965266504805","0.71396930761047"
"Random_Index6_32_0356","-2.90938811098325","1.9897734670167","5.44194177479928","3.07586403057945","4.81403499394464","2.14018643365999","5.13952551844089","-12.9482018575002","-2.56723890165859","-0.293769984137296","-3.67148198796337","-1.2407855856798","-0.57155962121238","6.68573406337441","-1.50556807831173","2.90607712207507","6.23797122146217","-4.52876382445292","0.272096870065948","0.642020432363935","-4.2440533753398","6.78073153272761","-2.03415760291281","-0.0824850446417229","2.48184014343651","0.964842183783557","0.246205958903462","-3.79159045985588","-0.660829435122641","-0.987162291955724","-3.86204431581173","-3.13570508585495","-4.29591030053655","-2.89795125252243","3.00741775387725","1.62212235503446","-4.29834642785903","-3.13266403572921","6.85124869874926","0.0198885159307811","3.24919355779113","1.32508897682437","-1.17830027551349","-3.45160523505579","-0.000489770603122776","1.08870840847253","5.14441332567251","3.45266103244328","-1.80149697739679","-0.505216961533522","3.34337127789771","-1.28402544907552","-0.803534577273268","-4.33057098500309","-3.60588304478086","-6.85508652750865","-2.1928355258114","0.994582179484975","5.09541703962334","1.3881121745041","-3.1090100479443","5.79695852326503","-2.83632966894184","3.67920070132632","0.936227359254957","3.26976587245566","1.42303077735917","-5.59284482174175","-0.96369296839403","4.31270165727981","-0.0904798882504293","6.51057478849229","3.19763814420628","-1.01275080812734","-6.75779199649275","-4.24969773574675","-9.04399323590386","-3.92156667766364","-0.234503898719754","-5.13326064200161","2.36709222305118","0.0272704992425523","-3.02198592821672","0.807550841885196","3.5018563696297","-6.47788277808861","-9.28477734879909","-0.897171909829858","3.52430811829907","-5.47123594876321","-1.09107123587889","5.19165935338747","-4.9127516870437","-2.33510117054173","1.07776123698278","-8.38457424570779","1.53325994657854","-0.483738660123707","-2.38639754455277","3.31748209570627","-4.97347596294223","2.77792872588725","2.6963761039006","0.663726035127575","-0.642685476672188","-7.38867359872122","4.79423736449813","0.319231016713484","0.853336472022684","-2.69223245549951","-1.66690311155718","6.18916170511221","-1.64939137344833","-9.67005236210445","0.815370033892242"
"Random_Index6_32_0357","-3.11469979881568","2.05978698405018","5.48683150442495","3.05899454484177","4.82875541141374","2.01957736992781","5.17447554864694","-12.935774948653","-2.80169460528887","-0.215318515019015","-3.69237970180305","-1.13478527792716","-0.559489024424201","6.82704448665968","-1.27897202625719","3.20151836620004","6.35853559034897","-4.65247693928013","0.238622025395567","0.837574498290357","-4.38188615590336","6.70833370040064","-1.89911256844145","0.0857965530875889","2.24115967156396","1.21742548195908","0.425195478108399","-3.67063135944832","-0.529009089464513","-1.03457615461034","-3.80825673269398","-3.04255307297303","-3.9465008716941","-3.02242028100817","3.22939617353148","1.67441706007907","-4.16552930904622","-3.19701766157563","6.89920076798671","0.120980758873814","3.25466495585072","1.45874032779201","-1.27506519179186","-3.46402659529533","-0.021885640966181","1.09919562111024","5.02030874908468","3.22206471195167","-1.88110419736927","-0.705990051166206","3.35166106782064","-1.33272360369135","-0.687502331568253","-4.47914555245704","-3.56028427625212","-7.16882874040867","-2.12847042873525","1.16119614124793","5.03148046928799","1.1549965708818","-3.14344081284638","5.86653186272017","-2.89300047269951","3.65279605428369","1.11936995219317","3.5187489113182","1.62519847093285","-5.70764143278255","-1.20599434704488","4.38864666025574","-0.183586597959707","6.58255005979046","3.19867353284197","-1.09032135946879","-6.8523359062137","-4.3866473497893","-8.85490262580773","-4.04592854311279","-0.385358659624164","-5.21760648445613","2.34193011601766","0.355429871254917","-3.05863921971577","0.870516218883053","3.6757074014367","-6.65970849773311","-9.1346628437196","-0.845359223593637","3.46209925382272","-5.45940655825184","-1.22245381140616","5.39864231663026","-4.96883919254528","-2.21613844301141","1.44146373482978","-8.30160625395371","1.69143919067629","-0.357717692786345","-2.18447107489156","3.52946331969935","-4.97082792721901","2.9843782203932","2.84517579683741","0.871277174737105","-0.75787273318466","-7.69104790714448","4.71186086802616","0.342751350589871","0.820996121177679","-2.68983482277698","-1.71797418291322","6.23990140158455","-2.12068378333796","-9.71720441876508","0.828373444869659"
"Random_Index6_32_0358","-3.00135239649972","2.08549912329554","5.55210127574358","3.01957478306533","4.87858383220305","2.007567270622","4.97132622360627","-12.6825220937629","-2.9789143232743","-0.288474864259077","-3.56463909203169","-1.08801206791083","-0.511593723220591","6.97377118524815","-1.25346169677666","3.19016683804345","6.18241887233713","-4.79970194677157","0.401358578758033","1.03851226739911","-4.25908645406267","6.7835537333135","-1.87700905981432","0.230947725266962","2.14622557500006","1.2066004494496","0.523253139286667","-3.63170145699483","-0.404870038309425","-0.989078871416662","-3.95865305322842","-2.98124428820603","-3.79379332741871","-3.08498290049985","2.97333422761732","1.74619052704882","-4.37969256841369","-3.27196382110239","6.87535720699001","0.0737442700559304","3.19720204677395","1.47905628012527","-1.22809141709172","-3.55225408382355","0.0723622336197167","0.936672698709406","5.09715360893043","3.09120972025559","-1.94130329557078","-0.815959397145193","3.52705945207195","-1.18831288525872","-0.605996905861375","-4.45020445706714","-3.38116961993983","-7.08785910586278","-2.01220342951757","1.03205272680069","4.91012644288748","1.05024999718356","-3.26719899322904","5.73525103763666","-2.89389121868486","3.62074189172453","1.26262026881436","3.27317170278695","1.71657860602597","-5.6472735539152","-1.07771521876337","4.34148944588427","-0.0544135585918125","6.51287111697902","3.06892926243051","-1.21170166822476","-6.88625920609883","-4.34951015170044","-8.92599147693361","-4.17749181766529","-0.50966931062982","-5.25789811476956","2.25846901760456","0.418015949221316","-3.00213010445125","0.751320009373261","3.61363129358428","-6.68260987002771","-9.02512254357347","-0.666743738554023","3.37787464322836","-5.51126116362932","-1.25003395509386","5.38079576099329","-4.91306064288118","-2.24434981103682","1.50343721216013","-8.38227231240415","1.86241222940524","-0.439768820413848","-2.05995897629081","3.38082803285537","-5.09539043869533","2.94217806943297","2.77156133815176","0.789151556112855","-0.688625489982","-7.55962997510056","4.49292023653341","0.306388261876949","0.904205150126205","-2.60785538959404","-1.68481945506452","6.14376616216068","-1.96490636731521","-9.58726960329105","0.748630371910827"
"Random_Index6_32_0359","-2.89520411085464","1.9467760151451","5.57313288266892","3.02274458311151","4.83893314553644","2.06444378631085","5.05331818456762","-12.844958427306","-2.78042850185893","-0.1542326773144","-3.69384277392417","-1.10817028851686","-0.465799059577147","6.77577981482811","-1.29050904892768","3.18773091456594","6.05348999830689","-4.7278016037084","0.303429399069892","0.875489343363894","-4.22220499370413","6.84246678355179","-1.93614296168627","0.124768310910115","2.20924709479519","1.28486944660945","0.535101942611064","-3.70635849886768","-0.479123504690291","-0.860656918703698","-3.89692833749539","-2.99755778534866","-3.93996600473895","-2.84260645556561","2.92077591947132","1.74390602466231","-4.18765810672761","-3.10316707367694","7.07888922978592","0.117175115448035","3.07528210280159","1.42973881980584","-1.28839960489149","-3.3555799148107","-0.121272743580106","0.87664380251657","5.06918433638988","3.22857951476054","-1.82652835155201","-0.776620849822902","3.53902334605432","-1.2839624155264","-0.529228003129618","-4.48994653955907","-3.35415319491867","-7.04206802184855","-2.1312731141266","0.952445846789254","5.06808128262934","1.10111056778078","-3.15773757600496","5.86505388303959","-2.97046506527921","3.59086163642831","1.14744528253216","3.08645772645231","1.72910652527174","-5.61364908060452","-0.886136734571697","4.40344938947611","0.0368369550903048","6.50316657961459","3.12907330731238","-1.14471667669983","-6.82158305754172","-4.35551468904578","-9.05901461735169","-4.02231169784448","-0.388577171884352","-5.11609308870202","2.24304411945621","0.296308212168449","-3.05999020647471","0.726914216926299","3.569993158569","-6.65011974375069","-8.98828089492255","-0.494697862862592","3.39222945861798","-5.47230433844196","-1.30232758159431","5.42274397156217","-4.89929234968609","-2.26068872253103","1.45312138887722","-8.25353053654999","1.72550519900173","-0.264287913890312","-2.24663571492963","3.30410156872568","-4.99265284644305","2.67471950887415","2.68757691201224","0.687014997219713","-0.602642247222101","-7.46747287877787","4.55793886892378","0.356887420027663","0.928224650880247","-2.51336790080763","-1.64115280257302","6.18720997710689","-1.86365031731653","-9.63219839201124","0.792249839875483"
"Random_Index6_32_0360","-3.33187125908805","2.05100210800028","5.60755827916548","3.14494969185288","4.75704259727232","2.09895767553362","5.0502143798487","-12.894577057819","-2.81354724488456","-0.418568841075674","-3.71299709577361","-1.36307251697796","-0.739552786214006","6.73375981352938","-1.47548801454647","2.81953935741647","6.25405225309468","-4.77752564742711","0.00237605299336578","0.664428989804791","-4.38188403529508","6.71283220982574","-2.16921266042585","-0.17201176734701","2.4506949062985","0.877493324018538","0.211289348649838","-3.74107677883015","-0.606444532950515","-1.13868821733926","-3.79762000514362","-3.30855140820745","-4.4838532031791","-3.06329460237492","3.24040570155093","1.26276411892028","-4.026759437976","-2.99451347766696","6.83733318560701","0.0517060998485072","3.29422819181997","1.3004134993546","-1.42950286169836","-3.68636747211008","0.116949322184191","1.09776934375045","5.13900371948952","3.37666136868368","-1.78240792635209","-0.426570765805176","3.43728563767035","-1.51645347261557","-1.01818606348697","-4.52530351862992","-3.82074560979392","-7.15820726782763","-2.21666637732575","1.32686894503145","5.10731912318863","1.17543615123864","-3.16291647059914","5.85289475410659","-2.69686373985233","3.69740856212203","0.966257476296221","3.4413500297268","1.26094949865065","-5.92377297342395","-1.31160206836811","4.25837110697938","-0.409793188375649","6.58402453498721","3.25718125748463","-1.13984893619879","-6.72386008776436","-4.65679269038392","-8.96556069024835","-3.96410849705205","-0.236786709248561","-5.09669524069197","2.50204651070334","0.0235703496830306","-2.98239520020222","0.908365308748675","3.58272899584293","-6.63093587905822","-9.39723532968445","-0.929811937151281","3.51204789886099","-5.52348993106074","-0.933774710495045","5.12734152638334","-4.93897539970487","-2.12498456654436","1.27001392493976","-8.31362901649114","1.53042485619253","-0.326585236636268","-2.37874524481709","3.59995627744069","-4.97430979180857","3.02755404309041","2.91436613778719","0.812160337226488","-0.859881504438454","-7.47628594917849","4.74662394692411","0.159774006048054","0.835913423878793","-2.98881022603603","-1.5696374146595","6.39663285911506","-2.068012587644","-9.64982598715834","0.942201752395883"
"Random_Index6_32_0361","-3.36188097624156","2.06378604086564","5.44575758379187","3.0174137479511","4.75610675109386","2.2230159087501","5.27227991245887","-12.8095209848492","-2.80531686383241","-0.243472329949944","-3.64494949728717","-1.09153354154474","-0.457610076299165","7.04463645229046","-1.34454136543473","3.09469312876134","6.41883534772373","-4.75429758792431","0.371791770188146","0.773129969799713","-4.3420084288482","6.93342561193842","-1.85658763868931","0.0754286646589136","2.13446503456181","1.1259352669915","0.258927845067812","-3.70188765546071","-0.658372237177468","-0.785300209045845","-3.78307609813936","-2.91326335277056","-3.91584567944478","-3.26536280694288","3.29210106731219","1.56101113522489","-4.48159880750882","-3.24891608614635","6.89016317100629","0.0217940363899093","3.18144548586782","1.53984738411494","-1.32034488251206","-3.43206308330035","-0.220299685320277","0.826579178543681","5.01697461308341","3.07275234020709","-1.89474782784432","-0.709112191459526","3.48913273139506","-1.19055754872463","-0.550715730912964","-4.54385718862291","-3.45687238311168","-7.1515113644815","-2.26632239658292","1.30382080896285","5.11259233749452","0.93037065800753","-3.19643143636169","5.82540416594623","-2.69842795801922","3.74608417740602","1.21840226049123","3.56064049314642","1.93657999638783","-5.83647261140048","-1.11659359037501","4.24564016537581","-0.157245366319141","6.66001545863947","3.0658285423706","-1.09147778963485","-6.96325622501364","-4.52950615949798","-9.31216228382698","-3.99990145634055","-0.405915265632372","-5.50174971216542","2.39597095840365","0.3917831873063","-2.93186850633737","0.659706688411946","3.92114473063165","-6.76973946753944","-9.23495836337586","-0.667872831616846","3.39804389837336","-5.77425691347114","-1.13045351549416","5.39581657512971","-5.1032240323994","-2.49422342456473","1.40920025482881","-8.70616274938139","1.51855649459569","-0.237006414170329","-2.25758783721534","3.72193690266696","-4.89332538210115","3.01590975177627","2.92294721408551","0.863310886396421","-0.951652317128746","-7.82074994967604","4.70061337621192","0.377584216613009","0.713694233118242","-2.74851106897031","-1.76900011942893","6.35450053511417","-2.21740394146327","-9.68285441469894","1.09363322077254"
"Random_Index6_32_0362","-3.25608285725857","2.25384511851239","5.52730160004958","3.1365768937655","4.66239784343675","2.44386757005377","5.08179139935816","-13.0105386802033","-2.83086260864181","-0.0666485979576281","-3.60889050020814","-1.13653162737164","-0.561215648028436","7.06603467742332","-1.30893542682909","3.09079456094699","6.46883561058766","-4.77713062447213","0.399632088565276","0.692057256429562","-5.14952657991061","6.8844566867257","-1.717836890846","-0.0328802748883491","2.26604016728811","1.17266042949273","0.334341889007979","-3.53494282830269","-0.779880782175868","-0.870244604080733","-3.67891083465606","-2.99425984914501","-4.09920143711452","-3.20003751918114","3.32745775502442","1.60362982275752","-4.21014873253442","-3.36453399889136","7.00480507714817","0.319839659919322","3.30214658021994","1.63347321152943","-1.05591329866894","-3.48121443292241","-0.0475299884181343","0.984991792190644","5.21899181810535","3.23492414969498","-1.76627230024867","-0.683723386311476","3.23270781229772","-1.19696724437166","-0.769050366983543","-4.50712439167429","-3.7132086586889","-7.43225225250884","-2.41150293315695","1.41704031432941","5.10913997889216","0.99185127693123","-3.08760278599615","5.82024191826055","-2.59823773788512","3.55371883251756","1.22096702452737","3.70078037800233","1.61415397308243","-5.79630931155226","-1.14042918593824","4.32947668078544","-0.14010227813959","6.70171476671054","3.1642893306965","-1.19565045225634","-6.78635088380892","-4.55241892235766","-9.27615192997739","-4.19833550069045","-0.153766242520084","-5.40024654611312","2.46078451443959","0.596751125239963","-2.80761978496235","0.671464020712902","3.71718281033234","-6.59675666449096","-9.3092626495987","-0.716013881579922","3.53157283077236","-5.5461951581257","-1.19932421213645","5.37962714886992","-5.16566924216298","-2.52374625326789","1.35337717843797","-8.47964753034728","1.5345747980192","-0.236078743398801","-2.2470439843355","3.6542681477814","-4.87512078866487","3.22721512459489","2.87346802941872","1.08627024867796","-0.453351659088876","-7.70599220898647","4.57354287724523","0.674792790893105","0.640859788699199","-2.7839744959091","-1.79227668454197","6.29822603556213","-1.99382155312702","-9.67335314077896","1.15616083253626"
"Random_Index6_32_0363","-3.43844134383294","2.09005669113176","5.58294531639654","3.09293668084904","4.88001750525994","2.23224458140442","5.3961671462546","-13.2672601469344","-2.69992488956313","-0.105355935566477","-3.77449575131313","-1.11768883786033","-0.46750423420378","6.7802596981902","-1.4001067300686","3.01414335730219","6.34712508524238","-4.8688920120513","0.328392241531226","0.631630343573958","-4.35215934616047","6.7973944749466","-2.02165168245731","-0.243824493977983","2.34733153647346","1.05449113785382","-0.0829434288571186","-3.93455519173064","-0.843670370214704","-1.06718958887474","-3.79144711958072","-3.0622979152699","-4.10491675643545","-3.24090095860071","3.27678894213463","1.64649435521929","-4.07086384905985","-3.1085790558874","6.96139216525265","0.0849849321033352","3.2723275415196","1.42775779554235","-1.43407874416479","-3.51951959474661","0.00507181938933498","1.03394314831327","5.3454740411467","3.32939381749171","-1.82726855728164","-0.600641688377691","3.42874856313734","-1.46552149575397","-0.688628163454465","-4.60702525533951","-3.62329409890615","-6.94703130901433","-2.27132658484137","1.22132384317618","5.14416627322436","1.21027662383367","-3.03856830323078","5.8524437791324","-2.82550879651707","3.74348467145297","1.07646967124308","3.4698832560124","1.63831388462099","-5.76387998522604","-0.94406785522736","4.29481673417668","-0.150293509669088","6.51420703943899","3.42514876963561","-1.10973076111111","-6.59642897009827","-4.38338244147299","-8.98659125813916","-3.98877762044953","-0.378135287853783","-5.04266619386763","2.61707943713663","0.342601391048281","-2.91038223849716","0.768788403695713","3.84327559933881","-6.66855692434919","-9.35540334599327","-0.814962818282858","3.5848324538626","-5.92562248771753","-0.995641554446132","5.1483721912236","-4.79268815165148","-2.29913202201226","1.10788552220546","-8.56787827014036","1.46101729751454","-0.178164682210326","-2.38854757089611","3.58629624723622","-4.74519766401433","3.0904382894272","2.90006608999194","0.936355600878825","-0.711032227016406","-7.84192795191423","4.75241122446973","0.317815839502894","0.81159509925172","-2.84953977729429","-1.50421135908994","6.51268525541788","-2.06850977060796","-9.69414053588096","1.13218984171714"
"Random_Index6_32_0364","-2.94011584635321","2.17961671827547","5.64681129694205","3.20594294264864","4.9410808419645","1.9753542663264","5.04503762491144","-12.7593951810603","-2.85709693000186","-0.295057043296646","-3.78710106906145","-1.12519032029965","-0.663050301588336","6.87491690754115","-1.39055333821099","3.16653965942721","6.20427233245524","-4.51415038272598","0.160702761697586","0.825507118726806","-4.2192745922438","6.89225052013254","-2.13127617238566","0.0210377526376238","2.38675683382525","1.23389099042461","0.360089414311494","-3.84765897602208","-0.490355364767476","-1.06103234270696","-4.11583969822927","-3.22922432650593","-4.02358883399298","-2.8043661559679","2.91364415685025","1.7920282976621","-4.44598883565873","-3.3124022072117","6.93068616598877","0.0477633764752251","3.37340548355393","1.30922771619315","-1.26946004953488","-3.56615573691323","0.180305207403882","0.596814577626126","5.29464087010912","3.19950976649974","-1.87973529011771","-0.631391011105532","3.58826271874539","-1.31487592904346","-0.790563578020881","-4.39476666910989","-3.70773414778181","-7.19008887919684","-2.26322591117466","0.979459556998652","5.19804840218364","1.04795672997143","-3.18330004700436","5.90461759636223","-2.86035666933486","3.81367660756581","1.06301781871403","3.18899836508474","1.50961844432495","-5.65956714631316","-0.976905638700359","4.49051789086036","-0.203048374882625","6.675118811712","3.23667045165358","-1.1429790349538","-6.96084474543068","-4.47217814467833","-8.86183309998792","-4.08399151313758","-0.493590809208877","-4.98663577258648","2.45604826566151","0.0897107780860834","-3.12429019419394","0.74646161763593","3.78655232471451","-6.53625926783026","-9.24202570254619","-0.835548194535184","3.3172912767209","-5.61582658925963","-1.10145991459213","5.23851825519478","-4.93520399238773","-2.29512530796683","1.40011163445369","-8.26787982814668","1.75966343284646","-0.519535372465382","-2.31327847414982","3.31398315583168","-5.05091870071568","2.83916306402329","2.92420410742477","0.696458265077621","-0.680034155067275","-7.3293760570476","4.72288793647398","0.203753778452985","0.829739587415452","-2.65583898103031","-1.69170654650846","6.11511220452682","-1.88429404673898","-9.49843729817077","0.703041520680094"
"Random_Index6_32_0365","-3.13294534333986","2.17678605945071","5.71068164038187","3.1314779082743","5.10007882546123","1.88837051112082","5.06663678708794","-12.7584422906409","-2.90058186094499","-0.429124567797896","-3.70411377065621","-1.23639752994387","-0.591042629726642","6.96603678606781","-1.42897343532755","3.1411781971751","6.21528186986228","-4.88728013447777","0.362509324128226","1.02674876920471","-4.19291040472155","6.91855508495255","-1.98556811730443","0.177297084791963","2.62576301628052","1.18547189504758","0.441286164488572","-3.7951789904207","-0.258659611732805","-1.06147027345062","-4.15535992256397","-3.24746713772627","-3.99251825135031","-3.15048949658612","3.17264580088287","1.7346238231837","-4.27439040259709","-3.1351067197219","6.84030024582273","-0.210660459374545","3.39049262572598","1.33665407999998","-1.34273883709422","-3.76203514598853","0.351394789646611","0.891827958126587","5.33282170560311","3.27625251494212","-2.10687328679705","-0.643469022441066","3.73629891516554","-1.45943968547042","-0.747672203518739","-4.68077727571252","-3.50604740915065","-7.0704603658824","-2.02539567326618","1.18097807279899","5.18493213311744","1.28727480720508","-3.48181307243594","6.1258367120553","-2.94796429507027","3.98170039699273","0.852933745691531","3.40621108935764","1.61618024403409","-5.79920834892883","-1.11701772614691","4.46759767646261","0.06032195755357","6.67166250165876","3.30863734637199","-1.15527168008176","-6.83458297320617","-4.49835850475084","-8.83763155538353","-4.00982955314544","-0.704989786004052","-5.01248914633106","2.51291624457027","0.159580873149858","-3.13699250523509","0.864711844504429","3.67905623118145","-6.79514065242501","-9.06251364863127","-0.970096223437064","3.63808006962412","-5.64780233069798","-1.0951934009068","5.3561152440166","-4.94864484883886","-2.04240800409384","1.52081601215328","-7.99223464572214","1.97322109323239","-0.692475881657233","-2.33782168403135","3.63769127196335","-5.19033462804971","2.71907534152669","2.87389520456514","0.590541312314573","-0.776330304280736","-7.42356991674095","4.76588327339151","0.186713945725992","0.892644099624157","-2.52595417331581","-1.511285416325","6.33583507722443","-1.98781452817901","-9.69296016805971","0.684146915600038"
"Random_Index6_32_0366","-3.12694047392088","2.03701997807352","5.38542017995621","3.07721055104373","4.71290518410953","2.13122282684915","5.10082293128358","-12.7249080704747","-2.7397349175237","-0.148677124989388","-3.65409058283698","-1.21872389677752","-0.566089068666399","6.67283554772391","-1.4890565819828","2.83480155993373","6.17150592130149","-4.624482767806","0.234058958212622","0.574843876386124","-4.37121972747143","6.64830989787286","-2.14394312329888","-0.125220815835034","2.36340109693899","1.10500069231195","0.197896258282783","-3.75034460727439","-0.708757481739559","-0.857731415153411","-3.76441612960369","-3.05806234106869","-4.06667177605572","-3.10186809796363","3.12371330914591","1.64336821126636","-4.14644885108558","-3.03012328906853","6.69347043082438","-0.00169703754856619","3.19382071274366","1.39577885687693","-1.32232132697845","-3.47015500942831","-0.00973128404949937","0.895557261788404","4.93614943602456","3.26218619299805","-2.00074238615359","-0.449008813935485","3.49928971725883","-1.27497310562429","-0.654001432642875","-4.46108086862604","-3.61339621894943","-7.0174595095857","-2.05136214282149","1.19241940376704","4.98052948244521","0.980920085097088","-2.96254063426601","5.73249434682654","-2.56085337686051","3.5725153218337","1.05239210545141","3.31178947452949","1.55354167976562","-5.75581039213252","-0.9983194870369","4.19149658551841","-0.332160204915928","6.39080435443689","3.14018850305105","-1.14818107217175","-6.64920332323057","-4.538312650297","-8.96488072233735","-3.81244992556694","-0.376148840457368","-5.0219349745547","2.47802007053023","0.134003701241821","-2.8751885894726","0.752974349928241","3.6543847088678","-6.5190210907622","-9.07187554673542","-0.702974613347231","3.39228389656812","-5.81948094762837","-0.959890141522648","5.08186431914895","-4.98399075998462","-2.43709488526631","1.23313067666691","-8.53426220570961","1.46634905060781","-0.281820225526442","-2.34249565154078","3.42274905486999","-4.90841804721225","2.88251028238344","2.8751414516764","0.734652272149632","-0.823341059718886","-7.46507593950757","4.60569802784284","0.278449062141425","0.696915911427643","-2.70110978783332","-1.69701717148032","6.28414973144469","-1.97062523032242","-9.44797623196516","0.96242347015589"
"Random_Index6_32_0367","-3.30206131341331","2.24136860652011","5.58250953568453","3.17625059726587","4.96883449035251","1.82566718318941","4.95813187750653","-12.764557546686","-2.99736245037922","-0.367727839116547","-3.77293357862686","-1.26200115682514","-0.585814756130735","6.94375224234061","-1.59803742376253","3.04812305340599","6.11161136695094","-4.72470920691996","0.240411950712257","0.979917342097496","-4.07913408682283","6.86293746486479","-2.07284308978549","0.136188920622704","2.46503416422097","0.941908204499179","0.461632442176328","-3.83566305962038","-0.549976416494224","-1.11225600038288","-4.04754666890872","-3.32155706090634","-4.13008209049978","-2.83774177440516","2.95310983481823","1.79647294758028","-4.37150000632308","-3.18710676660796","6.9914748046265","-0.0253226093852808","3.40281210716292","1.24566215790455","-1.37352072404887","-3.63366980471423","0.255956526774508","0.98275439614277","5.16017958332119","3.28721723318901","-2.03490647724014","-0.482275297547879","3.67211913878695","-1.51182710343907","-0.957447783000445","-4.2595800316148","-3.61744303678504","-6.99747173344088","-1.94677275217752","1.01777281332122","5.04945105743213","1.01691351464935","-3.39216085297734","5.8472653820994","-2.80651045647896","3.7954821830722","1.02438350754135","3.2872594216093","1.44682071096964","-5.81686209086037","-1.09623866710663","4.46339517009297","-0.0719865260854415","6.62631384536505","3.40024327888903","-1.06988151119373","-6.78768384252209","-4.53413694045976","-8.72397949623098","-3.81266257320837","-0.649733138608425","-5.10772276075353","2.4186390907838","0.0896667264207207","-3.01655417747503","0.844327594006072","3.8512269221778","-6.76494284387155","-9.2509098655072","-1.04243723031458","3.56482697879785","-5.49420537322833","-0.967670587843746","5.23384766758446","-4.84522919642123","-2.16132841590311","1.62108639526714","-8.46273012018986","1.83656639436727","-0.687444348217369","-2.22401298382279","3.29196316626033","-5.14353167723195","2.90568467416867","3.00228864496181","0.482209559914618","-0.820608560136888","-7.47927373193304","4.69889421387614","0.172810726381705","0.869400543822298","-2.66104291425996","-1.45323077844123","6.30355910772661","-2.16473433445501","-9.47631017500292","0.7552810515232"
"Random_Index6_32_0368","-3.18852526953083","2.11917475975376","5.52033560421652","3.13533388084144","4.89022298183447","2.11383863896998","5.02495971027361","-12.8932362797153","-2.86356375071834","-0.253783116821434","-3.81243608072196","-1.23669074074079","-0.667014544171089","6.70336718205309","-1.42571191567299","3.06204518456382","6.35012683199038","-4.56294769651941","0.168373857426202","0.904234232766176","-4.23008768980182","6.81609508835723","-1.95596710219335","0.0728347704090155","2.25834978951666","1.08313294567709","0.387398691497666","-3.73161421599407","-0.561183542008881","-1.08440712329488","-3.7798032237039","-3.1693989425409","-4.12752935409379","-3.01701418045355","3.22902186486228","1.64384914391025","-4.13266048263328","-3.20797006857907","6.93680118940133","0.0550315386847587","3.32590706319984","1.36466349289726","-1.2130323902855","-3.49613181190219","0.235318995395258","1.14747756946401","5.10406361432745","3.12299049351044","-2.00411111283381","-0.535576912345516","3.35341214502608","-1.36468934427807","-0.814660498678475","-4.25937163327381","-3.71703435116337","-7.35726063542626","-1.97053268550987","1.22072766065734","4.98895743244698","1.0357918430316","-2.91934165254515","5.65351174507542","-2.8259996859332","3.59773169374521","0.972726753494926","3.45970090755623","1.33440536865624","-5.5703697808257","-1.18293138818105","4.5663889740881","-0.241772723021136","6.50190351214876","3.38347342309438","-1.05953846856791","-6.64612176460076","-4.4659525350473","-8.82417962136589","-3.75329268698647","-0.323307119939192","-5.19052222183034","2.44376958143857","0.29804042027351","-2.92991018914193","0.915680517012892","3.56028630707017","-6.52217504073445","-9.23557916058102","-0.7934444133502","3.43824333583062","-5.47430393617651","-1.13529203394024","5.33943570042674","-4.92698479530898","-2.00782690538259","1.36830975348839","-8.18051272643037","1.73382752361896","-0.387333370591521","-2.18635899263815","3.50978720835395","-4.93237076680509","2.92300334769113","2.81641424104105","0.826230913412579","-0.638988200180008","-7.6740582545283","4.57064040251594","0.265270987052638","0.77625307793367","-2.74332878572919","-1.59237190970309","6.22272416380219","-1.90450681750738","-9.44808938794752","0.876880199430547"
"Random_Index6_32_0369","-3.02041142125688","2.0507537262394","5.48928770245943","3.10537304022683","4.74273400406783","2.16700894309636","5.47457106714107","-12.9279905336201","-2.73849527346048","-0.224241188169302","-3.5167976773503","-1.25484387389042","-0.503144713320969","6.71642970366069","-1.28589369068614","2.94096837364664","6.43761085050796","-4.54011357698963","0.368288933266582","0.662403673283707","-4.50089697206974","6.64810523317105","-1.92916744420134","-0.339859703499467","2.46440330196941","1.21245251859391","0.381183981099431","-3.65214335975956","-0.436765002131618","-0.914659415253881","-3.73548027888472","-2.99597535003421","-4.18610144413655","-3.27672429799688","3.44861760369171","1.78151332018074","-4.01799675744138","-2.89396381604935","6.78874652385697","0.0939810610092876","3.05232458623201","1.54334097240321","-1.1434924081911","-3.74927894730849","0.0756135700422462","1.05120193205482","4.91604025273872","3.12095971717393","-1.93655710019932","-0.756423446320165","3.36359080662698","-1.23759747191221","-0.641983947805506","-4.25428432778653","-3.59823812051807","-7.13873344773361","-2.29388408067817","1.37147865359667","4.92597914758577","0.999570200810091","-3.26267753178823","5.91598503803667","-2.69191227160423","3.46762016800054","1.09774954111875","3.7075096395275","1.73857961690186","-5.73125100012299","-0.769067062644795","4.12483110310197","0.0734832521991763","6.4883184637737","2.91924481866887","-1.31409741270215","-6.84401211587474","-4.44962266105692","-9.15219246568896","-4.13970280892052","-0.371147312536428","-4.9771137452178","2.48291985927194","0.207989753440761","-2.85742574760774","0.762972357009814","3.59048445784256","-6.68179312967954","-9.19581765905012","-0.762556118267217","3.30589909044153","-5.59611415376263","-1.2108565202865","5.0549499540133","-4.94797903291167","-2.38954172765108","1.33806851359258","-8.45760687713881","1.52970227640195","-0.247394190530762","-2.51620350217822","3.80993266989203","-4.9996373448626","3.12954065556785","2.80697715434905","0.727389135293361","-0.549148886548281","-7.70672965346133","4.65528829054995","0.411390649584279","0.711785987676169","-2.52158485278819","-1.73117277753312","6.20966960150755","-2.18905603765505","-9.66160046576513","0.974945607623735"
"Random_Index6_32_0370","-3.09436680886627","2.06290048024389","5.54704805294681","3.17604379869817","4.77831436964581","2.2783721980554","5.25033460185084","-13.0340927939859","-2.54375603413043","-0.293548051516214","-3.80694294065644","-1.1813053937007","-0.481307056147132","6.67113788247576","-1.44293397133021","2.94441652538921","6.26646966877733","-4.4470656757648","0.15219475364173","0.644640409804403","-4.32012285104192","6.74460135126545","-2.02826345600334","0.0108274586998122","2.48998765939553","1.13710983865158","0.162959833729318","-3.79634822062311","-0.802960997207304","-1.0400841153986","-3.65190780965119","-3.16767133769044","-4.18281914643864","-2.99588981635812","3.05269210317258","1.78743955047925","-4.00899484943656","-3.01707669235143","6.91158443348128","0.167000757890218","3.2843171869853","1.32638947630582","-1.2907179377952","-3.46288168164055","0.147538134761456","1.20846152675401","5.03637364423117","3.37553209089215","-1.72568812713051","-0.384769627879256","3.38115586848883","-1.40279985097312","-0.706880480263563","-4.62921057836187","-3.73513708454816","-7.10737883232551","-2.18372868759793","1.15797099422804","5.11023439480456","1.15633980962814","-2.98883281351017","5.94557032737223","-2.66250400170214","3.57546675307531","1.0591991833313","3.27405593039926","1.5896661893545","-5.79571132267131","-1.19879830272045","4.35627566054603","-0.342682071043074","6.43266176957163","3.26233270167635","-0.89408092865055","-6.79755555916685","-4.63896556236821","-9.00161285066027","-3.94091858979898","-0.253003586471745","-5.34661550095021","2.39139504037006","0.177258386668689","-2.92983418702004","0.874116777098255","3.53051795928387","-6.61609487812293","-9.19812702814811","-0.729037630482965","3.50747778144005","-5.59394981767144","-1.06418435609186","5.25181520394402","-4.99494199949455","-2.26903374722347","1.36310765056199","-8.36812173655491","1.5334683383495","-0.269135546523008","-2.41597640113003","3.30449687519608","-4.92742921479798","2.615998299009","2.86718660998455","0.940290038773693","-0.588407665953268","-7.50551709555625","4.70166493831526","0.360376171185936","0.707014116083156","-2.86550757161776","-1.64207008458658","6.25587586468266","-1.86191731043639","-9.53610547657966","0.876820390660839"
"Random_Index6_32_0371","-2.85165576277203","1.8950930256613","5.40749377050156","3.02564916927212","4.54817101350169","2.30647193544082","5.08585199057886","-12.73637466798","-2.51209491797587","0.0181573023998593","-3.49066834996474","-0.999727435303377","-0.323387222795402","6.6792832757889","-1.19248563330599","2.99482020273879","6.25334088191719","-4.65788988955178","0.33485726087657","0.728457528368664","-4.99849865901233","6.59775671257318","-1.7884721315578","-0.131660586270596","2.23613946637607","1.31660188610167","0.410581542781475","-3.4672781552653","-0.669077308784677","-0.758387066729499","-3.61102510202952","-2.95367417923197","-4.00289318726572","-3.2271824287167","3.05488047022915","2.00365802557963","-4.25672364404936","-3.13013955953245","6.93067748476945","0.265193273984144","3.0278252137842","1.63520503222528","-1.09231967977881","-3.23206816305418","-0.154184018152169","0.943032461973165","4.87027670721353","3.18828944813936","-1.7776195207837","-0.618029753253057","3.16668130887409","-1.08591929126318","-0.637180049958531","-4.31500857083045","-3.61361940137096","-7.00779787490037","-2.15737288692635","1.03668416263992","4.92674754027857","0.961412943574639","-3.06850220349538","5.61751336305143","-2.65208253579516","3.42044266149253","1.29051714681454","3.30157302403541","1.48678706773307","-5.6615946698922","-1.17688915113175","4.18853148607982","-0.301512839798856","6.54606536677912","3.04662136646889","-0.871354461839455","-6.80209399899449","-4.43046614289894","-9.01239919223809","-3.9075241820797","-0.0343869584443176","-5.35405444977005","2.32517819652593","0.206847868318295","-2.94059487463573","0.733777686570744","3.44072739605279","-6.41415658706078","-9.00233303915376","-0.522254133601984","3.38601255584724","-5.49781494081651","-1.1990090267713","5.2313695450958","-5.18994634611802","-2.5298810192139","1.27717272312352","-8.50262289128087","1.47657258056157","-0.0938120061352293","-2.42813478092398","3.34056712547414","-4.80220224741277","2.9414406723192","2.78556012838995","1.0529197650682","-0.582030416186857","-7.42698950210799","4.42332136603857","0.403317609915385","0.526358153844084","-2.48791338486127","-1.89228764676684","6.07365217006585","-1.6766315400531","-9.45809090765347","0.914247522439555"
"Random_Index6_32_0372","-3.00153934570831","2.01401148275858","5.37520739987307","3.03667221085174","4.73320596023776","2.15421241826098","5.18453793748751","-12.8747874340212","-2.74043414284527","-0.290663055502005","-3.7212496651162","-1.13645088346911","-0.563937986124105","6.74655814163753","-1.39147443545616","3.20353403646208","6.25436439928581","-4.48418850161763","0.211920442795523","0.991292209826096","-4.34515790955449","6.76861581234289","-1.95586721740364","0.0452261721891267","2.091548446322","1.17068622304403","0.448936324326804","-3.74364586195081","-0.634425514264286","-0.903329314138161","-3.8993140074561","-3.04579099893235","-4.05448336181757","-2.90524295202823","2.98294850557708","1.72802810692262","-4.34710012808277","-3.28654746669053","6.98002878626487","0.169978725337358","3.21233908158958","1.48174121544082","-1.0831340926395","-3.4675197650399","0.0823130327731846","1.00383243676038","5.02452779197147","3.17148605345814","-1.69080880965399","-0.725974517359056","3.32407732265497","-1.27890965072259","-0.652690596395561","-4.45510587836475","-3.57970737140048","-7.12249192375992","-2.19065178676955","1.02088449330501","4.92363474719655","1.23809393545715","-3.08069621513814","5.66715135167221","-2.9123967453923","3.51801042954124","1.24209231759157","3.28859536535514","1.62729706117591","-5.76131645622171","-1.04310978272154","4.40081708188844","-0.170517603750259","6.47383768686642","3.1077927671755","-0.831154950740116","-6.8346823452885","-4.40374801050288","-8.82730809963906","-4.04801375767608","-0.395706256173367","-5.321443924777","2.29215835025614","0.0976474385311925","-3.11960717762099","0.805633594301353","3.65153612152976","-6.59800842947667","-9.11168671929085","-0.70320276372433","3.32128553076269","-5.42097558564209","-1.34206639040271","5.35771693212993","-5.09984018307814","-2.25425148948711","1.31085802762031","-8.27535371008742","1.6653058376223","-0.383109213937048","-2.28257364531076","3.28614903735033","-4.97383026068802","2.83181972625826","2.70425783267064","0.897430597311958","-0.526615232079776","-7.52911523478868","4.54544495214627","0.327061778762913","0.611493082057591","-2.62019835811947","-1.81998969035454","6.01717450371855","-1.89495713463538","-9.41415274186136","0.864427587828153"
"Random_Index6_32_0373","-3.03421965092828","2.10977004244387","5.44287510805034","3.15495707280926","4.76417031533466","2.23287125573791","5.16876203759765","-12.990479014848","-2.65033705044525","-0.282716642895891","-3.76585258187669","-1.27635971083816","-0.478077296416087","6.70122111137221","-1.37719625747875","2.97428116277108","6.34146196454532","-4.72106512582114","0.207397893596034","0.780116299701324","-4.44046627044813","6.83454871017352","-2.05431585029811","-0.201817244555807","2.44753641555149","0.984815945769347","0.127126484489376","-3.74818360108289","-0.702659329858401","-0.970741783273764","-3.87201461782649","-3.23019427399651","-4.15066571381225","-2.99078928419999","3.12308122957845","1.58199670406322","-4.15937623422517","-3.0995434649913","7.01307926293456","0.0553148001129688","3.40465239426637","1.37514330890924","-1.35783542714738","-3.41707037471849","0.159841513118625","0.970132989916494","5.17789629427677","3.24004005803493","-1.80735782683455","-0.489403139727204","3.34418538523725","-1.42606444131713","-0.878715086778489","-4.66719336962227","-3.79224122412828","-7.02234037565882","-2.17854593924238","1.16654683806704","5.09354640172206","1.09584355007973","-3.08747360342006","5.79951147301556","-2.68593209330457","3.6795745395762","0.916118003344278","3.42082831168356","1.26381352003803","-5.93199562341942","-0.914763046356754","4.27822926077803","-0.184007352765535","6.5660618025664","3.381941108021","-1.09729489006588","-6.56976568308492","-4.52652969792014","-8.94131110495433","-3.86577024212621","-0.344220144491547","-5.10429440671748","2.52659325879474","0.176642541558675","-2.91927451729448","0.911826318299407","3.73562505478135","-6.43072395818668","-9.32461269601615","-0.913263022904362","3.49647168676717","-5.50244963564231","-0.99372136306735","5.21369750454976","-5.05516282171188","-2.27552314852324","1.12157480933643","-8.22935629819693","1.36062846164924","-0.382455582606767","-2.48102917252947","3.38206023535971","-4.86669967098105","2.85967532715443","2.81907866262184","0.857118878396651","-0.745184441181225","-7.61188590600837","4.77612332332972","0.307459373809215","0.747484721983262","-2.8725433530521","-1.60269494002848","6.30141503552584","-1.84072166127834","-9.5662334655291","0.986457706865817"
"Random_Index6_32_0374","-3.12475182151933","2.07938076094087","5.59739398637487","2.99319159959674","4.91369433141819","2.10863041865692","5.18080801903189","-12.8618903103766","-2.73342683427294","-0.207430034434467","-3.621746086002","-1.05589646927129","-0.503731018600543","6.78802537727224","-1.23727495037356","3.00142856254362","6.43664414004089","-4.71758757514907","0.299263739569926","0.853523069593611","-4.20986948421707","6.82338696960736","-1.89881331927619","0.0275204042198579","2.21542231869873","1.37679601163506","0.417330820223242","-3.66893414936936","-0.368667249989898","-0.911478888168381","-3.72053965174079","-2.96208332468409","-3.79375827883971","-2.95688268233066","3.27321457177246","1.74215861269441","-4.10017073768605","-3.0518701353439","7.01609638551492","0.181616719106901","3.2916124986733","1.49610365601006","-1.12653485023921","-3.58086512376228","0.0816158630341813","1.11857882956519","5.01093930411216","3.36950396156015","-1.79168336591491","-0.647841597423592","3.51401126877469","-1.21887081576708","-0.594404802966125","-4.47577515809706","-3.3441998577333","-7.09162138113325","-2.05650639890224","1.29440823783258","4.98417629937261","1.20084361304822","-3.14716999310431","5.75100961124472","-2.93234543394668","3.60818964866822","1.20936353497672","3.51021103418065","1.79679729541865","-5.6697734076868","-0.906248759481068","4.39592162303979","-0.064683551346216","6.62249704306874","3.07949294362509","-1.16389886080707","-6.91166140995003","-4.49921673805683","-9.13103433559672","-3.95661513440825","-0.358221821786129","-5.27113522140712","2.34408307865943","0.316619021124009","-3.04230178995192","0.653064476311082","3.67830613563916","-6.703879968611","-9.11636485755968","-0.630272286559454","3.44641984366292","-5.48395820866952","-1.3139935124018","5.33315838861439","-4.84736760792536","-2.4399915757239","1.40746519788891","-8.62580670376397","1.69859395810211","-0.344276176386551","-2.07171336276435","3.63113700611119","-5.08872670008365","2.96025468894591","2.68675613944543","0.838084915753026","-0.514318582494696","-7.53407433387606","4.58148823291193","0.36199346142191","0.748161885829532","-2.61647952314872","-1.64162027823734","6.15675022891403","-1.79430917003021","-9.64668074829792","0.917955065264316"
"Random_Index6_32_0375","-2.93998943010878","2.18869953843703","5.55685722481169","3.07821874379067","4.82574766892541","2.22856698293131","5.07162314768882","-13.0235513192528","-3.04547207161043","-0.173905501931087","-3.60700366368631","-1.15842069437165","-0.598395512928973","6.93911456647965","-1.25872447813289","3.15436278152307","6.1339219870737","-4.81621236580924","0.477131569864154","1.025694992542","-4.44256565204531","6.80906617094706","-1.76642334571225","0.125070273501584","2.07011146439382","1.28010389065062","0.532015127297907","-3.54603282480755","-0.474291379497075","-0.987547445914023","-3.93784580197463","-2.99809349418093","-4.05441076067568","-3.07984686044845","3.12768928156953","1.83050602836966","-4.37289442311483","-3.26986987791168","6.94187919421967","0.289048935439803","3.15201691398193","1.61315701415613","-1.09290104179035","-3.51158703872759","-0.0283953243364219","0.998225898464422","4.95721787354228","3.08660223885723","-1.74212503991221","-0.880342892183228","3.50463490824148","-1.31178857634627","-0.651659696615066","-4.50761033030281","-3.61623761825323","-7.39772377059667","-2.36861052745521","1.14247071937234","5.09136668928422","1.10294702166338","-3.29550503339373","5.89999989755483","-2.95103810429351","3.64670490014853","1.24391695436191","3.29236679620333","1.64817795201615","-5.94538532925295","-1.00774830337284","4.48776240299949","-0.0483026118659528","6.51841145624964","3.16798024062679","-0.982936591821353","-6.98788096946349","-4.62603831740627","-8.93273101357239","-4.34398753675282","-0.450502783352619","-5.49848244926343","2.24467347747113","0.424935341908832","-3.00104154025189","0.887405510461802","3.7132717085211","-6.69915670288643","-9.01206494633437","-0.610007950358923","3.39966487244032","-5.45899252999822","-1.37961552934524","5.5458161203251","-5.13986255991306","-2.41603728255037","1.56484096898353","-8.34816687747777","1.81709148692001","-0.276803148960496","-2.36110463182346","3.56344218771267","-5.21474759791161","2.92061676628099","2.80557758512098","1.01036226552506","-0.751947774454832","-7.85638478066145","4.55347858145152","0.554403893805671","0.825496452033594","-2.57376852380845","-1.72050526143969","6.03447351017187","-2.11290568908744","-9.77210781716754","1.02666634840635"
"Random_Index6_32_0376","-3.05522390303686","2.23553708857072","5.62663840309044","3.13142724129338","4.91824306731053","1.82127545661036","4.91775360711187","-12.7085654555454","-2.97497866756248","-0.316401999563226","-3.72694944410569","-1.11462385481193","-0.704824076661768","6.974859985366","-1.36329245866827","3.13694375793487","6.30442549265229","-4.64419913193179","0.246278532425504","1.09240430565375","-4.20351112151875","6.95067298867424","-2.1059591009223","0.206686593876292","2.22237228026396","1.41339214372992","0.463623037891842","-3.81680895878204","-0.384571409562956","-1.05188090167799","-4.14492454723277","-3.14321205564626","-3.91041052450528","-2.791360337973","2.94551884708014","1.57891226214801","-4.42349727746864","-3.23265521673885","7.02187843868939","-0.0579521132926609","3.35927809804166","1.31190254253017","-1.16200200072053","-3.58490899050608","0.0755648970591227","0.800959294497753","5.11476610616637","3.15555959506492","-2.06813528382681","-0.677740066878827","3.66190176771872","-1.31194633852963","-0.74794008824863","-4.34851723669243","-3.4081347490605","-7.10420206683168","-2.09896395272667","0.98910363527602","5.07790338154266","1.19285001696736","-3.29885828536973","5.8711626346986","-3.02080196814191","3.77349171698552","1.09479824380982","3.23305089222218","1.52524171240509","-5.64532416159124","-1.11010068362785","4.48137870665948","-0.105112577760307","6.62337682509543","3.1432839132803","-1.25017063621174","-6.92962869317313","-4.36679993416234","-8.97586825144342","-4.07433995401582","-0.564682471726599","-5.17353825207045","2.36160447189117","0.0495570872423484","-3.19697820136453","0.710096936368077","3.75100479184501","-6.75776477018931","-9.14135000776637","-0.760609110393868","3.46560333694501","-5.48295634898432","-1.21823809240186","5.39579855343306","-4.86766900253928","-2.2736681551518","1.4956945062759","-8.31924686733006","1.81156044671405","-0.507845270571237","-2.34912377573116","3.34700453872721","-5.22586894408929","2.87138438191794","2.92458554081182","0.559866197735896","-0.603956763178132","-7.4966359780498","4.60742897762812","0.120401880457424","1.05573249194103","-2.65861971112405","-1.59674537052562","6.18296745730322","-2.07414285834658","-9.62973965933899","0.557991702534315"
"Random_Index6_32_0377","-3.09528014736765","2.12266962274321","5.60144437861145","3.21377604332232","4.79171507813405","2.05770657500702","5.05794341838452","-12.9076522173415","-2.80860115776778","-0.179028697428144","-3.6410580306539","-1.11906871390952","-0.593688309488218","6.76084026657301","-1.46661279582455","2.92842405302497","6.2052723077375","-4.50536672219145","0.284529131738083","0.821435103040718","-4.32766433360543","6.78837405888539","-2.0120705598434","0.0650990681869277","2.33449866256847","0.980312387561828","0.301094224497304","-3.70772080574276","-0.683325382783377","-0.985295443738994","-3.86477450671159","-3.06432973630917","-4.15670686990171","-3.01842395751384","3.01954260761598","1.6971568156268","-4.26052614583512","-3.14918080058112","6.83274109969619","0.0340983844139918","3.31855765113803","1.37327344736737","-1.27754840223762","-3.46048491977849","0.0665347003844539","0.870672646289648","5.02493262949001","3.25357961630743","-1.9279409447116","-0.46294851064375","3.44046294518074","-1.22941575293817","-0.72557037742497","-4.3479471030306","-3.62613002211646","-7.11450479452298","-2.1378512694595","1.04121152732868","5.07587050137737","1.08688717298199","-3.02456206670124","5.7547863304742","-2.71899592044228","3.6233299745117","0.988635776233183","3.20914248655514","1.54779274006962","-5.75109072928412","-0.889132150019016","4.24377767252676","-0.121960894202116","6.44545644373083","3.25200775770742","-1.14830785703413","-6.74025191654392","-4.40219083583183","-8.85085688907432","-3.91817641923941","-0.462677209711287","-5.05312003719503","2.43366368163741","0.0468990062381128","-2.99654696834951","0.735274562963412","3.61634919815087","-6.4364779644872","-9.05692065023287","-0.804171853376201","3.42136663018964","-5.57430838729446","-1.02451347636344","5.26048955186307","-4.85504061261231","-2.18598976516024","1.34027387084187","-8.54293368326666","1.63828213316589","-0.407333843920126","-2.44198702074473","3.37764094259097","-4.88730066562093","2.87522450481805","2.92474454000132","0.709249254097989","-0.841079007421376","-7.42730710654052","4.56575285282887","0.215217733185416","0.770017301640454","-2.70614593295265","-1.53527907164892","6.2234253914139","-2.01020759745948","-9.34515808754197","0.740451199650257"
"Random_Index6_32_0378","-3.25978913199683","2.14379861263569","5.51735155435183","3.13610974169969","4.69684737258696","1.92650866011679","5.03231572795148","-12.8301277530835","-2.82555525118534","-0.401133816903708","-3.87822498203289","-1.19103309780809","-0.72828136491314","6.98687377322361","-1.51560580464583","3.10500929626016","6.23036930167559","-4.73532242460606","0.205193839113678","0.972368473559009","-4.20122534887918","6.85993256659074","-2.15939009997845","0.0310965409556153","2.32008063551389","1.09891282737549","0.289984873784776","-3.76392011204659","-0.633418536822662","-0.900360836158699","-4.01074718469873","-3.17427683454968","-4.00729261381202","-2.93173280655137","2.89200273112272","1.65881359428916","-4.18278976186658","-3.20633081882209","6.91616242504627","-0.128506327572595","3.29740873306514","1.35794576824626","-1.18349667663546","-3.75248871248707","0.0606492273514998","0.791475488333592","5.11427776068071","3.20071211340931","-2.12994296021134","-0.675768335306113","3.6722606915805","-1.31683567535476","-0.700465542781843","-4.53620955272245","-3.44684291817268","-7.00255209156773","-2.03208655410481","0.938039643095825","4.99653528030566","1.11365330791552","-3.11832643718872","5.75942793848807","-2.90600460439414","3.63351017729276","1.07417326490511","3.32435448705964","1.46539092945444","-5.69430405332816","-0.84731538186018","4.34189276169295","-0.0197889537805145","6.61314312929088","3.22917236892857","-1.25967343331516","-6.88591974378104","-4.62939688233697","-8.94490310389248","-3.92434669498996","-0.551415236536222","-5.00502083926647","2.36847225110226","0.0670683776174578","-3.11458245822104","0.716408226289276","3.72981030098223","-6.75870739085404","-9.28536521774973","-0.659660682318853","3.50387172774448","-5.59157011066239","-1.16478264672689","5.26331803553036","-5.00134639612267","-2.24965555675298","1.29437796541039","-8.26477061970669","1.76369870828476","-0.464126237596435","-2.21197431173744","3.27751114448675","-5.04603556209874","2.92427923031891","2.8031016611813","0.613793313486055","-0.928998348127592","-7.53498349288328","4.64651080354265","0.125586278676185","0.814564130606018","-2.54242419397032","-1.72531353913879","6.26132621024319","-1.90853810550873","-9.37374726134422","0.749620183276164"
"Random_Index6_32_0379","-3.1115832766537","2.1627008671216","5.69276805562795","3.28005159229837","5.03443198985824","1.92963881097723","5.07022458220623","-13.0487158429525","-2.8536663453207","-0.475850784421895","-3.88385135059712","-1.3181459576506","-0.673314695632707","7.03503447545538","-1.51859112341539","3.19824233613787","6.33804978561991","-4.63404126749138","0.0566348464911377","1.01256241948193","-4.37055500165475","7.01973170450513","-2.19000136538527","0.29743088159466","2.32290920180816","1.01735621997276","0.438958676754781","-3.87893953783306","-0.445644776035289","-1.08039667787848","-4.08929408355533","-3.34689769806965","-4.03716412218588","-2.9073370370961","3.1231590384913","1.63763303270508","-4.35566944319958","-3.20714482537718","7.14038292438704","0.00420574980295202","3.40471963479038","1.24195109810367","-1.24504951491444","-3.66456456895896","0.250795546774975","0.99265129476736","5.18903329958493","3.34890461096715","-1.98562355760163","-0.430759129499582","3.70019336810865","-1.47666932336009","-0.892776412318315","-4.45358224516441","-3.66819097294371","-7.35078486164364","-2.0109822616334","1.13634512667662","5.16682666184284","1.04151405658773","-3.39064269957279","5.86042698535295","-2.99206849309438","3.75017177113959","1.00520684398539","3.34673625358894","1.44580324840571","-5.91791420257568","-1.18832220531874","4.61738541643193","-0.104707826478626","6.75895152041625","3.19460666713948","-1.09029377905121","-6.95820511377159","-4.66636829645791","-9.10522934912478","-4.03913742312093","-0.630243934767849","-5.21032445770516","2.45689122474995","0.119302094494598","-3.13419134284459","1.17710617980251","3.84603765626164","-6.86397428640158","-9.34945216517687","-0.862231057071358","3.59165592224588","-5.33722080051895","-1.07347656857419","5.62355884895365","-4.93040846100489","-2.04255375492551","1.50059581739382","-8.52225098604138","1.89612652646735","-0.488628851427992","-2.23605770894274","3.4638428152033","-5.17166204251249","2.99503069152147","2.95797674833166","0.640885464375038","-0.786424233686106","-7.47764244191483","4.7384698118462","0.13799241739353","0.844902370837702","-2.6808820555099","-1.59077683348764","6.29246738928491","-2.014882872617","-9.61635033009102","0.741123628304266"
"Random_Index6_32_0380","-3.01753998979745","2.1067685439077","5.48787738106535","3.01078680919741","4.71474476708023","2.32300658752376","5.11044169974","-12.8174802516302","-2.60529431829048","-0.0255665385246158","-3.47060445401938","-1.03967607353658","-0.49868276949454","6.73003226949536","-1.19363640773041","2.93158232808039","6.19758796913338","-4.64467039706309","0.515691027649708","0.707850431684741","-4.46592634915944","6.66571673092678","-1.76388894793903","-0.238193872725488","2.16297331742994","1.05888632229598","0.148544100030063","-3.51515650774908","-0.739770683097367","-0.802064816051819","-3.62554351848264","-2.91047982565251","-4.11737973076678","-3.13619877781902","3.16607536543367","1.60611392689154","-4.23676909428134","-3.29328637328898","6.79858635162003","0.318435596178417","3.1542567256587","1.52669560302232","-1.16994663053292","-3.36645190614047","0.0375946627335032","0.9552805271223","4.9229266090107","3.10715198106452","-1.83941957879869","-0.723223455362946","3.22698471446692","-1.25630508891048","-0.647724171709072","-4.64279790219539","-3.64730206168632","-7.13144410715748","-2.20771940645735","1.22824180103814","4.96690875536889","1.00524463911886","-3.00788913204371","5.77009227288737","-2.71762680031448","3.48477001775095","1.14172540289995","3.43943732991494","1.51295095586069","-5.69022781576658","-0.987247672986327","4.23095584305733","-0.370832323356836","6.44137838587035","3.09016192238033","-1.22112488676238","-6.6181247503701","-4.54959199759567","-9.01831169060981","-4.08787414317372","-0.106266043333973","-5.15663988103267","2.30855764879485","0.379711136235501","-2.93582620849953","0.582872827822721","3.51306434524475","-6.43766071799367","-9.05594851777675","-0.640430928311861","3.33817716011137","-5.74076361297488","-1.22712831132284","5.15108768914993","-4.99334516153638","-2.23580672062288","1.22707093872011","-8.36983119019203","1.49504752888327","-0.165014970015215","-2.4561077891139","3.43317864220991","-4.85032415003256","3.03355872237631","2.73697581423789","0.898295413641844","-0.61042502825093","-7.59654766870183","4.54569464987137","0.498032308734207","0.732017672002008","-2.76124691816725","-1.73495987825098","6.18402039069099","-1.89982955913964","-9.55975434040706","1.03879162243482"
"Random_Index6_32_0381","-3.18040718947362","2.17024235757344","5.64214841139082","3.31386468226846","4.84533102584221","2.03026268610876","5.18277185697445","-13.02800244379","-2.79144886559059","-0.404353322981417","-3.92249712375764","-1.41266143350399","-0.813176053923574","6.77334620487723","-1.67881699790002","2.98385380947511","6.40847045380172","-4.586342891771","0.13897609318414","0.782187300107601","-4.33218401539818","6.85625734381513","-2.30191600899533","-0.00647179121903298","2.56020685167281","0.95223152626782","0.149181376957349","-3.88392780250764","-0.610125636042294","-1.07851383918414","-3.85926802489229","-3.26939211140365","-4.20164022449094","-2.81823325850545","3.0845148608534","1.63407189355342","-4.1284052430594","-2.97589411442465","6.95177494579625","0.044900854881855","3.49767254515137","1.26549345978244","-1.27008229259955","-3.6657931386117","0.233333439606949","1.11239636228859","5.15600271261174","3.36682044608687","-1.78705727444734","-0.420744246084886","3.46672595011902","-1.43899446181667","-0.884089701971459","-4.81086018685882","-3.65924733746741","-7.25549493543326","-2.26179566421241","1.12657516168304","5.2461193239749","1.01201219969407","-3.21167011517639","5.90708086075104","-2.87305561800726","3.74794716532525","0.837338517659182","3.33993567379038","1.46084081123006","-6.00984122137942","-1.13706165705914","4.39133434822146","-0.398803890546878","6.62879379068904","3.37696089873621","-1.0222871024382","-6.69270887615171","-4.7153247880744","-9.12805757217338","-3.85661202661987","-0.448164124926501","-5.03132681002689","2.50885675239956","-0.0802179884272818","-3.18947115883636","0.809476995522513","3.70083881205418","-6.49907522807344","-9.32494448397131","-0.831563659651069","3.65538924321021","-5.63503884640638","-1.1240876430652","5.35180351285024","-4.83671961113557","-2.31531911147315","1.16917133733954","-8.38714437085225","1.60928306613031","-0.409396229720912","-2.41252022254762","3.39545060628437","-5.11496603288114","2.81164726034475","3.00618803423627","0.651985246610591","-0.772684032168768","-7.41418229232439","4.95257325166314","0.0567339659510273","0.863887622017487","-3.00893916643906","-1.51713617866046","6.26747273109743","-1.90355684631861","-9.55934555938648","0.67758891909742"
"Random_Index6_32_0382","-3.01515004734709","2.08604985403928","5.47339168070015","3.15332055620303","4.72812147557316","2.1420808903822","5.04006539716803","-12.7781515386505","-2.79706016362206","-0.213243481393775","-3.70468948628664","-1.12126695219797","-0.518571344786104","6.86959472290681","-1.30443116917273","3.0032239357962","6.41901541650249","-4.55140801829507","0.204350760537887","0.863417177422597","-4.36899063542239","6.75495272231354","-2.021575983991","0.0458082594847824","2.3307488390144","1.11776025817118","0.354743972472091","-3.66897666366467","-0.610012216042061","-0.915155817422685","-3.79715664367663","-3.20839097083221","-3.94171249257279","-3.0268804008389","3.1168134613621","1.66825595009233","-4.28596475057008","-3.11400890909603","7.02540184519797","0.0437205277487115","3.2390121070225","1.43629111574359","-1.22998699213146","-3.40275062747966","0.0687568083184115","1.01568193223806","5.15248046644129","3.28629294531661","-1.72263469226111","-0.589363047601381","3.36067992140355","-1.3405017336469","-0.710550332815587","-4.39014302800169","-3.39705940422323","-7.04912706916678","-2.03387037034724","1.11098419756137","5.05720264197273","1.09618311633419","-3.0677913582848","5.66054086795737","-2.82320346627131","3.56609352654534","1.03494063823132","3.40831714277055","1.69848383618142","-5.68754879892742","-1.08376988077658","4.24377138605446","-0.150449080727064","6.68146920603815","3.24564470165269","-0.925607782523484","-6.96353828329044","-4.54653583666801","-8.92588445502571","-4.04914652326953","-0.431804345692764","-5.26040015391884","2.39235833980398","0.237793445823324","-2.99175003120969","0.951483048513468","3.66744332864429","-6.52889878075576","-9.14698706533838","-0.730372835174399","3.44430331656329","-5.50111939983165","-1.1664505577438","5.42374897290852","-5.02748363125352","-2.1495789933542","1.44762362153532","-8.23529361163696","1.57413425703743","-0.390875199966463","-2.11876035607143","3.52385655046917","-4.77297810864417","2.96165463261909","2.82244469741414","0.748726387785476","-0.721150965156568","-7.41525244781943","4.71789865255302","0.254276356005967","0.846001915463639","-2.63939383467565","-1.64302943408581","6.19321084009104","-1.96684459763445","-9.4040675554692","0.847669081278337"
"Random_Index6_32_0383","-3.11098445368122","2.02682884367252","5.4135219604094","2.99135483641969","4.79012130403381","2.18174749526253","5.32030674224431","-12.774635025123","-2.73429649061618","0.0253116311582685","-3.58796908054989","-1.12846738305833","-0.521775364927989","6.79739206311034","-1.38868907773195","3.20833443004488","6.14038319844454","-4.72967127594906","0.350475379108196","0.915299367598277","-4.37497066928356","6.77357474031979","-1.85801715482027","0.0683609506889957","2.19673860168139","1.32556224614922","0.470421420358878","-3.65542101232879","-0.588267607065091","-0.929780231387666","-3.85062939250857","-3.00822325141616","-4.0519518955543","-3.13353851718991","3.23164867168412","1.84073425379651","-4.36323672827309","-3.19723319057764","6.89479489521269","0.250634179359534","3.26667731399734","1.54415072666859","-1.18373154778318","-3.51765067950266","0.0351474666010126","1.01575149370992","4.93397922810233","3.19150624498754","-1.68370347757","-0.729550971736877","3.39309699689188","-1.29554056971885","-0.672576270318728","-4.28869474706503","-3.55822816816349","-7.18299856338959","-2.07546540360404","1.18356765409778","4.9682248402428","1.22614663096045","-3.10644339288519","5.72919394565039","-2.87294241262918","3.54806631277517","1.30443375100941","3.44913601449066","1.88630587871295","-5.86198025445545","-0.991900244448338","4.33964275137316","-0.0056818508704565","6.42026303051077","3.04320401922245","-0.887291757406293","-6.85340241437965","-4.38132097102837","-8.9285435711675","-4.11348703617574","-0.351332774148576","-5.24477669537047","2.2450406008219","0.303268212323123","-3.00748959191391","0.806935238584211","3.61997040251454","-6.5582044325254","-9.00107142182376","-0.61147968249181","3.34039417716083","-5.46575136158211","-1.26412761847279","5.46805578372857","-5.06683766163987","-2.30364388529553","1.35687815912656","-8.50977812659324","1.64564141251766","-0.378392721976248","-2.25129518050603","3.6066527857683","-4.96497696638909","3.05760750430111","2.64622549749505","0.899209307586188","-0.645656281037948","-7.66732434865536","4.43089266115106","0.350495901342316","0.711080946742911","-2.72578350103116","-1.74479219719529","6.00312768582742","-2.0125543375623","-9.52290743336327","0.887463242272205"
"Random_Index6_32_0384","-3.11991180242068","1.99073470094341","5.4906334610699","3.13031632276175","4.79389446903986","1.89978589950968","5.02605914552703","-12.775544730416","-2.85488688201116","-0.252401213915651","-3.86161246350964","-1.21446039942384","-0.584768212738884","6.830837931018","-1.53112207412688","2.98130489287075","6.20252469117674","-4.62837868146805","0.131832296604391","0.935723546221375","-4.19070942167539","6.80523199399323","-2.13209723416194","0.147845805876355","2.39771435396664","1.16942161995562","0.494772328452549","-3.80710282824506","-0.516168093648603","-0.999014148100901","-3.84320779507739","-3.16062518840059","-3.97753969392234","-2.83687730878326","3.01981213063041","1.66385980044872","-4.11708638856314","-3.13370004013023","6.89811236899502","-0.126099760268758","3.16689630381619","1.1825778387751","-1.20447489210109","-3.61811829394824","0.106778271575535","1.03311712082796","5.00708915116147","3.28757335509084","-1.89575349408831","-0.473259597052514","3.60489262480822","-1.28442079479531","-0.765446965784379","-4.40668196435785","-3.45006020033415","-7.0497791176776","-1.99557635914328","1.06670569208463","5.00683033480002","1.13725805012345","-3.16514668446167","5.81862594634248","-2.95682407164555","3.62463999782658","1.11419537495198","3.21595909576959","1.60564495676221","-5.84395674041716","-1.10026698072669","4.37119687974812","0.00276195715313316","6.54538907935998","3.06417735011969","-1.1964429547476","-6.9791946490563","-4.50187175983179","-9.12814820189558","-3.85609779803997","-0.452834420473311","-5.06629607516584","2.33812708432135","0.00467072765085729","-3.14905161038059","0.794161209344842","3.66239037508091","-6.82402616171312","-9.10328908706559","-0.778530652500569","3.48949185153361","-5.52003395908759","-1.18625780151036","5.48611371602906","-4.86796768245155","-2.44231779402306","1.4253010666936","-8.42779155798387","1.77866064410016","-0.461695064390272","-2.10823295935419","3.32756827997911","-5.08546744288643","2.78261362262316","2.79471079771936","0.642402285462479","-0.78080689062143","-7.36633985289699","4.71900035428048","0.103115679909661","0.801790715878044","-2.61109720670907","-1.59048780144209","6.22874037293964","-1.91163404725744","-9.60566125315775","0.696634118781254"
"Random_Index6_32_0385","-3.13453644417673","2.11008747492454","5.53352616320851","2.99758234639564","4.86833206682979","1.86666808628788","5.15160187384752","-12.7694523831398","-2.87000795619457","-0.398968826194999","-3.77014030479585","-1.20459132633999","-0.61669939838001","6.90737415426937","-1.55477654718441","3.11517038587237","6.10951071649307","-4.7641619054803","0.235654741849088","0.922305863928613","-4.30507775843237","6.76657611057653","-2.08023903845876","0.361532897094403","2.23872040034054","1.18987018412881","0.507521233112133","-3.8434802114688","-0.286559116251173","-1.05305194708379","-4.03556488786457","-3.08855142697103","-3.92551975917622","-2.98256826006789","2.94218909177251","1.71575642005306","-4.30465292691279","-3.11862676452913","6.76588826032427","-0.0176255701003053","3.30412214022474","1.34843967770994","-1.18515319997948","-3.64888609496849","0.145483908962092","0.97300385152892","5.09784573156746","3.16772582269603","-1.99149764295774","-0.650839528623217","3.70349875682892","-1.28467311044609","-0.648043438433241","-4.49408810629196","-3.35308506645971","-7.22457366077192","-1.89387206970522","0.996133201270086","5.09332105952569","1.25362394820964","-3.39407020087461","5.83726818304581","-2.85962596141814","3.72043649224745","1.14077077254376","3.18973472055811","1.71477030724019","-5.70340578841606","-1.17756174938107","4.40641239779516","0.0877936284592301","6.490087816408","3.09412070279824","-0.971134162987493","-7.01301805635468","-4.49445584519443","-8.83307777897837","-3.97537205543981","-0.519632518518284","-5.19233654974665","2.21224796254409","0.0360775279038173","-3.20094295000934","0.836637609241857","3.57747012914635","-6.8065853408194","-9.05304232775741","-0.936402000621671","3.50344457506706","-5.70209996500369","-1.19975382459136","5.42092117889969","-4.988790930936","-2.22621698361201","1.52156714676561","-8.26010445537097","1.8500404632905","-0.556071080031931","-2.05415405754156","3.39395757607366","-5.0201777034575","2.73989623278888","2.65170332787121","0.703110762766225","-0.735507049207665","-7.54230188382672","4.59998169379602","0.108754220779713","0.751581013733123","-2.74394102619687","-1.67663306929555","6.12741849064477","-2.05116182293098","-9.62732918421191","0.624670185659405"
"Random_Index6_32_0386","-3.23994069495302","1.98433839347063","5.54630189707489","3.08984613134779","4.82403557273131","2.02162805957587","5.39583074103777","-12.804206182207","-2.71412031360145","-0.3751531941338","-3.8336841430202","-1.20656224450521","-0.660850097609181","6.77933722953562","-1.56285326559839","2.97023467290758","6.35666751025012","-4.80161883022788","0.182047700665485","0.699868228107089","-4.25538971688259","6.63378756795575","-2.19912259685602","-0.128898925802728","2.42213096521007","1.29767915689928","0.242692455728872","-4.03431263997717","-0.549276761546421","-1.14039907553306","-3.86651240660677","-3.00580830760482","-3.98908647825461","-2.99112837535629","3.12183883731844","1.6418542700036","-4.0169607501959","-2.79318211490018","6.93350096151006","-0.109810622709062","3.3011545754556","1.2259767495812","-1.47579299765706","-3.61729204103986","0.108396141925848","1.20753537904808","5.01636610596971","3.38204876855053","-1.70389515800295","-0.543685627880192","3.34656934498085","-1.45128885208407","-0.745926860533251","-4.5154786488292","-3.59674045102192","-6.92817822179539","-1.9329875386339","1.07658037989752","5.0656417794008","1.23707548847505","-2.92656437948727","5.86259597335525","-2.77846609350668","3.60789833174737","1.14315824627906","3.48641248943449","1.64723580666779","-5.81866271953988","-1.12515438312047","4.17257059297475","-0.107801501038384","6.58607926665477","3.27627310352055","-0.824577997507004","-6.71264266021421","-4.34900674479998","-8.84945446091446","-3.87931053103875","-0.380792087485658","-5.00243492969585","2.44978069983753","-0.0737871006061369","-3.0596015630782","0.762401428608288","3.634916234385","-6.64284073818151","-9.10361147649315","-0.86969817027883","3.44956565440616","-5.63476284484033","-1.0796212006957","5.30329079364419","-4.88113106612892","-2.21381926458298","1.20652169801971","-8.40719063989151","1.56488811151135","-0.404807993299281","-2.22744787828846","3.33704445623846","-5.02789814376426","3.02543930788148","2.78791656023874","0.6903304249069","-0.772791616217596","-7.66849786538147","4.68762928774782","0.18395175878148","0.645458192368837","-2.64017606317049","-1.61173591697866","6.27664409416715","-1.79408083839268","-9.52709356001782","0.78287057519419"
"Random_Index6_32_0387","-3.03365950891215","2.20062540651554","5.60369047221636","3.19217417851574","4.73775860125865","1.99328435922397","5.15817880415167","-12.9002113528941","-2.86902108143724","-0.407884542629358","-3.83380635167131","-1.21660382779493","-0.68182530158965","6.96340842561586","-1.50853863575624","3.10647498122414","6.23632500845164","-4.63756159775289","0.131012634915266","0.878375856800704","-4.21915904855673","6.79188077668032","-2.23065901067941","-0.0086407060209602","2.43163798860132","1.25720737562762","0.336686377920099","-3.90385565157741","-0.499669011312922","-1.09422114006098","-3.90758487060866","-3.09383752120484","-3.9564418013762","-2.75571751914894","3.10081181474792","1.6377201257312","-4.06000620069386","-2.97860083179892","6.97163544949677","-0.00941152779529005","3.40818379048935","1.273267647553","-1.23404712599699","-3.54779566215573","0.131463058990547","0.983870646079594","5.17349451638235","3.33868962372222","-1.81330133232684","-0.606358026692767","3.52449559354592","-1.32724151764698","-0.658534048381366","-4.50901698633286","-3.37025976235318","-7.15794065309845","-2.17541528430581","1.03780927587639","5.1425689824803","1.30158971858979","-3.19352489344699","5.83269554740585","-3.00492949175689","3.74637025793074","1.11766285971217","3.29110162787129","1.61203694521591","-5.6734683752608","-1.15912782612607","4.41452461775204","-0.113836343266623","6.51890748263321","3.21790953210789","-1.2818827957037","-6.88252314738492","-4.45825591831734","-8.96407631837022","-3.99141048406937","-0.36544503001694","-5.05464905159358","2.4301294417717","0.0978093873225195","-3.19758909025761","0.705787869399261","3.73786073501473","-6.78232574816747","-9.1368156546656","-0.790080784676428","3.49089419986203","-5.57799748381032","-1.13556617726191","5.38033508716782","-4.75272982924262","-2.20132619947079","1.45313114719826","-8.41910588598349","1.60574862119744","-0.482969463074384","-2.18409774562704","3.41560924498153","-5.12572052022161","2.90777758561772","2.83822770429371","0.62196453122556","-0.60018181062808","-7.50438602640545","4.71117951395435","0.221536273672613","0.985016933492829","-2.80787059259787","-1.52325432240167","6.2744873244318","-1.84472121293326","-9.72990350596371","0.830280621332684"
"Random_Index6_32_0388","-3.23222028941831","2.16498533212802","5.43286123349079","3.15502786398106","4.74756414698671","2.15164168993339","4.93298565686956","-12.8074018283773","-2.69963877281086","-0.156333291745547","-3.65576987800874","-1.06802649917649","-0.546672641632979","6.8645727907298","-1.39635288940811","2.94829881652222","6.3817805401489","-4.57771505074283","0.212404374510047","0.681189613413333","-5.033491998445","6.84843970020125","-1.97214208408516","0.170591181498288","2.29089160025323","1.16362299812712","0.262273608787498","-3.66552941258833","-0.786317397218108","-0.991037465100155","-3.73468831676525","-2.94831355363136","-4.08820692566088","-3.23437206932722","3.08322356503423","1.64695291945603","-4.16583990382963","-3.11355277600588","6.97873820450871","0.0304447077967071","3.22886035922401","1.32311314692465","-1.1412005378076","-3.41883122811182","-0.143333422525205","0.977368144325754","5.05231010939785","3.30757558262749","-2.01534796151162","-0.602012705613535","3.36026197309012","-1.2814492030164","-0.737095358372259","-4.53241149116403","-3.58338447420157","-7.03478551714572","-2.2984869262492","1.06335721734088","5.04296066777516","1.05975927236229","-2.98367648492884","5.77961131147373","-2.65909135428427","3.72001168228677","1.04563260274978","3.39874550733651","1.60401389147325","-5.72943344257513","-1.05915999754548","4.23349179214769","-0.269461131760567","6.74231987849145","3.18198658921925","-1.06717640736439","-6.74671457513273","-4.23661070173148","-9.07199899374424","-3.89751307306794","-0.368227412297837","-5.06880309233794","2.63282131316879","0.046928847572562","-2.93173761932011","0.734514909533511","3.74725403321139","-6.6064455550394","-9.19301717741885","-0.764549639799307","3.41829387298111","-5.55281874103821","-1.05223459462039","5.30173882309603","-5.15281005677314","-2.58803374252007","1.33790328205337","-8.18752084824712","1.56519265640276","-0.29870219353519","-2.3122817903574","3.31217392888159","-4.94069554613131","3.01967801898396","3.02629623449261","0.809353070544854","-0.678018178290885","-7.35417105445052","4.69909738186051","0.24161777863066","0.891682643055799","-2.49831843841026","-1.66561428537533","6.36065277648057","-2.02357039661441","-9.35310359009351","0.821705040618656"
"Random_Index6_32_0389","-3.23150010885493","2.27389347260525","5.62422578313382","3.18583782936164","4.77128972222221","2.05068481410985","5.19167345505862","-12.76406038563","-2.67976177568973","-0.396214763389407","-3.89040956378321","-1.32660694526766","-0.821602901981759","6.64058254301243","-1.52299183526296","2.96589147886809","6.32796615491389","-4.51772825055911","0.139749477954414","0.851763213733972","-4.36696530978707","6.67989624672104","-2.08719817444366","-0.0550169002773666","2.40687905737698","0.932353671752158","0.403909450324914","-3.81618701671913","-0.494347670717715","-1.1472585549665","-3.7690902330908","-3.18163743334382","-4.09829544484375","-2.84511030148413","3.17469529380412","1.46728834106016","-4.15909106101486","-3.08149035272175","6.78494742452562","0.0672217492144342","3.35474232248678","1.21809327794102","-1.2990835050554","-3.54107704282762","0.0334114760518536","1.07990260311066","5.00903439169279","3.33425349368201","-1.78900176052288","-0.49111560510189","3.35557223539886","-1.43799426414342","-0.816071631181258","-4.6069468590426","-3.58219755369469","-7.10531825192152","-2.33565782098409","1.10688809329309","5.17971678158906","1.16337890089786","-3.11806803588347","5.9109555069562","-2.87529621146177","3.6099549018347","0.995078401443511","3.26320160023013","1.46214100398006","-5.97994238521394","-1.30516001387393","4.34444167929195","-0.18075707182131","6.48942254293691","3.26134068575616","-1.13298502460416","-6.68771158125801","-4.53800418545253","-8.95098994050074","-3.8336762212892","-0.342923586030151","-5.01848653590246","2.36614224543482","0.0971488704992261","-3.00751786866949","0.989495977979142","3.59381869400186","-6.76590236638212","-9.13324705390802","-0.847331994753358","3.47307095464691","-5.42007637912783","-1.13497958883686","5.35279169148098","-4.86270412480441","-2.21544256998283","1.39832790144621","-8.29240691547729","1.66909054631324","-0.380442004170079","-2.31725585691871","3.43370003452282","-5.03553643368699","3.02367053403947","2.91995634575278","0.639608122422072","-0.669561102121729","-7.42476671123282","4.6061484314847","0.171447921763754","0.792041238198387","-2.83214857221824","-1.48230480984928","6.12304170087832","-2.00502067589164","-9.58222668848834","0.788958631186583"
"Random_Index6_32_0390","-3.04429263462458","2.07384509455528","5.71376353358512","3.11999938328573","4.86658004834035","1.96708423417633","4.93891612195336","-12.9610401657621","-2.97977085821289","-0.427512805651025","-3.71339949507308","-1.08377235365464","-0.582306690359379","6.85519017745038","-1.30872440735929","3.12442862269927","6.22915191883335","-4.71734730979089","0.318526486756962","1.01868999206017","-4.15515912676657","6.82059522941092","-1.97391622015375","0.147365951734608","2.35742232919337","1.21536250222633","0.492983413438721","-3.78219701717801","-0.399460696085975","-1.08214604814949","-3.98622105267908","-3.10582235133588","-3.97772496784076","-2.95520287868826","2.98081964348161","1.73522607007657","-4.17846907976942","-3.25049751059735","6.91493318169015","0.00341725720654617","3.21906053714693","1.41645608662068","-1.31152460841966","-3.464821252218","0.150747689354538","0.910926565255355","5.13290688981299","3.24408560908094","-1.96691263020959","-0.506547725536204","3.49886991775021","-1.3752376624474","-0.673624507413897","-4.42194315514109","-3.48485752989939","-6.97071073531368","-2.1204303403534","1.09281856789818","5.11339930303399","1.02824087828037","-3.13709516138071","5.72617795329735","-2.91412683092206","3.65171556458785","1.12403165272218","3.28058495626568","1.55532742974079","-5.81148248932918","-0.987134829195526","4.56889406317452","-0.153818175853579","6.5522235740757","3.1252394566831","-1.16998108594104","-6.7304779831627","-4.45701447793744","-8.91286621962132","-3.92411391646488","-0.511752576259047","-5.20903361633616","2.43652504534704","0.281535614107725","-3.10715278630502","0.732062179530394","3.68299434484066","-6.65336420436048","-9.01885873624186","-0.754365770848275","3.4190320753056","-5.42718254674323","-1.08276389583348","5.47016695728609","-4.8176931340486","-2.16282164959959","1.41323664170937","-8.3392125363694","1.83592991007202","-0.370443446239594","-2.20772691890475","3.40551452974877","-5.09858917581226","2.89458690482041","2.84278523740145","0.729814792091267","-0.671639768595391","-7.27630848739896","4.57480563266014","0.342265350175152","0.705776587559012","-2.64118506565635","-1.60679139834824","6.15526243757363","-1.92793498005868","-9.66601864487053","0.836747572014221"
"Random_Index6_32_0391","-3.10497753458706","2.22053032700668","5.69563886700764","3.29290132843636","4.84331771874293","1.98996302542517","5.18362680469899","-13.1346989870725","-2.63816025917004","-0.335901240302752","-3.79426696495657","-1.34467495849947","-0.695031962052536","6.82548922954368","-1.40134172888309","2.8580398631088","6.47891796238334","-4.45245838166678","0.223855208155047","0.731383781484074","-4.24147606007866","6.85354688567511","-2.05361270343593","-0.109617263510289","2.62143140269691","1.18139546486938","0.189294633417567","-3.80986793266348","-0.337757628856884","-1.04804489439856","-3.92678384664494","-3.0884898390378","-4.22944399954006","-3.02655747319795","3.24002843741104","1.54524307092787","-3.97546345418518","-3.02857641955999","7.03149354021547","-0.0250765961284337","3.34737686985462","1.39605308785598","-1.35041630483077","-3.73318899223187","0.19147062870221","1.00620484735637","5.18612014847223","3.44512648575483","-1.90787986006332","-0.465345472203779","3.51184820327939","-1.53200141435691","-0.794724456096036","-4.4238400590804","-3.54000201116652","-7.28644810402261","-2.20170787270529","1.22234809056084","5.1414480567302","1.15841958458527","-3.30968691174871","6.01148041484578","-2.90732405697189","3.80059886955454","0.821940411232273","3.50471384212462","1.57647559020887","-5.87282783691068","-1.10754167414686","4.44127870821512","-0.199010988472758","6.75800768103939","3.15012161195009","-1.35815824436459","-6.79841628718365","-4.57309227475761","-9.13633863503968","-4.12881976241992","-0.356496037345805","-5.02377036486789","2.56998049584884","0.122295874439612","-3.19873085404383","0.801305075493407","3.8942364717241","-6.79381431940366","-9.36343304479591","-0.884073965613759","3.62822297570224","-5.34339776530995","-1.16520858650262","5.19285531301302","-4.90684644449734","-2.17539486498902","1.26714034121399","-8.5101909161665","1.50259738555217","-0.358640426577394","-2.53727247188639","3.52187172933269","-5.19461787285169","3.03867339643404","2.93391276605631","0.569314226007811","-0.42126828250408","-7.34970001155073","4.87225270327291","0.213440665270691","0.766017243818038","-2.59456985850867","-1.53123730076966","6.4502635934702","-2.11823756479079","-9.79331302340488","0.875267786878284"
"Random_Index6_32_0392","-3.03824701265681","2.00208997150918","5.4149534020907","3.00476498932309","4.83615039426592","2.06421928479604","5.17547379241264","-12.9553818666197","-2.97373835765778","-0.209462055565101","-3.7119110612017","-1.1388978821294","-0.498464077777396","6.7623438642528","-1.31478637127121","3.19764861577489","6.13211898133114","-4.79125170053499","0.291853707166978","0.990912953447337","-4.42184931028619","6.78251371189381","-2.02653115983554","0.109075246871167","2.09404647839207","1.34083411212411","0.470929255950797","-3.69569571838571","-0.580033888994522","-0.887230148498199","-3.96638009758868","-3.15167712333","-4.17641578477713","-3.10246990135216","2.99722130933239","1.8499928182881","-4.41440040078945","-3.33302960847651","6.92185468117322","0.191488584027365","3.25683204138383","1.52770604729321","-1.02910966325848","-3.47161600763342","0.0880861773558462","1.06988872395793","5.0143039004526","3.10318677577468","-1.8266319688445","-0.776016919946711","3.40557017429788","-1.31283033584111","-0.716597296804054","-4.38756864970236","-3.50362676615634","-7.21922863846315","-2.25276753974068","1.04343626383149","4.90994912035731","1.05401021817439","-3.24749964691849","5.68575403279311","-2.97527601106255","3.57976522415499","1.31761182916261","3.0554655111948","1.58980388020232","-5.77050490314608","-1.07111419353079","4.36783331959307","-0.174927285739964","6.45711891904466","3.12607871224669","-0.911158074086385","-6.86969509090664","-4.59304973370398","-8.95268022421972","-4.29008045670503","-0.315719625281552","-5.36943269020677","2.21569166900173","0.31507528968379","-3.10565078741382","0.753663891169986","3.50298283149783","-6.70769221693943","-9.09702571516539","-0.678140471506348","3.26797786200029","-5.57578845207775","-1.29832439378037","5.48547927986877","-5.30556247969374","-2.14482804729477","1.3946627826623","-8.39983787914629","1.77100901115772","-0.290671680146379","-2.30032227470833","3.43528578494111","-5.07920564491147","2.67470640003829","2.66059996407892","0.914537174496262","-0.525365583472376","-7.63621952440194","4.45369686449827","0.361004628714012","0.605511388292341","-2.72777274860926","-1.99595014374251","5.96207547958442","-2.02778720774176","-9.55449634723855","0.76878125568112"
"Random_Index6_32_0393","-3.0113414948687","2.26242395350242","5.63769729361135","3.49059278296702","4.9128535402724","1.96765563124663","4.94444063649585","-12.8699196935498","-3.12714786917299","-0.502013027221289","-3.73882022465102","-1.3379564638345","-0.863637245337161","6.93568861550882","-1.49837776081591","3.02509448800181","6.35407885507059","-4.74504726518981","0.276052049736297","0.996362632096216","-4.25326038413776","7.04669040319686","-2.0437815005599","0.180929766123663","2.4653018186325","0.862618420190601","0.490465340017408","-3.79507484240963","-0.488563975944938","-1.07189396864213","-3.94118362094426","-3.338207215449","-4.2213186227863","-2.90700602937785","3.07216152897168","1.6921599260605","-4.28833515791761","-3.0931363975034","7.28829552180382","0.151451224144806","3.47318206603856","1.28716092729425","-1.140520457201","-3.48412528636946","0.275304282742152","1.22674653307801","5.18801262740653","3.53755056215023","-1.91957730001159","-0.399487295185317","3.44254656063588","-1.54232336017933","-0.941829233903019","-4.26152012915569","-3.60208358360904","-7.1360673074168","-2.13950734395907","1.12299015426514","5.31880603346333","0.988431866390429","-3.24761643510662","5.87988591088876","-2.84687682192616","3.82709271668569","0.881188767152886","3.3602405782061","1.44426672528516","-5.94386554601667","-0.87146028750859","4.67032513171865","-0.256847813272767","6.76894833633595","3.41893511106391","-0.960669624535186","-6.72037260708234","-4.54424199039029","-8.84166149719424","-3.98231714007455","-0.573820541649552","-5.15951228411611","2.60801261902375","0.204984096351798","-3.04136822265428","1.0587498103986","3.87221097329541","-6.58922639799085","-9.20765018613308","-0.850955465113803","3.68654918858511","-5.46856667168739","-0.905032616415968","5.42881952376349","-5.00641248975893","-2.08783308975933","1.41688133011975","-8.46795555399339","1.74274829851841","-0.521241396396994","-2.5097665543605","3.4410463670078","-5.13213821580651","2.88240366676692","3.0495903074533","0.648613192038279","-0.813611042201307","-7.44618528839692","4.88454201548483","0.297565352803514","0.921300189932811","-2.75763820023908","-1.56057974272886","6.33526205062298","-1.95499637692906","-9.43082333327178","0.80134406566992"
"Random_Index6_32_0394","-3.2809100295588","1.96144049802986","5.54840529583492","3.03143425408392","4.80267992033267","2.3154844214505","5.12488276357825","-13.1313367966691","-2.73084267476664","-0.269938301244802","-3.72190757171424","-1.19174719617617","-0.583969786287626","6.82483671379976","-1.38488289763587","2.908539666087","6.43432007985806","-4.54570498946917","0.306703271684049","0.766858036974198","-4.45817961431844","6.88244846587865","-1.89684385257993","0.0835765547234064","2.27532019682094","1.18021732892585","0.449726781986973","-3.78304146090591","-0.590127228381382","-0.901972723693869","-3.670880040391","-3.12345775308735","-3.93034290393955","-3.05251207015278","3.23940228278412","1.54855642761137","-4.30258489860595","-3.11894471113647","7.07073451136023","0.0919578358469249","3.15028909448984","1.48271202716829","-1.23014902475376","-3.59523184227425","-0.040193919475408","1.14134271146718","5.09089012719339","3.45161695711452","-1.79560429772336","-0.547606779806028","3.30007812377315","-1.41651095497241","-0.65286700553551","-4.68873743862581","-3.5573227566549","-7.18569443493669","-2.31133943785537","1.16380997363634","5.04120910080384","1.25417767053681","-3.23898937949376","5.77829547239773","-3.00078891587078","3.7031066560836","1.07723230215604","3.47617018874247","1.59101776589538","-5.59351765959814","-1.08754908202609","4.40275767307452","-0.0613114259601658","6.72772236127105","3.14740997462362","-1.06491318112742","-6.87810940603467","-4.54814638226873","-9.40210348595518","-3.92444234473733","-0.333796603002195","-5.37728780124568","2.34900501404012","0.369124121273734","-3.16778070269659","0.714953360615045","3.56735351559867","-6.74944859510397","-9.18185300760801","-0.805868826516112","3.48719070599645","-5.45744710138675","-1.27441555608251","5.47857457584977","-4.91587977806123","-2.20273455409779","1.25771334667285","-8.50480275266763","1.69016971113004","-0.293252401065076","-2.08182032086538","3.51863952316212","-5.03231351625001","2.97011699715043","2.73954298711673","0.835700956840381","-0.558053456683106","-7.61965737290509","4.78579132324608","0.442262615551533","0.851005805827128","-2.68134424350313","-1.72096214075074","6.26363369735874","-2.00390944210149","-9.86475394439553","0.986483252818488"
"Random_Index6_32_0395","-3.08459799562002","2.14074711655513","5.65340934325934","3.35019544149923","4.85514284470562","2.13376650725457","5.10735310855249","-13.0621058630533","-2.80126564270207","-0.115808719991735","-3.71028082469897","-1.04164017646975","-0.610423244253748","7.00416431254344","-1.33125338529759","3.09563831615396","6.42512592782551","-4.43790424139795","0.257116429038359","0.81991945193359","-4.32996202127729","6.95918242337786","-2.17997031105137","0.107850505353582","2.34219376285994","1.21393458033034","0.41156634782059","-3.76832688283452","-0.596788769852481","-0.918768366851904","-4.05334159573433","-3.14594883790168","-4.06678111447145","-3.09726897326405","3.08101136220121","1.7714923977049","-4.49240662071236","-3.17550388002475","7.10086832584533","-0.0738818903092992","3.31777313863079","1.41242767893799","-1.28809764308113","-3.54366106624624","-0.112494035380963","0.58493151666197","5.20136220087986","3.37387416828476","-1.83399066729057","-0.467108565181053","3.50764291299481","-1.29577333112628","-0.794929057327316","-4.3515787986811","-3.6667910880386","-7.06889211396963","-2.36042898752259","1.1064495386007","5.20775461587983","1.17967283726506","-3.09046869493426","5.84994114549969","-2.81343766714012","3.58860585462072","1.08773419678596","3.2888226644971","1.57568872253101","-5.91379793600887","-0.848760101622208","4.37596158478732","-0.260362818061771","6.68679618462218","3.18488179646104","-1.16649149391923","-7.03558847889508","-4.67338221351463","-9.33193225327302","-3.9310956598655","-0.185837588797816","-5.37586063640375","2.42193333362153","0.126225027303272","-3.09867320421509","0.903426070234221","3.84359584300057","-6.39221833093814","-9.2509537344883","-0.733169110893835","3.37289964618829","-5.51798989408885","-1.11958828173883","5.28163426019766","-5.22858660146012","-2.494406873762","1.47299998350636","-8.54551640526061","1.61413569886905","-0.397383424328769","-2.3719488319942","3.48307334712618","-5.17297756947221","3.00667343698098","2.8861662780772","0.737260689045285","-0.683243168517618","-7.35470435015689","4.81447861316088","0.223685632165784","0.884609257056366","-2.56324935057192","-1.88988090705251","6.34050866674091","-1.80013968525959","-9.60167913335095","0.730980780343479"
"Random_Index6_32_0396","-3.07871918370697","2.15652051887188","5.46465062841184","2.97465469996331","4.77005210731157","2.21132270472431","5.09971383597552","-12.7152182449872","-2.67623843910634","-0.171141332901339","-3.65148187028912","-1.07442074291955","-0.388400075317331","6.82452065613778","-1.29745912849872","3.13908158359307","6.23631616548395","-4.70904929118672","0.39387325911291","0.797704871215866","-4.24378170561615","6.81179282534657","-2.02354502570546","0.155830564052805","2.18098934421769","1.18616888337938","0.371901156847152","-3.62420776064853","-0.595782514868856","-0.795399566078105","-3.8044748017704","-3.04957407441055","-3.99315315879311","-2.85210977714838","3.06315736073346","1.64514834216948","-4.28648003907554","-3.26207567076204","6.84524699918725","0.0909276910722426","3.21628822903041","1.50591497851239","-1.21758166947807","-3.36601048373518","-0.0476301381506175","1.00423612873019","5.22023685263635","3.18967872491044","-1.91444938201156","-0.689434707845103","3.45190507238649","-1.18377027197426","-0.57915926863185","-4.50211438821125","-3.53235092611976","-7.03702959149672","-2.19538567034845","1.14125557082441","5.03917318117445","1.13586618392853","-3.15321539413421","5.76486890948477","-2.92006602681823","3.64065304098185","1.19972575591463","3.33246579999472","1.51848432822647","-5.70232379882294","-1.01068077745695","4.36795000120772","-0.267198059673375","6.54724367343509","3.24598735255295","-1.01649223254711","-6.91914114928865","-4.61663375402331","-8.97505857657454","-3.95976168629706","-0.288500908560897","-5.3371844489593","2.27487642300908","0.162163775409582","-3.1094638888234","0.717917663500594","3.53154537333137","-6.51685675166921","-9.0186595922073","-0.599628562651605","3.39795051047616","-5.58878981477067","-1.27365866404863","5.3942429818488","-4.86793986987753","-2.23637538170015","1.39958814528037","-8.35118345866365","1.79112666979645","-0.308748245250585","-2.13932602427338","3.4571824423146","-4.95537663061406","2.90057116192868","2.65736025772432","0.908779255267261","-0.648539943764283","-7.53269753893077","4.6069063501478","0.338843439537354","0.928021516444616","-2.6962538305337","-1.64845420603946","6.17166624924663","-1.85637445711199","-9.60286706102051","0.735550473697102"
"Random_Index6_32_0397","-3.15791518623067","2.20179067554894","5.64453431328385","3.19318730351521","5.01444420659719","1.92974900948011","5.13497157576325","-12.7781422601233","-2.92773125429633","-0.427033631348576","-3.84377000772384","-1.33421743901347","-0.573987407063248","6.98940480941505","-1.4907622984986","3.15964038400203","6.15647183717132","-4.94561523322848","0.18885186579307","1.03746971619572","-4.09405718947955","6.90851695075422","-2.08936979695757","0.274165570745361","2.41190292532651","1.1519861713847","0.651481270126956","-3.90606590086522","-0.372603575766943","-1.13719562972591","-4.02297117907845","-3.2031121805561","-3.98438625346519","-2.8810250880767","2.93481045879408","1.8037830560486","-4.20013554554556","-3.15882315900447","6.96904608496503","-0.124306096224151","3.35946545355742","1.26992147182643","-1.47969841736694","-3.66873708870604","0.232263567486242","1.12667449197733","5.16784702979569","3.31031950803882","-1.89589526914303","-0.639522962749662","3.56856859494616","-1.49545213260195","-0.83403365123013","-4.42642348429298","-3.5547943145155","-7.05402880952171","-1.99286834008265","0.932662308182347","5.14218976990703","1.26801145967579","-3.35745182849728","5.92085537657869","-3.12954892250236","3.74198452431149","1.00948036455933","3.2027396344495","1.61370771881236","-5.74582953455039","-1.28719815277913","4.49593820266285","0.0718638137501194","6.54627023445078","3.24204926050011","-1.15076320638999","-6.68921582282907","-4.54080009181088","-8.87253671550292","-3.94725670157218","-0.545669543027267","-5.15860559475326","2.34556890273783","0.226747160814512","-3.13732413907199","0.829824832174756","3.7090563821566","-6.83880208786608","-8.94209918901504","-0.938346690292521","3.66354481702399","-5.44375283281837","-1.13273880096477","5.57802817744572","-4.87567457697719","-2.18274580513242","1.61543871737755","-8.39319666884372","1.85324914341671","-0.557859547816325","-1.93551563012144","3.28830385820299","-5.18581541139131","2.70408384206092","2.86170722668214","0.612873287676432","-0.794105757947381","-7.51287473138536","4.67097122696252","0.186548956660315","0.788076180906404","-2.75236824430712","-1.54704773374188","6.24361314726525","-2.05258085857303","-9.7567377609521","0.712036108051667"
"Random_Index6_32_0398","-3.18883225524234","2.13602126309633","5.43942955255469","3.16232737128149","4.81450615627723","2.10955971425791","5.23802876700252","-12.8638374438612","-2.70985066378814","-0.165851801575689","-3.62716516969609","-1.13450313503541","-0.414555204332027","6.83845705681665","-1.23640513534705","3.1026511170928","6.2434296327745","-4.90510520385695","0.269727026098275","0.756352265297654","-4.36900910415909","6.82149810862144","-1.99887028820009","-0.159453573777266","2.3641430238376","1.13335117569291","0.275936547948583","-3.65706764606163","-0.630096216654983","-0.84040170886446","-3.82390006115311","-3.06512149024861","-4.1526618992275","-3.12002158599654","3.17241151687283","1.79311665195848","-4.18449845628676","-2.99921217292427","6.93720146794124","0.101440069334065","3.27421739037216","1.52486867715542","-1.26315109387309","-3.52965918222058","0.0540365930188206","0.988605698368676","4.9738934202243","3.29926637572815","-1.71005112737657","-0.546505439612243","3.51903151708386","-1.10508614739906","-0.661715141728801","-4.38174002022091","-3.48625288042911","-7.10400247260642","-2.12575347537737","1.24008993132509","5.0246544456625","1.00797407342873","-3.18466436399036","5.79413506784132","-2.6511960430149","3.53662107107182","1.24553691262333","3.43612125055628","1.6077783838596","-5.87315279944443","-1.11425954959455","4.24887381916122","-0.0692714100423883","6.53063069118288","3.10751143214856","-0.965996575289024","-6.92470378204755","-4.31817201827076","-8.9268205350259","-4.05918705382009","-0.264258050562583","-5.09876878110485","2.41649217872959","0.270076233672968","-2.97119914744246","0.873178720314551","3.63744760783977","-6.50565893715936","-9.20382987621245","-0.568873706168924","3.51856307988625","-5.77095619106486","-1.07586985690245","5.31676286464886","-5.02296351140679","-2.36738386886573","1.39307814958711","-8.46736145248128","1.49891215914373","-0.306236804774244","-2.41295659281695","3.51432783243522","-4.9267197365982","2.92904165698334","2.81027560421052","0.828473985115977","-0.661124190148608","-7.51262150902566","4.7660714660167","0.332910430619121","0.702726486636272","-2.69938876242788","-1.71385970158364","6.3023531593138","-1.86902490598936","-9.6175961230897","0.915281282702199"
"Random_Index6_32_0399","-3.07593188301866","2.11528377507375","5.39357304800894","3.02367273645153","4.85921947213444","2.09920651648613","5.25142811257858","-12.7973172431599","-2.77631449749452","-0.269309299659247","-3.66332589328083","-1.17326323557034","-0.532536814312409","6.90667017158789","-1.3563680582154","3.13604345276328","6.51305002386428","-4.45516934103337","0.254014081957719","0.939583580200669","-4.47023536450803","6.91576494878172","-1.9824193640649","0.265263196407572","2.17853273136484","1.25718975823514","0.513236961120329","-3.78210530176865","-0.535687157106129","-0.894564254394891","-3.8949921603246","-3.10841275872206","-3.86811475372021","-3.08175660762583","3.15097602460648","1.88884465329664","-4.13614627491626","-3.39216918080096","7.08278031906827","0.10383570744337","3.26480454962329","1.44492474742183","-0.98485858412786","-3.62032959350417","-0.00962709202683117","1.07306993387867","5.02599967146696","3.30198177346684","-1.84608816124865","-0.63998840530183","3.54446880404768","-1.15674919629167","-0.648526699388089","-4.36574787164329","-3.4824147804553","-7.13596195897801","-2.01664105693824","1.11783018734158","5.01989814568134","1.10231199097506","-3.3149436709305","5.68424880013543","-2.74479475462825","3.78264429458441","1.22387416715967","3.52892818706832","1.91528291737947","-5.70022663187779","-1.19159195203634","4.45902375076263","0.0193222721565485","6.71172551814654","3.24628115894187","-1.01926387097467","-7.03744352455773","-4.55763553997971","-9.11414037427481","-4.05208598525789","-0.51283726932277","-5.32859630787336","2.34337617742085","0.272706035856333","-2.92537258065191","0.938354107729211","3.72805414075195","-6.72384790177517","-9.13061976669397","-0.677866024257584","3.36086439267166","-5.52110938397325","-1.2152056219485","5.41095594704237","-5.09480453354916","-2.32471790124346","1.49462189526952","-8.48248708970515","1.79648494421708","-0.544082770669821","-2.1289397637409","3.4425846918583","-5.07683842671413","2.93266297572789","2.860617911085","0.844445161613677","-0.761514070631387","-7.65172623499025","4.82629105331289","0.196300553195068","0.797496176093676","-2.65425319093551","-1.74023824037278","6.30044751347359","-2.02662451779439","-9.56727407458972","0.89473603992392"
"Random_Index6_32_0400","-2.99590160348084","2.07743421810765","5.51913003038838","3.23251027482899","4.75279228149499","1.95039340005677","5.14554030723738","-12.8851196904985","-2.82913051170256","-0.349851561251921","-3.69353662365582","-1.27558317069975","-0.628234462723861","6.85999198521018","-1.46613124503364","3.05951900857048","6.30436766237993","-4.71360937774572","0.210751149852553","0.931912373164816","-4.23719648451246","6.82922723173993","-1.92820366806076","0.144030799270477","2.35199685569695","1.14238857451058","0.598676458923706","-3.73413827133645","-0.460285642358998","-0.976405414961119","-3.8621425013729","-3.1809357392057","-4.05193371385214","-3.01506106513017","2.98923331119538","1.65892030864886","-4.22725816001177","-3.04082930691645","7.07087395022786","0.0747906700954181","3.22270693579117","1.42389356444045","-1.21336063354893","-3.52757505179996","0.132519166086139","1.13798404991357","4.97756416311685","3.32069698531948","-1.95313648159788","-0.592440307712347","3.44617068756142","-1.40911909936068","-0.762516279264471","-4.34973333663636","-3.57465336839674","-7.22185008673428","-1.96970467048183","1.05503413730308","5.01821235945346","1.12219507377659","-3.24459554809482","5.82175753511656","-2.9464051930448","3.63719774745374","1.07165665716737","3.36924856683585","1.49708822976596","-5.72488842773987","-1.00850896987834","4.48847125068572","-0.211640841653712","6.59341298956795","3.09897216835373","-0.991649935963323","-6.80437653757415","-4.55253417212686","-8.81433023580229","-3.88697241840463","-0.425633759503314","-5.2617599499541","2.39481014543806","0.0622818261926927","-3.22825391250842","0.937683787304011","3.71502803242841","-6.74694427008086","-9.07332468651594","-0.652574783180809","3.46596288297504","-5.42409423478034","-1.12200007965653","5.41790561341603","-5.01665637135122","-2.04111583675132","1.29018462962279","-8.28210405209447","1.64997456130976","-0.461810247171117","-2.14126404203298","3.37668686324144","-5.03963468924291","2.82713225287439","2.8349642518289","0.774534668126963","-0.786447004528174","-7.48923267012761","4.67878020507602","0.159590275178944","0.688210515056451","-2.65753183555392","-1.56813567125433","6.27100482192592","-2.02496009257808","-9.5294660056389","0.789056026633237"
"Random_Index6_32_0401","-3.21171849605608","2.28580683323745","5.54706230984977","3.22960269484998","4.87097442996856","1.9469551749462","4.9760216881513","-12.9310944273494","-2.98678700306307","-0.461180451858795","-3.82216069579648","-1.29685515786345","-0.776118189600223","6.87898642301253","-1.50977378528535","3.25561162004168","6.31920301193952","-4.74114855418307","0.0375099980643813","1.04641218220139","-4.2845734120889","6.9568687535467","-2.12282895187678","0.255679675555845","2.36358823921625","1.07813710866787","0.437721109354728","-3.76281401439507","-0.493298602212816","-1.16664537887168","-4.01306782469853","-3.2649610995639","-4.19552610803823","-2.87620581107377","2.96117947732699","1.65614756488793","-4.15678416160967","-3.21179372682374","7.10642127895594","0.0795476204426592","3.38997411289105","1.25397719279754","-1.1496575562985","-3.66228951682679","0.243287545157352","0.991806408379904","5.10853321843604","3.31781725180939","-1.94566466863798","-0.524717860389012","3.57031656247517","-1.33929482724463","-0.902468130617299","-4.42840420853745","-3.63111639585885","-7.41022224624153","-2.04785705440182","1.05940149255559","5.13036509995941","1.00363990764313","-3.0504176709453","5.69526050669919","-2.98047578991845","3.70017787861174","1.07260826676965","3.29921421406005","1.42497675598957","-5.78690044394019","-1.10488559401736","4.60327122508916","-0.079771318737683","6.59198049908067","3.25190094186347","-0.991815410854423","-7.03969900031768","-4.59482092305974","-8.85052724136236","-4.05600864226313","-0.516120493663323","-5.13963382432728","2.41934871619826","0.0105998881252869","-3.20217740209208","0.929605123753738","3.62838536729293","-6.81789089289054","-9.43785056974151","-0.754662673768043","3.49974059832289","-5.42445244260006","-1.11726638971926","5.44763341081585","-4.99022047957585","-2.02568695500895","1.49304201211921","-8.35263713084166","1.77446163692619","-0.540072446332763","-2.38957926910342","3.38663994952427","-5.15261683787234","2.91683396884985","2.8490282877749","0.759790096329826","-0.596266628398506","-7.52573881268953","4.63604779597198","0.111230502550678","0.681353546144972","-2.73235106548645","-1.55626280197075","6.10245983330475","-2.01629838556631","-9.49494751356444","0.668978985104136"
"Random_Index6_32_0402","-3.31840533872663","2.22599514238374","5.62043596613646","3.16998643542295","4.72535162502043","2.1059676465007","5.25840268367383","-12.8443963819354","-2.87009363375482","-0.356568858051238","-3.88663740403163","-1.20879606721916","-0.850039977496208","6.8501240268236","-1.51522715018848","3.06050559929907","6.42525323941564","-4.60638432266706","0.144570334118545","0.916560399928834","-4.1662958286075","6.82963145582183","-2.12956511925773","0.11547976574743","2.37319528649516","1.00911822907978","0.292730231181418","-3.93462721038814","-0.647955496322686","-1.00978400075274","-3.8698239311194","-3.22684465322031","-4.0530176791401","-2.86075982968014","3.13597534577414","1.4869576953173","-4.36211776034764","-3.10963463366203","6.95316100792878","0.0521105664248617","3.33987819130874","1.33548502067839","-1.23322934621534","-3.62346896407546","0.0932726191596353","0.98018211355562","4.89649727793172","3.2343717180601","-1.75936663768751","-0.503868623783802","3.38933990634312","-1.37094296239985","-0.761237710021329","-4.54894921330106","-3.68007946525189","-7.00726545868963","-2.0957167287083","1.15501247696005","5.08566544978617","0.942065035352735","-3.21700594489884","5.84627075515573","-2.71959096512167","3.67172599619705","1.14149208564271","3.39900782215796","1.58032645810733","-5.80218946264804","-1.07656962011756","4.43423010339244","-0.223024316737777","6.67103259151056","3.30295230612029","-1.09261170766264","-6.69231822438476","-4.54050617840576","-9.0370401787734","-4.24379257792064","-0.257552759052423","-5.32993004999997","2.4453054769536","0.136943807201162","-2.98135068726768","0.794695159546926","3.7166076645476","-6.70656450837189","-9.10071924920176","-0.769419753237244","3.48288479958759","-5.45642978133675","-1.12368143260479","5.38223090287915","-4.87712618384102","-2.21218102421187","1.26288230086467","-8.47597054100451","1.61733844016512","-0.332845027876918","-2.27711924780656","3.39596156055671","-4.96437545937623","2.95461872800088","2.96358186979527","0.742565465809157","-0.645241942552805","-7.47416467746854","4.61312864535547","0.355834081985306","0.851694791874171","-3.05791559310135","-1.61978861693008","6.16646736621938","-2.12970861986423","-9.56671613047994","0.884220410268534"
"Random_Index6_32_0403","-3.07311306061043","2.102524398617","5.44644386321853","3.25716352634509","4.6743772378787","2.1875587063873","5.19645658190943","-12.8551724417839","-2.8513394738289","-0.151234991242708","-3.62910461503283","-1.02026611666743","-0.588271147184836","6.83278778852011","-1.33186613704183","3.10188952173234","6.2947167943954","-4.37772124733457","0.229592739236682","0.85706349137154","-4.48488635584117","6.91359249441017","-1.85590130835305","-0.0300758009855565","2.21597611946214","1.21245267418475","0.217429940021441","-3.60575375511075","-0.809083850743629","-0.879844147431072","-3.85361644307203","-3.03932462955411","-4.02906211579264","-3.16747045804647","3.13005389041361","1.7795672801364","-4.31737906335338","-3.27970038285715","7.03700949312595","0.321208491442203","3.21367473636557","1.47160831045316","-0.984850367481097","-3.27436331396504","-0.0435692011804723","0.931726411843199","5.03919001603824","3.19797381271969","-1.72558836964563","-0.612937659254276","3.27763118321567","-1.09412145875578","-0.680007436470516","-4.37764503875724","-3.72114778167172","-7.07925022688311","-2.14204758567122","1.17576522372141","5.08490115698612","1.15059822351168","-2.96153810609826","5.63758427012952","-2.78398059478871","3.49711456362798","1.31566615381242","3.33237271803451","1.7305530336488","-5.64341757842999","-0.996035837793981","4.305549916857","-0.201981982893964","6.57712946071541","3.06998068775122","-0.915184057152445","-6.9577865885932","-4.37503952836618","-8.97047032324982","-4.03249690321785","-0.224173344666126","-5.25832676741866","2.49981029957356","0.186509765759169","-2.98787980839915","0.777261694563913","3.54940858587324","-6.6479266450217","-9.141465436895","-0.499747200399568","3.27958531224877","-5.47190031735046","-1.08447274935604","5.2364694127519","-5.16004036230503","-2.57482251423851","1.32576361379726","-8.36026035024066","1.53732993275466","-0.245431009114002","-2.50402361396519","3.4887779286566","-4.87723035058569","2.97544500758832","2.91561092067708","1.00290005971475","-0.499918412770762","-7.5986609309985","4.6246934489199","0.339531560172952","0.713197216915818","-2.4699801151609","-1.79246337431766","6.16306240692622","-1.96195338937713","-9.33683734770585","0.878437198458008"
"Random_Index6_32_0404","-2.95291321462107","2.21653817972446","5.49044105047391","3.09180121739967","4.79650282183393","1.98649691197562","5.23404874515401","-12.7251790676422","-2.83618076277139","-0.183759630119981","-3.7477222449786","-1.15973010202228","-0.553019849580953","6.96377578933722","-1.42664826908792","3.13251431156743","6.38199827532256","-4.83664476514359","0.321623758965746","0.976243184927285","-4.19691240351371","6.77488954001518","-2.05361345254951","0.125202302295884","2.24338122826066","1.00947281098278","0.312909116312956","-3.67051777118083","-0.537314833505612","-0.946425316032661","-3.75550123352129","-3.03135593855709","-3.94140934785503","-2.90940576752143","3.16245433455604","1.6887237293569","-4.25940129202922","-3.18681433493108","6.91612329624866","-0.00475817911842162","3.25457500647967","1.40312464027838","-1.17282002457994","-3.63938507071365","-0.0680992627027813","0.874833693233188","5.13229978941337","3.22623731864627","-2.0564413041092","-0.650581914232078","3.56859702497292","-1.25931678526988","-0.611646228700595","-4.7110680351523","-3.35838958606957","-7.22392531684864","-2.17622966318888","1.17690772618839","5.04030484314622","1.07601595958516","-3.36750737086864","5.86739886763141","-2.8802774579243","3.57899314686337","1.04360732446361","3.53303654773802","1.67369119167405","-5.86669559572851","-1.00953550220988","4.3304214078725","-0.101562007889921","6.56936075963501","3.20618942368791","-1.21214503858991","-6.94410000882009","-4.4766770506125","-8.89062604969821","-3.98956558577445","-0.578085719636656","-5.12070870775506","2.36911134372244","0.0948494912199538","-3.08182875681153","0.868753034213919","3.66304754776764","-6.6554994907874","-9.09041770876309","-0.767860080723533","3.50024522463352","-5.73299072173019","-1.37608819270277","5.4406814795463","-4.75650330530669","-2.24333082305064","1.40923652649861","-8.29714399283467","1.74852106494384","-0.378099647914025","-2.09175357578298","3.51428785937864","-5.07016701140622","2.9680856266152","2.87722795680428","0.637055675664544","-0.805527499675585","-7.40923633142215","4.65471734125404","0.163316323810418","0.907788137175235","-2.85362984345303","-1.4848034241242","6.21813029923079","-2.19937054707722","-9.62370354074819","0.6882192726685"
"Random_Index6_32_0405","-3.01833322887017","2.20071831160194","5.69433677931278","3.22117766992319","5.00935304424018","1.9593697028389","4.92077712220947","-12.9033253372736","-2.86834891344208","-0.35260934881681","-3.77823304896348","-1.15499397326796","-0.715109334011915","6.86641431266651","-1.39500180772237","3.06023575804716","6.32928732299022","-4.86464956274988","0.168043542621027","1.10591308249642","-4.17995546084108","6.88603453232162","-1.97534443720773","0.131826783642076","2.52473521315481","1.34790847444178","0.4372658031927","-3.82703384838594","-0.425688470608566","-1.00582885220516","-3.95153098762249","-3.09162731904971","-3.99300882589183","-3.02012865728389","3.1374860954313","1.59669527327313","-4.15677618369248","-3.27893450002773","6.87217195651968","-0.0696382465609072","3.42671509151645","1.39959164765013","-1.25969509050386","-3.5939953604105","0.299687798789936","0.822696032541414","5.34300291101171","3.29726281339169","-1.9679808562305","-0.495694962961793","3.42475197410792","-1.38904215969163","-0.703342702878807","-4.53108838071667","-3.52275686049607","-6.99378676774314","-1.95820908776753","1.22126169367213","5.1809687696823","0.901272195331139","-3.13467424247449","6.00655302807816","-2.87975678529413","3.71282622829787","0.975032687941254","3.30183836190493","1.61011860104522","-5.946542830174","-0.930413873664653","4.63238510275094","-0.249731280524613","6.48111859318863","3.36981895056221","-1.17561058550288","-6.89541909344966","-4.6597606958176","-9.00231058265558","-3.92274323716875","-0.341188702022741","-5.40169544887734","2.46156306042667","0.217335198508169","-3.1275169223637","0.859457018517099","3.53171074932981","-6.56525070841867","-9.26485009625283","-0.796160387779217","3.66626224628665","-5.60560209230561","-1.15633372131792","5.42303747061144","-4.91466994135755","-2.01491082772317","1.64489702982972","-8.5324968875563","1.7914313866107","-0.480420328231274","-2.38269634141484","3.51690447561398","-5.20762998798588","2.86912371872711","2.81855881919798","0.642510747777624","-0.769279713685544","-7.45846582963129","4.59105930091189","0.393168411604486","0.880328541057678","-2.81113712783643","-1.54306909243127","6.27179342931523","-1.90015235307889","-9.58832865949378","0.688999691841689"
"Random_Index6_32_0406","-3.38846117246177","2.27173609256044","5.81801468876874","3.32559313146776","4.8820843509196","2.01786061588721","5.26157916227796","-13.118578993992","-2.7951667362674","-0.526419508408533","-3.9648682711376","-1.3678079502125","-0.801292128166866","7.04202016949224","-1.45712730849954","2.99596831658158","6.55173568800658","-4.77232968377071","-0.0555363001958783","0.822189247422959","-4.08035935273626","7.05815993662781","-2.22704576279498","0.255735979768514","2.39689390022243","1.01145298706735","0.410553066644653","-3.94524807411291","-0.687785124968508","-1.27341459648597","-3.83244489668418","-3.35948661394701","-4.17366995179544","-2.87730114953891","3.2036610989284","1.56222702471818","-4.15530958724711","-3.00448957298163","7.17687402685089","-0.121353834006458","3.47201330371758","1.09541135421229","-1.38276195889399","-3.57873995750846","0.115764303057261","1.17186221563341","5.27775640586718","3.35476503106129","-2.12841394742032","-0.279910044621256","3.53524389145623","-1.50677725557014","-0.944569880172902","-4.51752413490645","-3.80027552947786","-7.09726222401543","-2.06185658154163","1.2120471893645","5.34398766531414","1.4287702026967","-3.15361613534175","5.94317434213435","-2.99934653455836","3.82483871777533","0.846126705150193","3.54374986025083","1.42363484180037","-5.65110695165666","-1.14792406299217","4.38854019422437","-0.358748627401468","6.7575961524114","3.5729857309743","-1.14018900722737","-6.74274920408139","-4.39520389009248","-9.15501931903202","-3.79680266012289","-0.472276183028507","-5.24042499059371","2.60609143960354","0.0990852380750653","-3.1679744566288","0.847165396767855","3.87883668454466","-6.60810694627324","-9.25162654867588","-1.03937092930965","3.76776731477338","-5.24963686819451","-1.08767418332156","5.27774091934178","-4.90815827062587","-2.05138526546007","1.63969091098127","-8.42761696118046","1.72192676865364","-0.412441584038308","-2.16246998560675","3.45123103621209","-5.23175916278972","2.94554462409822","3.07098798507304","0.747774464004675","-0.647898697251087","-7.59261356402839","4.91787558249016","-0.0536854587482353","1.03673730722705","-2.91067943977123","-1.55314019535581","6.48468489079791","-2.01900114674818","-9.92488802076023","0.648680716647052"
"Random_Index6_32_0407","-3.28224419349612","2.27938104863536","5.48157843303227","3.08437456887238","4.70233552697644","2.11939339267539","5.07957983929727","-12.9068528188175","-2.8438989573248","0.000474061025657633","-3.64453236215244","-1.04292434013874","-0.656579106228235","6.82132882393713","-1.22840935220295","2.95664887793585","6.26355202827969","-4.5400391780134","0.363804697423215","0.664493894752219","-4.4010197602186","6.78804767454863","-1.98082285772563","-0.0818473693739953","2.18740106560247","0.983339268423254","0.217266016943424","-3.67831623052602","-0.778175644151838","-0.896366862301114","-3.7883759942589","-3.1082050242359","-4.03064454413978","-3.00362780212222","3.16524275017917","1.73531494641889","-4.15496813633687","-3.21529167467867","6.82767110477652","0.0759122621255635","3.27899353630647","1.43108411398912","-1.26677773332533","-3.67692638702261","0.049970645455641","0.724939092138069","4.86003788837421","3.26206227706033","-1.90312169670757","-0.586947540877373","3.40524750347143","-1.308975397985","-0.650462954123153","-4.61080939450949","-3.5860561063751","-6.91065355994837","-2.29320665550832","1.20960709294903","5.04026023429942","1.10362548144883","-3.15205459340597","5.75949937863293","-2.73233518836183","3.71766544526261","1.05969507248989","3.47028193981066","1.56257530551611","-5.74266669721909","-1.06101243124011","4.25886862932174","-0.340199647015889","6.55146300341927","3.18793838983193","-1.31165500885121","-6.93829082304221","-4.47887929237975","-9.13530395712045","-4.26354930310358","-0.362472220261834","-5.15924312265012","2.48300840525939","0.174111931835154","-2.93818582364523","0.667439702790192","3.70198761782929","-6.56266706640957","-9.15423485033128","-0.756906514005992","3.39968149993709","-5.78115163871568","-1.10220551596463","5.15076570196496","-5.00034555791074","-2.40802428805263","1.26664109636724","-8.40214608361386","1.5630506375619","-0.289019177872405","-2.41152259558401","3.46534031995155","-4.82937659298776","3.11429095364138","2.93259277915558","0.792043018551702","-0.836946572438553","-7.47722941775192","4.65318429656646","0.408600491539623","0.827885827505223","-2.98100101244568","-1.67233909997637","6.26291253916194","-2.1075341613929","-9.44532794179552","0.883911435359847"
"Random_Index6_32_0408","-3.08271774289093","2.03805634714764","5.45297687033169","2.99553381779008","4.68079260471417","1.98545769988891","5.0348940084713","-12.8238077434766","-2.76335000652146","-0.185628078967754","-3.52528938425484","-1.10485790038485","-0.453210255225739","6.9018586436807","-1.32948264158065","3.05098570105902","6.219137764816","-4.75206686527861","0.324910605957454","0.757666668632489","-4.26567148662092","6.75135101827054","-2.00270304701479","0.0581228745066926","2.23829719070299","1.16226630991766","0.402832616779334","-3.70501538409514","-0.499553483122662","-0.974906735896228","-3.85941779340315","-2.94376945239695","-3.83003981832809","-2.77669498687379","3.05653839052598","1.7084079709097","-4.25270659451493","-3.10471648810897","6.89504091719079","0.0921107362603437","3.16145632413381","1.39912903728574","-1.07370985093062","-3.48002130201776","-0.0513239997846959","1.0313929305826","4.97980998009338","3.11243797206877","-1.9393990374785","-0.787807624491361","3.401501059313","-1.27977375822611","-0.659998902461156","-4.48932687247703","-3.34169352157068","-7.09577608536224","-2.17469708239163","1.05378099051103","4.90675784002971","1.1517251387002","-3.19083528803427","5.71811052842729","-2.9250032849137","3.61910150406767","1.04522037924682","3.35839108735187","1.55856403272741","-5.58844073563825","-1.00448100128588","4.37015503707988","0.00197672993753999","6.50527781276802","3.08646298790164","-1.039999743267","-6.97100684672092","-4.3734189602134","-9.09854471835986","-4.03373998109646","-0.3529032643437","-5.20882795849488","2.25323103720166","0.150862689584171","-3.09767436625206","0.69725590143368","3.52179840441853","-6.75539185735584","-9.26558127175161","-0.726779307926018","3.38729545659961","-5.51824841729123","-1.32191972582978","5.31008698177646","-4.89875363132636","-2.22645391067367","1.40064971340026","-8.13957229196032","1.63469452100083","-0.32842033318418","-2.25742139979592","3.44399439287777","-4.98006660520596","2.85524207694605","2.69099069882082","0.796092835688046","-0.62467196361468","-7.4436643571902","4.62197183131881","0.203296404988654","0.797915973463928","-2.66522933122816","-1.66393863680512","6.07467886489806","-1.95688598585812","-9.63068978451364","0.727173115036504"
"Random_Index6_32_0409","-3.22416767855652","2.13874277500687","5.54219440145753","3.01485935415001","4.9857560584207","2.17667870612973","5.16391485707256","-12.9546808207729","-2.73086634612507","-0.175036201960392","-3.4784113613442","-1.06329769237693","-0.364320529716623","6.80517200273188","-1.30125726197672","2.98079408785746","6.23600329015565","-4.67736159562809","0.439601333498458","0.874580740109995","-4.36944098640093","6.82047586439072","-1.90718499255247","-0.0419564786132721","2.32400896457613","1.15968562300817","0.402957362070396","-3.72369381745462","-0.454402074987004","-0.853405773608235","-3.86176458588474","-2.8988111959782","-3.89696780405813","-3.06453912685083","3.23789154322431","1.556549512005","-4.14358082158968","-3.13219822874649","6.82899275575733","-0.0273577090113201","3.14195583045753","1.47707817767961","-1.246522353311","-3.52912565206896","0.0998685051489641","0.984362762047976","4.9694093205233","3.18121534924257","-2.07832091767305","-0.58703479371874","3.47930564253362","-1.26220127562415","-0.641545765294832","-4.61353302114716","-3.57324646954291","-7.13267795316914","-2.13943766614823","1.25881372403861","5.08232383914297","1.17897414817903","-3.17268438189045","5.84347855982612","-2.66980477625293","3.70319506429147","1.10318821157527","3.41911169935088","1.59485118226556","-5.54084548271345","-0.891543088652092","4.35691900614566","-0.0200685205025162","6.57029026510079","3.23496479961316","-1.17299382218966","-6.87436453579571","-4.58301574999169","-9.05416455374501","-3.91267325065093","-0.448523575436696","-5.20774618758949","2.40889466375636","0.288010816129832","-2.833247308595","0.517260288674117","3.6084575447906","-6.55981495549439","-9.03297819480347","-0.698433772109192","3.45677142522682","-5.64819310585053","-1.11459432630586","5.28522420847939","-4.83824906625425","-2.48319984378803","1.31247333340796","-8.48659351666548","1.6709380274758","-0.312503123395259","-2.11371067159007","3.5347255926613","-5.01667173700631","2.79329863950843","2.7801345522406","0.689736847851864","-0.689974972609564","-7.63144206054576","4.72634835215396","0.494821048887024","0.876593456854165","-2.63443990420116","-1.61391680273335","6.34094909576648","-1.91111064805818","-9.73460641746159","0.983239193807677"
"Random_Index6_32_0410","-3.32453295751187","2.2552286239902","5.59988580716974","3.15567589017908","5.00277653502447","2.05302727734517","5.41160901861968","-13.0016867688045","-3.00853456927374","-0.425643470136355","-3.90123112768696","-1.34190262179","-0.664740686854843","6.90222910494487","-1.64126097125862","3.17419143683625","6.2713152797333","-5.02271545210239","0.0840581284882088","0.901556469617579","-4.2569816537033","6.85165217232942","-2.26414141332245","0.23108932781331","2.32420357915565","1.22458476573067","0.475468914265689","-3.97579155086642","-0.522886130111687","-1.18883113523236","-4.03608124175071","-3.24487650601794","-4.00074455221526","-2.93478452438998","3.11312899203109","1.73295382713174","-4.26283962885954","-3.16787165038151","6.92065239240263","-0.0714209129012208","3.35776918682391","1.21575005044127","-1.30415802849915","-3.77991260193122","0.0953115854173286","1.09444273483039","5.29296631316536","3.36086760683863","-1.96180985898015","-0.577484988510302","3.60529111236586","-1.46190084428419","-0.806497201549193","-4.69513634605309","-3.548564700304","-7.15097594157406","-2.11901587488767","1.09563920532774","5.18010390374167","1.35487014354177","-3.38612689658448","5.97554269723445","-3.11446745988806","3.79780904337159","1.04513838155644","3.39766851764917","1.665460503979","-5.80127114623826","-1.09137522627421","4.41574452801401","0.0599618802935838","6.66414788274885","3.25993225967156","-1.14429641874487","-6.87457179771388","-4.44822371365154","-8.983940564893","-4.07951144609497","-0.539622744951623","-5.24864847019553","2.3745529986367","0.131534908138641","-3.14022173202488","0.913302630677337","3.6694642797355","-6.94611890642194","-9.32861266642358","-0.926802262399244","3.61619785497689","-5.73182329453957","-1.07295597703654","5.40468257481112","-4.85706195381913","-2.12515028425351","1.56583825746447","-8.38503469263943","1.82415958554538","-0.530749991221483","-2.2149912385006","3.45343368414479","-5.14769654251208","2.91619937638724","2.7782836669539","0.696600663254643","-0.787596138908739","-7.86375144174826","4.76567336911099","0.237219577407533","0.959727991692717","-2.91232383914059","-1.53115546956074","6.41723586649483","-2.00974233748533","-9.85050390475393","0.690112080972251"
"Random_Index6_32_0411","-3.12871231391779","2.22193542365729","5.48226703892228","3.0168610544691","4.87470048023482","2.03106899900902","5.24746554171879","-12.8087583823269","-2.81705544152083","-0.282363347801973","-3.72468991582343","-1.19012567973394","-0.613123569900876","6.97947367008232","-1.40388861752812","3.12171002587651","6.28716679472659","-4.72876703302822","0.270875515514746","0.836074604288832","-4.30546226805435","6.8401422046321","-1.99695294231467","0.142259056400332","2.17084879888047","1.14801673635375","0.51654997174105","-3.74128625735634","-0.565716946365892","-1.00599083764575","-3.87488872916879","-2.96438167049441","-3.92040193148543","-2.89445366063867","3.03849946138848","1.74078427850045","-4.18278201022172","-3.11159870043915","6.97721417083598","0.0484995934170502","3.34469930968337","1.45490229571782","-1.2613315393759","-3.62838472966576","0.0237395588757002","0.986427812632641","4.96361395629069","3.24506679100819","-1.77177361091906","-0.746721021802877","3.47567240455409","-1.40349516013732","-0.680206754506074","-4.51401700932411","-3.38805421666737","-7.17618257395704","-2.15401302548806","0.980602786190172","5.01174173465616","1.12908934230874","-3.19549035954895","5.78920080949906","-2.89980655323343","3.66062904902656","1.11236076369337","3.31160045761489","1.70063190337668","-5.74760229033523","-1.15810966028141","4.38429055211104","-0.000358858074849801","6.48831555567338","3.12990802720822","-1.08995752026127","-6.93306290232062","-4.50077769033351","-9.05139360561597","-4.02543112692389","-0.364160564160021","-5.08192325712299","2.28927461918169","0.278597321869641","-3.05756612979757","0.784499383812301","3.66091878982898","-6.78276435555331","-9.13591596220209","-0.718869912365064","3.49762792323011","-5.65621340902415","-1.32742650980593","5.46081343691573","-4.85165846363177","-2.45314179371994","1.38738442100332","-8.44394479416903","1.75619435762626","-0.320772193719338","-2.25072446567162","3.36493667096537","-5.2045256088169","2.82740662381875","2.79784335602031","0.741951857932936","-0.681321250537827","-7.56039811324989","4.57514027173737","0.24011281582471","0.826292648590656","-2.66128330031416","-1.64731328886498","6.15808211537133","-1.93937906537867","-9.60594458199465","0.791694296076981"
"Random_Index6_32_0412","-3.11338077032688","1.97340172913464","5.48624307020076","3.10402503694846","4.64260059207439","2.30440070412433","5.18594541801258","-12.8367188661967","-2.8365754851626","-0.126933736702613","-3.58860999656199","-1.05524106458807","-0.418986319767709","6.74415485313802","-1.31383640556072","2.92460538344501","6.14781470257155","-4.5330982015786","0.374063437607421","0.728122451794222","-4.47894164237768","6.70366278036723","-1.86495570496033","-0.167083569401326","2.27376553094806","1.17764545834343","0.203822879652683","-3.64004553931887","-0.724930195846218","-0.842170659694174","-3.8485880970764","-2.92263211183172","-4.1158701432004","-3.0979178889467","3.01459577070106","1.67234852752788","-4.233190742526","-3.06012916506001","6.98197813629762","0.19259150581944","3.13590327640665","1.53116612778596","-1.16252468522169","-3.36517057758205","0.0390353789842942","0.983619444628422","4.87130229328282","3.27646496769056","-1.74588917488549","-0.702297739669719","3.25943611788521","-1.18944970297122","-0.683228032748736","-4.43860740324169","-3.57041948955752","-7.10244135201395","-2.13760590781381","1.00376508192415","4.95956940067133","0.98848792200007","-3.02269381404253","5.67525505338748","-2.69928851132032","3.49337079957354","1.08497584815536","3.28325291913766","1.66534746366218","-5.78228245587988","-0.848750687957253","4.11568933612927","-0.195244588126138","6.48937487776517","3.07472955002479","-0.958495752319041","-6.90946274053197","-4.40931745157129","-8.99546004793933","-4.06099144545","-0.288373328266783","-5.18197333869594","2.32746706067238","0.347009643252342","-2.86719391263922","0.708904612667718","3.48776772797003","-6.450682859014","-9.19365514642385","-0.654628738405564","3.21563471792408","-5.581445300691","-1.16250521593554","5.18424327845343","-5.09777103009975","-2.34392306270354","1.23550031097964","-8.45633222147964","1.47810081095957","-0.314746868203606","-2.4446915400995","3.3513251583412","-4.86836080153944","2.84396967474645","2.87387921532638","0.922601034919158","-0.733741203504059","-7.4353514980264","4.59421611278359","0.436823605087184","0.776510041808099","-2.61635153715465","-1.72569068244837","6.19680560477928","-2.04712385694472","-9.53063151221527","0.893500626345234"
"Random_Index6_32_0413","-3.31186080933634","2.36583604666269","5.79648813928771","3.19575298501902","4.97367609821566","2.0030550697849","5.35679348869701","-12.8019983794631","-2.74646630137914","-0.511829616783069","-3.82607147498298","-1.31864754992677","-0.602342670043835","6.72993731573948","-1.49365290011301","2.88455125926809","6.1783765075914","-4.77802612560231","0.160966621186087","0.889603009930339","-4.28831517805002","6.5939827799206","-2.06772818588192","0.00113337660777346","2.53240949113192","1.07084623280321","0.302848198907549","-3.80852819310223","-0.174341227855648","-1.24360938390324","-3.87992664296021","-3.22836350879923","-3.98865244966518","-2.90735059712204","3.17935958038291","1.64776098213393","-3.78264860354187","-2.9288450675479","6.88293770014127","-0.0945875042377352","3.3490154949194","1.1602944276683","-1.33121363057268","-3.59367796379726","0.184645206282965","1.09494399227559","5.07401341371202","3.53373540270583","-1.68542315002801","-0.527627820814067","3.72225068053591","-1.57207314648927","-0.852363765779135","-4.52268865122372","-3.7337653959466","-6.95318569465368","-2.06911843876634","1.1644307239597","5.07825674460622","1.2103051574016","-3.20194486786724","6.14204629256368","-2.78939889105975","3.86998374410644","0.894087665037474","3.33699426497895","1.57681405767185","-5.85925040288717","-1.17044294229841","4.38279055141021","0.163824494756203","6.49256609566077","3.42177291682856","-1.21740290899975","-6.49667554118682","-4.30394170023272","-8.69846691509684","-3.89208533318246","-0.682759517014568","-4.87820778912556","2.42409307369079","0.140779269571897","-2.98533109703904","0.739055262205014","3.6810508160249","-6.69759393263036","-9.15054204318455","-0.906967914541369","3.54299493281547","-5.63238526889595","-0.969618532369643","5.35330044909842","-4.55004298746749","-2.13292967243729","1.33067857580924","-8.35986045900052","1.83552713385689","-0.510101473762655","-2.28131980647563","3.57786160573688","-5.13566612082345","2.87771664919016","2.96682266681295","0.540959138138387","-0.773622612320288","-7.46857804824172","4.73477125747995","0.138114003294519","1.13371411526971","-2.94630194661118","-1.2666812647194","6.42463951206345","-1.9745796726438","-9.72544125268109","0.726467449297384"
"Random_Index6_32_0414","-3.16030421357181","2.07722050559015","5.62649780130122","2.95961699500739","4.73072690246767","2.0492001715175","5.33138404194299","-12.8456107685321","-2.72120591989695","-0.358411769506957","-3.82268895837525","-1.29624937485035","-0.61179310071025","6.75452188829188","-1.44743404818811","3.0299648241694","6.24006797247352","-4.62712526171664","0.137374772972156","0.811761539907496","-4.16354514018993","6.75794058423023","-2.10730785996016","-0.0778452307848466","2.42748729065813","1.01454171820888","0.381521571630358","-3.94070920863424","-0.570530539440271","-1.10884791617825","-3.88254213831305","-3.30934544904077","-4.02833765511264","-2.9950543594314","3.12918389376138","1.57653045531012","-4.0878298534988","-3.03120868210626","6.8235797311196","-0.0404968634805119","3.20789959660966","1.34467748080166","-1.33919692590695","-3.64875151109743","0.134515875480214","0.998438381706202","5.05210295092611","3.21808184127522","-1.76011558683953","-0.583977674817937","3.35037334604807","-1.46116334139399","-0.92790354045879","-4.52348900675938","-3.63871390840646","-7.03836499921357","-1.96527339165159","1.2299301269642","4.8893211509085","1.14779515874358","-3.22451263960208","5.75720783507313","-2.85268733951795","3.5954141972558","0.908573428530969","3.36551096032702","1.50353980560668","-5.74099811993197","-1.2022830181284","4.3338406897899","-0.30659217520099","6.46857794207494","3.1542915638952","-0.950461900527286","-6.68643790616657","-4.47970288613162","-8.77645005014763","-3.8755050493951","-0.447288595170826","-5.20026316550167","2.34283235952408","0.17661856355028","-2.96385193859925","0.7835030563771","3.57884652312186","-6.54412451300976","-9.09650790542173","-0.832592888044977","3.39569977606407","-5.72107780017606","-1.08917755087323","5.36398590541633","-4.91717481013246","-2.07348652325717","1.35108411119379","-8.11935771243177","1.66634206178628","-0.44519735193084","-2.07581774722732","3.52909273450428","-4.93274121603713","2.96502607713957","2.74667905047138","0.719389952757908","-0.776328378395248","-7.34409798237776","4.57246348514205","0.199934983404486","0.97794087066844","-2.76133615688811","-1.63291209541882","6.16848891523933","-1.93627267599332","-9.55946139444657","0.894230951547685"
"Random_Index6_32_0415","-3.31396036533233","2.42957747866438","5.6951473481322","3.26753514379597","4.88163121919762","1.74229179231124","4.98070959275898","-12.6288539605525","-3.13665504516868","-0.553288477709236","-4.0417074580319","-1.36953049614886","-0.879392969603457","7.23010621645026","-1.67031284641513","3.24071407323481","6.30304177019721","-4.90374106815807","0.0499903457835629","1.2663543742541","-4.10922972034825","7.08993176356534","-2.34892044677996","0.295414180126516","2.37892649635955","1.10298612237483","0.68431374832281","-4.09290772840259","-0.316652233439999","-1.32524596139828","-4.18303899578179","-3.31071934342577","-4.00241576198206","-2.78365060873643","3.11186970744964","1.52280315375661","-4.11033331319019","-3.31516140109678","7.08904123849757","-0.136061565035833","3.4486379849739","1.13150580002191","-1.45746992655654","-3.98027226949524","0.212827174583707","0.945520598595577","5.25287956901781","3.24063929086181","-2.12214334925151","-0.533998292159686","3.65350468250857","-1.5114247130047","-1.02762904978478","-4.59332697276905","-3.51829850813176","-7.27295230935566","-1.98171003521278","1.06767209267073","5.08823558360214","1.23033429463149","-3.27148092674698","5.90760536015766","-3.14309889152124","3.90913555835421","0.92285144736556","3.40306089995293","1.56474352708071","-5.87211954680274","-1.23612691313576","4.64490027105108","-0.0482549601791162","6.79235500495224","3.22727829538624","-1.19746013432324","-6.92997912177948","-4.58923069358796","-8.77159906034151","-3.97927419778724","-0.688619180540433","-5.18418975945981","2.55309653611252","-0.0338448406438188","-3.21277183303412","1.08022719498877","3.91825020183073","-6.83783031869107","-9.05148230892119","-0.92365508398952","3.55958012346781","-5.40997264147061","-1.0533504136689","5.51233710595334","-4.76875121728144","-2.14545025648035","1.63939928338828","-8.23168412605949","1.9573469044877","-0.734849084326241","-2.08526664392486","3.60804851559607","-5.31461804184963","3.05859055727998","3.08214693342104","0.495710978006713","-0.875848383942211","-7.37962894780215","4.66280394371175","0.0121038011855403","0.800343629549189","-2.82131666738158","-1.20833726144145","6.26117171908655","-2.08953156351108","-9.56558239694241","0.550534807746471"
"Random_Index6_32_0416","-3.21343734395193","2.14394752148841","5.65118388879808","3.10623569040972","4.88844461953397","2.07405804548463","5.13741921008327","-12.7420099300439","-2.67536793363749","-0.332699499290026","-3.67443491052483","-1.17573851951321","-0.535559300280999","6.9640442529909","-1.3343935481145","3.01485083791269","6.29607969244385","-4.93135081755059","0.292967447695741","0.758300303212938","-4.20615751180089","7.00934664514197","-2.06526845530278","0.140045604022211","2.32301417312321","1.09924081316122","0.325938416070803","-3.82053635320403","-0.624487703536826","-1.02497050327068","-3.8419209069632","-3.10057535575676","-3.96429024218078","-2.88203358660741","2.99333443993143","1.66721024389947","-4.10851697323709","-3.24517794830542","6.87029077508637","0.00673049443503967","3.42954924053543","1.35618449838386","-1.43985011595221","-3.57444601581114","0.0236899370076041","1.00290454073367","5.23822214928843","3.32670405168355","-1.96152977187935","-0.507978702865826","3.56991057411006","-1.21458330260136","-0.626031399809243","-4.88776312809362","-3.57995918047478","-7.0009153578177","-2.23601147484165","0.99475046722546","5.31417570856698","1.3815078817259","-3.14981940583741","5.97151148972904","-2.96253494483311","3.92665848098512","0.95244957216504","3.33977176247771","1.68514115470817","-5.65918440014109","-1.13438471869724","4.2835331791294","-0.135744109129748","6.6537151181603","3.37607091331","-1.24132787805225","-6.70645332329808","-4.33304789841092","-9.31223145126343","-3.7859573470665","-0.507672722317032","-5.05143968833059","2.47332692995317","0.281418226404636","-3.09432389114067","0.706778783577877","3.75007297863298","-6.64695577981683","-9.0370882593484","-0.872515720009183","3.65357391007903","-5.59612490197968","-1.12598596850078","5.30942804958054","-4.90432731185786","-2.4527132023532","1.24403915362691","-8.55577263904158","1.69808786011243","-0.344539346080427","-2.22457678811272","3.24421437827842","-5.08321629189437","2.72742085528068","2.90903323181421","0.740904101413974","-0.83924972497888","-7.45090087402322","4.77615006102628","0.275186647549454","0.825759289406881","-2.90941479440847","-1.58192380524537","6.44190064449426","-1.77024925239727","-9.80068075061991","0.674095815026416"
"Random_Index6_32_0417","-3.0711542950422","2.24972495098427","5.59665408926444","3.16503769081578","4.81076128101585","1.91252641909419","4.85465996684624","-12.8322317766524","-2.8170309496409","-0.300091413253839","-3.77025507522181","-1.12220593151117","-0.697144473876983","6.8029863968155","-1.4380761888531","2.871248387398","6.21198309283294","-4.40630037388269","0.170646591071825","0.71128722195244","-4.23142135331461","6.87214435922661","-2.0926348309371","-0.0493164200779909","2.43154195140778","0.907907708680126","0.197183805822098","-3.83286136685256","-0.671154977928017","-1.04473197363711","-3.85280219862678","-3.15970505688258","-4.09868005833385","-2.80721503117498","2.94603941927487","1.60548201812876","-4.2621438248474","-3.11737942138721","6.88616446454644","-0.0791156384075594","3.296841364641","1.27532827085014","-1.16325992428626","-3.43554818001105","0.0581292860537242","0.903866495374092","5.20035265346757","3.31206653681184","-2.06306997538967","-0.445772797427363","3.37660599107285","-1.30299755063709","-0.808842118976739","-4.5570460114926","-3.68191973753881","-6.94227022573055","-2.21622737347047","1.08755302165181","5.15362320141024","0.917262088644686","-2.99964206456004","5.71563803281457","-2.75768316527757","3.7329826478623","0.912782755392023","3.38648208622459","1.33023846544069","-5.69593098513166","-1.04956234865922","4.41053415748545","-0.429305099933634","6.62956821052919","3.33565839318269","-1.12631855589579","-6.75480176214552","-4.44096453697165","-8.82698449608223","-3.7951645616033","-0.512502138539851","-5.01419764481284","2.58492189556317","-0.0350031117831906","-3.06906392239904","0.752108912367972","3.63279238645028","-6.48928127149408","-9.20082876587339","-0.738886708717859","3.45656774196471","-5.51441165798837","-1.06231634867053","5.21347176475784","-4.83126055864329","-2.27325405898067","1.2298600524683","-8.1956658071941","1.58070701307493","-0.478928030936146","-2.43396898095262","3.27134565244823","-4.97128340841981","2.87048419885024","2.97394413639297","0.56702326448659","-0.742071444524944","-7.29921706319462","4.70293137091457","0.133661284712449","0.819222475221991","-2.6513551903459","-1.46868398509212","6.28589328710008","-1.9417234086923","-9.37452475157244","0.618202063265902"
"Random_Index6_32_0418","-3.24017975655666","2.30059387517647","5.51666564310295","3.21018713399382","4.85402459337811","2.11825299095194","5.27453663684096","-12.7631504528013","-2.84346608080161","-0.53001822218731","-3.74933621113773","-1.31166378253526","-0.549693795661006","7.07667042952564","-1.47125713942903","3.03006004561813","6.41482782799025","-4.81819070996473","0.246536362165497","0.893665720522913","-4.26099263661591","6.85970000721964","-2.06713476564824","0.0114909817698639","2.30320628599","1.03991730548982","0.348739908421649","-3.85817133109516","-0.47760210953812","-0.974087785023561","-3.90025599549103","-3.07162034240058","-4.08078565644441","-2.89992622444992","3.27135642827459","1.41650504897531","-4.20817395752949","-2.9361519097891","7.09829014878489","-0.00577542585892207","3.43635506208109","1.36180259991792","-1.32533066421861","-3.69940058983531","0.321864620526316","1.1737628351348","5.20994638062351","3.30634549830706","-1.92569046214655","-0.616058470238836","3.56088852003341","-1.29809001169616","-0.707444474813901","-4.50718560574826","-3.47512047562744","-7.2691585937896","-1.96487341136584","1.26219344966317","5.08732651045551","1.27295431696072","-3.3706974097851","5.89321734197435","-2.83435671336237","3.86576280272572","0.946270346758322","3.48038827545621","1.52886299889545","-5.83488049873681","-1.00530753704453","4.40013117388756","0.095207208198917","6.75173563055704","3.41889517354314","-1.14300004273294","-6.72485097010226","-4.59232563593345","-8.8331563101454","-3.99359664675434","-0.518218691083269","-5.04505099903463","2.62454162555834","0.177303195730937","-3.01858251442908","0.878780914222664","3.91255728304772","-6.72024612242429","-9.24713177800739","-0.882803889824974","3.59551546898436","-5.53840552513957","-1.05414490830673","5.44492190971565","-4.85321266398757","-2.29326817911738","1.34225877840832","-8.32451104373673","1.73494649122213","-0.482121278838761","-2.10751984850886","3.62436927693091","-5.01515371761272","3.01855388414939","3.03522696505919","0.739970350370967","-1.045856120409","-7.5373022662965","4.7782737553507","0.397369433375088","0.765864018402198","-2.84806223017007","-1.43665367542679","6.38731610754388","-2.07894740377588","-9.63289430193644","0.874557283590228"
"Random_Index6_32_0419","-3.27592931317565","2.25882064402892","5.7978977426552","3.33506622248893","4.89704419340221","2.03388364113148","5.21875913643115","-13.4157719137935","-2.82503236131308","-0.622749575965658","-4.05780314474199","-1.5972807086516","-0.908146676571001","6.94301419863768","-1.68445371844694","3.0710031285979","6.49302544869819","-4.77063645755597","-0.0846900178338203","0.857320749974234","-4.27225511702201","7.01679567521884","-2.32930363812751","0.13347141131056","2.68207568387044","1.05153761600219","0.42612762967086","-4.22168363269446","-0.416628814089303","-1.32503869316891","-3.9558239347736","-3.46496658516252","-4.39716278048451","-2.96443810217811","3.13254300465497","1.71721828792138","-4.11809453621061","-2.85543028381345","7.25364978129116","-0.198418014549339","3.50558512888809","1.09289722052985","-1.42821266744476","-3.86818981670483","0.166683057907327","1.32112648238405","5.28441531404386","3.67230885430993","-1.92125399439949","-0.373940954015297","3.68596876459662","-1.73105256103666","-1.02176019476805","-4.45810199815033","-3.6993877598691","-7.30533300490585","-2.12462282450606","1.12864376965769","5.30926553969718","1.44673371312911","-3.1822811320185","6.20271918267138","-2.92222194233792","3.94901524788569","0.859669087948556","3.50064617552292","1.25772321930272","-5.78742230971523","-1.45238539113626","4.6657749225363","-0.190574117705538","6.74913425955174","3.46305577329476","-0.922511487782969","-6.81269305037175","-4.88640787380488","-9.03556845029583","-3.76851703376059","-0.571715802377706","-5.12620216436868","2.56433778463609","-0.0223558780790709","-3.16294621526623","1.08913857402478","3.82121868416456","-6.95653506334063","-9.52154812092703","-0.860540179265652","3.91512831362567","-5.54342493811412","-1.01287043526055","5.45393415476318","-4.96853283011661","-2.15232440541709","1.34220720389153","-8.60659377195962","1.60789591870387","-0.480592364189151","-2.21048831202331","3.4034113926315","-5.37068762415102","3.07991990952757","2.95814024015367","0.737401189537117","-0.725519841919765","-7.62275682307945","5.0526391917364","-0.0465572702529273","0.932068885662743","-2.92635540003427","-1.46192047956433","6.57408100225874","-1.89022993028348","-10.0049304536308","0.761640275370922"
"Random_Index6_32_0420","-3.29557619299994","2.09692267500178","5.63895561841259","3.24253303286324","4.91739819203884","2.38382287199208","5.49582069384261","-12.9612918415322","-2.75982053842252","-0.376990007305963","-3.76659585809441","-1.48179223046529","-0.650864041808603","6.77771244670548","-1.55138506438674","3.05959082909474","6.2953008401093","-4.56493236904072","0.21508402331312","0.797235299743484","-4.4182750799619","6.83078752806226","-1.97686669719517","-0.0920772401386367","2.54079743659717","1.08393580084094","0.157493073768992","-3.72145751316773","-0.557406746027773","-1.07330669884265","-3.82795245158129","-3.22910991900428","-4.45122073058188","-3.18537724978932","3.30822211513073","1.72082056156448","-3.8675906902843","-2.89715543830354","6.99531646208028","0.113098471556499","3.50351140008712","1.4534741803794","-1.39851797128812","-3.59123054484694","0.422974528364977","1.36132454939589","5.07137295615872","3.33972214008753","-1.67581211834864","-0.486704835593572","3.35304894245697","-1.48008202379395","-0.920074185160975","-4.45778256546321","-3.79688395498208","-7.36561555718131","-2.19192231124099","1.32213612966612","5.13753600856695","1.1671147745117","-3.07213934579873","5.90695470642872","-2.72801547109098","3.67961795909271","0.994577284446029","3.54963197543164","1.55995723882983","-5.93406789879636","-1.14894454796824","4.4666491271385","-0.19830695048101","6.4688160958085","3.29948455799134","-1.0191952450094","-6.65220288603594","-4.61360122987467","-8.84181743786696","-4.03506521871818","-0.433155122080762","-5.10117467028689","2.50808872859611","0.455974962376263","-2.72388725232012","0.872845850771364","3.56865902295911","-6.69127977906415","-9.42215206896052","-0.985049567308434","3.51066526342917","-5.45977970723199","-1.05500148247357","5.4690448696976","-4.96636248147895","-2.04257361170947","1.25350694604972","-8.27693952044506","1.54238187820779","-0.481142681501514","-2.55958092110658","3.55933108424683","-5.00265160730517","2.92874919806845","2.78961311310721","0.934766742513069","-0.386107305682239","-7.71675916320074","4.73686400331997","0.417722106777766","0.663052819781154","-2.8192001487326","-1.58605556589173","6.1799468450547","-1.97152879158438","-9.56468246783194","1.05793737661022"
"Random_Index6_32_0421","-3.24242836001218","2.45041871752828","5.73324315829899","3.34006742896403","4.98466808815658","1.93766563350851","5.28923204450083","-13.1913776095521","-3.00867180717046","-0.489006506492542","-3.9989879474459","-1.39782238066944","-1.00833021186838","7.16602093372585","-1.74513922635732","3.01428063236837","6.34474817909417","-4.75149723078379","0.0764765366761631","0.985035146915936","-4.17496241951708","7.10235510897088","-2.17877983533605","0.176850435472636","2.33893495168918","1.25468924365473","0.582086221970689","-4.05294724759771","-0.358871561355788","-1.22981637424573","-4.12081032232968","-3.17432187019408","-4.10706324291983","-2.8413511077977","3.11492182427178","1.64279328641479","-4.26296130454888","-3.03571661179526","7.18861124128942","-0.0474880890662486","3.50321834288936","1.19439754156124","-1.33032073548072","-3.66168510182221","0.320822790634868","1.31933338431032","5.16753417412913","3.6593375605757","-1.92806226117795","-0.480434477114711","3.50582257274011","-1.55624033049995","-0.899954343727123","-4.64454072505518","-3.61147554067551","-7.21192128830039","-1.97695161983407","1.2455885549411","5.34740822933646","1.25412035752784","-3.12964333587868","5.97907393642703","-2.89654829610721","3.83791073478378","0.921312724229789","3.42103701435677","1.49679162025793","-5.92016160931755","-1.10299306414806","4.68504137479664","-0.170226642032879","6.77630871222898","3.39999645985108","-0.972362813952327","-6.96049547378243","-4.75202494892911","-8.86315202852107","-3.92626803619808","-0.490736349093294","-5.27161722262645","2.50176489989167","0.0107276123325187","-3.20708690681779","1.03784532770849","3.776305020298","-6.84478700453149","-9.25602373182447","-0.922105358422435","3.61937225900377","-5.41239939649243","-1.07112908273476","5.53672362693479","-4.93354474370446","-2.14481667193547","1.5113039570005","-8.52370773156406","1.84544475848751","-0.661176303039713","-2.39273443565691","3.48739055891166","-5.43590448603168","2.82682363118319","2.93520712108984","0.607294528442695","-0.607234967672382","-7.67711378560192","4.89247697485978","0.159036600538462","0.837844477308978","-2.80322316411235","-1.60527556383913","6.35505535796528","-1.97857768628952","-9.76677930403215","0.7132562646665"
"Random_Index6_32_0422","-3.21638454124435","2.14721657583801","5.83671133958906","3.28983975778896","4.99925039244859","2.03465596224993","5.19392090129106","-12.9908594377698","-2.67875985744206","-0.494780847159719","-3.99612136633154","-1.26078612887544","-0.86685567897606","6.85583998621267","-1.55266406092158","3.0374726709821","6.32153498419938","-4.51686440048771","-0.042069857485388","0.899292881420764","-4.30625050834118","6.92612997421179","-2.28343622483229","0.203811260473748","2.60999913495663","1.00598346509501","0.35226610126363","-3.89421522824814","-0.424053919907313","-1.23666135714366","-3.85709632064219","-3.38218663015302","-4.16506107151526","-2.79663661428778","2.92682583733725","1.85007957152699","-4.2445692878721","-3.20265648823304","6.99554260670548","-0.0521488578925597","3.52865106687457","1.09077776530583","-1.22661440986785","-3.53292401587606","0.187206485423376","1.04304800890004","5.25845846307309","3.50429976052211","-1.75711350856809","-0.446611595558513","3.61177084581789","-1.50034633462222","-0.894288849955934","-4.62566528911506","-3.78680310102598","-7.26506946243906","-2.21393479990676","0.917082748772306","5.19575411032427","1.15230468445698","-3.16533701363525","5.92492889294103","-2.88305637851884","3.69331933747255","0.915253213082962","3.23719764691125","1.29443486964937","-5.65378579372648","-1.27074482847783","4.44900503108018","-0.232771996900476","6.56672164072434","3.52297830057794","-1.06155179230016","-6.79304340887779","-4.65894830463751","-9.04452811647413","-3.89215179923549","-0.400532867055901","-5.14002667252133","2.43738800597314","0.0292490007808032","-3.14608703867723","1.05844472238317","3.62360967298159","-6.69591979988041","-9.3061438325172","-0.984306802863726","3.68993595693193","-5.34820766638737","-1.15677584870651","5.45237625483139","-4.94701750187455","-2.09571625521697","1.42323908742061","-8.31298394772797","1.83566591463026","-0.558264082568805","-2.25391065533419","3.25247866494098","-5.23894580497334","2.79083093108947","2.93250872424486","0.599001103242663","-0.543019704249028","-7.41730791409326","4.85046075722373","0.0759107418129113","0.765674107228123","-2.74154362928098","-1.48792593265979","6.34604875181128","-1.78562262844577","-9.82264967248538","0.671696306429071"
"Random_Index6_32_0423","-3.11019779762134","1.88286930010666","5.25964445351649","2.88438203697585","4.56981055010829","2.0951486665811","4.92773400306223","-12.7200888858253","-2.80266544102579","-0.305000800040354","-3.55588278470618","-1.02817120200238","-0.524661664807544","6.70316703362368","-1.29214769492976","2.93207029434203","6.39340757595228","-4.45392347188609","0.493355514237049","0.767512005583585","-4.35176879463636","6.67560195595602","-1.89616125760262","-0.000892980469456048","2.04389843714772","1.25320854686459","0.414505631223642","-3.64730021695979","-0.583817560836418","-0.871897746979881","-3.71727145503841","-2.95439296992495","-3.78476984594246","-3.1611087041583","3.26346368309118","1.57739609393051","-4.42265892673731","-3.25118526394318","6.81410999563369","0.0442287396204439","3.07502888634999","1.41145526809788","-1.02903258684749","-3.3694731853655","-0.106404103971796","1.10130754659925","4.92051535018402","3.22762834780979","-1.94345161802416","-0.706425849875549","3.23811153103239","-1.17181477233832","-0.448366323816906","-4.52884080482175","-3.34884901303746","-7.13528528149897","-1.94612686989333","1.23433161155094","4.85161481564423","1.02882911347599","-3.01910658446856","5.56458035886634","-2.87569775531205","3.4206818968758","1.12261518426979","3.5164623708307","1.7130249392769","-5.56530322881046","-0.920001804568933","4.25076229393871","-0.120618988880412","6.51631679265608","3.17377869486652","-1.04122076398465","-6.8757465973243","-4.65100360911301","-9.2902360658054","-4.04305742241702","-0.300434073010077","-5.40958093854612","2.29249978358462","0.21102194701163","-3.1162280485376","0.669748608012698","3.48952263850086","-6.66909658644227","-8.87482394823842","-0.609177352687164","3.40285418458347","-5.63261902965341","-1.34762999505209","5.27371988275792","-5.08580100682652","-2.32791094236157","1.25370578414634","-8.58799749493273","1.55840403728816","-0.366139935804605","-2.06242376633788","3.56775924592467","-4.97771039809078","2.96970526901366","2.62779991083374","0.710428556037607","-0.575266335510191","-7.4517069063881","4.54355220577","0.244431176215398","0.535339996794426","-2.53529819067374","-1.8963905787881","6.10579232950052","-2.00199651903505","-9.52248224669048","0.814036346719036"
"Random_Index6_32_0424","-3.02568547500845","2.00267779584718","5.42584641492836","3.09012247021931","4.75610156469833","1.97003829720709","5.32927126297728","-12.8886974805617","-2.78782550058516","-0.365738534644563","-3.84402500765358","-1.28185674341764","-0.511268588276436","6.7148077106071","-1.41667386863585","3.13348877025257","6.05081738665539","-4.81683182901133","0.216898890486097","1.04825226304208","-4.15692404358467","6.71721361522915","-2.16558414157506","0.143674439630254","2.41316037002857","1.27776533236449","0.560521413696066","-3.91503412487686","-0.243444894011278","-1.02343267565018","-3.98459380263095","-3.10699098402021","-4.0376331481557","-2.92526014249244","2.79965098346528","1.70247514457916","-4.35136620752814","-2.9960587352381","6.81924499005044","0.16496948582639","3.13156065211736","1.30718500662031","-1.12301249858583","-3.49502870904416","0.122134245422727","1.07861910303022","4.99780606456731","3.10118675378767","-1.79149066910886","-0.729714923592959","3.5596095509686","-1.33212022696596","-0.718795040086531","-4.04579812540992","-3.34801428105315","-6.83453216749546","-2.04656220174797","0.931208886498973","4.90827923526695","1.19684701217973","-3.30032084791673","5.77367504634339","-2.99639289041704","3.51304821721046","1.3493136410905","3.10737762097169","1.60093380324328","-5.69939964717276","-1.11631247902711","4.23490077844348","-0.0859654420865555","6.46394962320061","2.99158663378373","-0.93946285364065","-6.76057391425081","-4.35898922870576","-9.03800051772661","-4.07042039035735","-0.428817916981099","-5.21597119832694","2.23709570124485","0.0628555159568881","-3.10028674041496","0.829668461205059","3.50943604383375","-6.7710713781184","-9.14445345495412","-0.688233415445152","3.4700778941802","-5.47490432061708","-1.23992808822797","5.4816597597071","-5.10133836059775","-2.1565004816855","1.59151344567268","-8.13066528696906","1.62112878748672","-0.500956237921502","-2.00522794565652","3.2678868808575","-4.95542630423525","2.64109699198331","2.77864373494876","0.727685512548992","-0.637983792476894","-7.3756488352529","4.56530694399538","0.254201235735255","0.957024689739651","-2.43668839837783","-1.80025233844092","6.11993226411059","-2.16841196935443","-9.47076815880337","0.728448752577783"
"Random_Index6_32_0425","-3.38875265576311","2.16232767102494","5.57707761741706","3.12888271258168","4.69389609439189","1.93933389005152","5.15395803204478","-12.6992839127331","-2.84403360211397","-0.413526146508849","-3.9278681249414","-1.2761461070649","-0.835895059441477","6.74805267620141","-1.6451373213537","2.94049045689042","6.3232950161009","-4.7618660301086","0.0784937327094644","0.809351680898196","-4.31606164017335","6.82002461101643","-2.37489159551396","-0.0168472870719031","2.43099709104351","0.936402557961302","0.334533749931854","-3.96428517215179","-0.554629868756694","-1.12092517919684","-3.81649846573006","-3.22055924667052","-4.19780680676484","-2.8996301499495","3.03595721873517","1.56490555650274","-4.08598491789815","-2.9874491005974","6.91207040511875","-0.0766377846988536","3.32303151548256","1.01189906061375","-1.56848156499152","-3.756159933686","-0.106441274803231","1.03438358942679","4.91001599235463","3.34589912610764","-1.86562355111481","-0.452079249833593","3.43511222445854","-1.6076098610657","-0.877729939982865","-4.54474197150473","-3.57817481989676","-7.1568556226445","-2.07185646142589","1.04042005849868","5.22851449387734","1.25720897972198","-3.16056715578063","6.04552041557587","-2.85906832213395","3.63684858814306","0.880379317163245","3.33662964038275","1.73577994160098","-5.88835955430466","-1.41644979095259","4.30440005335754","-0.0621592344882785","6.65919580047742","3.18596005744563","-1.04911026527523","-6.65743204580471","-4.6608864256983","-9.02790889235425","-4.11991846758341","-0.374531946109669","-4.92290421704293","2.47786979256696","0.0651322872217186","-3.01345342431484","0.787283919584441","3.75508453517508","-6.7633565883427","-9.15626724140494","-0.88060444286641","3.50296100356441","-5.54974341081445","-0.955677516372298","5.26933367102259","-4.82573492479075","-2.39996620543735","1.15816132618611","-8.51068738874553","1.57311019827811","-0.455171876337981","-2.36130122746213","3.26842079123102","-5.04739807009613","2.8359319976385","2.92170740975909","0.610562964327201","-0.898354544695031","-7.37276583239484","4.81483934452397","0.0623895752387503","0.998060135681157","-2.92175673190401","-1.56620011155539","6.40759949174287","-2.08602646695497","-9.64148392799159","0.664119818332938"
"Random_Index6_32_0426","-3.14587889039588","1.9996166458821","5.35526099111961","2.91527527426398","4.78814759413359","1.99134570856184","5.11200922263746","-12.8775293612862","-2.91040491714924","-0.0770423646098983","-3.50236647223311","-0.966573349417323","-0.398525042283162","6.90924809135937","-1.23073315089894","3.17483217258181","6.24538310262609","-4.83585580279673","0.475500412707606","0.97798541597227","-4.35658396273183","6.83869601276662","-1.88855669260474","0.187377218717002","2.08912820714205","1.28336732649661","0.439203856932513","-3.61464492804","-0.45890469436457","-0.817928574600232","-4.03968585133605","-2.94634122319308","-3.92910788658744","-3.14507644392693","2.84687612767495","1.89272093196005","-4.64672377148882","-3.38772784431036","6.98356113042482","0.203653708920274","3.15116727454155","1.64286899285378","-1.06377252016076","-3.54244027073596","0.159342566380783","0.987777630024914","4.96798054867125","3.06879660987711","-1.91329548511556","-0.87957727198315","3.53832852679001","-1.17943943199074","-0.55710164098331","-4.21547065464334","-3.28910506007005","-7.24537452080628","-2.07585170912924","0.964511085079753","4.92310342264567","1.04991492839715","-3.37375618036587","5.61266866815461","-2.91130077709789","3.53077636383028","1.35583138215075","3.17442493766557","1.83654005557421","-5.60735476530875","-1.00668433653744","4.33981259838874","0.0053141671067982","6.57127410542869","2.82761043864755","-1.1319187229766","-7.14283739281494","-4.43505313780112","-9.31966372123893","-4.19226255660121","-0.406579423377668","-5.51830605270727","2.12699056568262","0.374852206698368","-3.09931533078142","0.649536301818006","3.63631377205","-6.73626959679956","-9.08087544878502","-0.588675333091996","3.29101079454559","-5.80930735068585","-1.41098339668762","5.37178347192855","-5.11478895289362","-2.34864218834915","1.43453915519628","-8.35049668141368","1.76405673025173","-0.426459046754413","-2.19748599297458","3.29984748378049","-5.03266842039387","2.57905268098936","2.65141938678003","0.821150876890374","-0.709226146881002","-7.66118282180028","4.57413104308666","0.434441744719896","0.655124583969964","-2.50768015177243","-1.85866833295304","6.08225836608958","-2.23085455998396","-9.49686484020393","0.866683946978056"
"Random_Index6_32_0427","-2.99233089179381","2.02993152850433","5.51573514999746","3.0348477161416","4.84222597460572","2.20627612556672","4.99047275931278","-12.7927103790985","-2.91359075618755","-0.378544964855036","-3.66139280131097","-0.988802357666226","-0.607358546826322","6.85111434750432","-1.34923671955824","3.16127040688033","6.5565785427771","-4.56372168448126","0.40333107427101","0.905734393834585","-4.27417663076947","6.9013303181395","-1.89589645831307","0.06262560558928","2.12045523515679","1.37927079274363","0.433805498316128","-3.68664382796986","-0.548938005245352","-0.812799283088089","-3.82392156481633","-3.07636595748858","-3.91026452856128","-3.13710313868359","3.30319300836604","1.62513627298595","-4.44077804417646","-3.26375293020104","7.06552283031235","0.222409064924645","3.27530700231354","1.59489478948429","-1.06644170620746","-3.50604722848935","0.0811803983964076","1.03292472556874","5.08134110997953","3.28145239501192","-2.00010711155547","-0.679415633008373","3.43882823307959","-1.20496973801609","-0.610715381256737","-4.48904615064084","-3.63154367672181","-7.17156775559002","-2.02790937707195","1.31071731168134","5.0154828179617","1.1042730215335","-3.22528843023004","5.76523347844604","-2.84006058798838","3.70888774043063","1.31828873591623","3.65581950839135","1.57180534782517","-5.68032354866588","-1.0133992772795","4.50539268581587","-0.117864674100186","6.67490305556872","3.24637022894615","-0.984238100991205","-6.92299845117723","-4.48134410326957","-8.96448169271778","-4.0431629597218","-0.332674780168211","-5.28890973559148","2.40954975909775","0.310458974874733","-3.00210728334967","0.741737192419494","3.69480114679603","-6.72766571360715","-9.03478855237814","-0.695179866799344","3.34979335582848","-5.45006089528698","-1.26287829686913","5.40699336646839","-5.03991327795967","-2.1925292094958","1.30457212973422","-8.57133554334538","1.72842699306798","-0.208831230098537","-2.14582077027287","3.6977194548991","-5.09121754001224","3.10384941834978","2.79895641793391","0.937042748388442","-0.581891626217192","-7.60192036312638","4.52376972564258","0.425338541568505","0.787333081584322","-2.57240075669258","-1.74263393491797","6.13677758386539","-2.09359051509453","-9.59962228601155","1.03159652611557"
"Random_Index6_32_0428","-3.17678402839102","2.41664695522763","5.65313065126143","3.26004515665139","5.00550989159561","1.96015947049989","5.07161475011621","-12.805654971684","-3.0281309700576","-0.513741303801364","-3.89170898965273","-1.26583704394953","-0.761019078678482","7.09463493940968","-1.54407428402923","3.1726541678762","6.44813114191576","-4.69763752945377","0.129781756575332","0.84545454193336","-4.2013618784581","7.08510097266721","-2.26180023674452","0.138810145442399","2.35248204248481","0.932881081227541","0.204559580078548","-3.97869363482356","-0.468309549079279","-1.15341667433034","-4.02916680717935","-3.24320466964854","-4.07383180803287","-2.79883599144358","3.21593700783156","1.58869687969818","-4.25495447791279","-3.15754047831236","7.02792440869747","-0.182477965095313","3.40981048164041","1.21840258641372","-1.29767048977462","-3.99509142879082","0.192813803059761","0.725959893792036","5.3026145369298","3.38419837407824","-1.98041476429807","-0.514272045823484","3.71453654595548","-1.56749781552025","-0.897472007971837","-4.54960932008888","-3.50866347967602","-7.26506423648778","-2.08239227824114","1.36947215957797","5.25978690327316","1.19836203005971","-3.30594705180149","5.90019846353185","-3.05036260700716","3.88620262376232","0.871432816390709","3.4864855175624","1.50075190279922","-5.84277220872023","-1.15968345708773","4.5306428022235","-0.0455818249695617","6.76856768130378","3.39591833349856","-1.18878306687111","-6.95276585358596","-4.56516591576261","-9.01832569849828","-3.88819172147597","-0.682553243932047","-5.14089067217355","2.64682892917162","0.234393775087766","-3.11799034434776","0.876769677269709","3.94164164687175","-6.83151846298264","-9.29272710310076","-1.00916953795585","3.61233729990704","-5.68982439433438","-1.04098262018732","5.47181905034106","-4.84534983362355","-2.10611377148406","1.43922172461976","-8.40726574099542","1.87619776651238","-0.594237921208075","-2.09034347116453","3.60369368083149","-5.29515397968783","3.09770295704213","3.0111148165556","0.541351227404063","-0.989451700127933","-7.49622163930956","4.90016214029762","0.172759119771241","1.12132432909314","-2.86370559291979","-1.5498850197478","6.40015582184362","-2.179846421704","-9.79687235674024","0.875000193698941"
"Random_Index6_32_0429","-3.1123304528237","2.49411160267932","5.66584312755205","3.21972536456116","4.86893479387837","2.03293535121064","5.08549121190845","-12.7645293329064","-3.00282699449686","-0.293222655476604","-3.85183304117773","-1.18037325314849","-0.677108429656747","7.18759467574173","-1.5398224612269","3.15840965346898","6.22670836126862","-4.57319159362456","0.29183885799839","0.977128830913722","-4.33762856819942","7.02917307862704","-2.0722801424064","0.325605887202561","2.30102751763117","1.21180375234551","0.499429720242645","-3.85964385888793","-0.333648325829903","-1.11740579740209","-4.03788037804093","-3.22884603987154","-4.05682870045904","-2.82227796161663","2.98643567409389","1.65936682935726","-4.26087419523042","-3.29821631990383","7.12291481251144","0.014986983073262","3.40636884345079","1.34452091600083","-1.21938002182588","-3.78155503994066","0.090124639594661","0.804993638108491","5.20680207305226","3.45532690287864","-1.73601310056566","-0.650853395797993","3.84110779135415","-1.37689974588142","-0.800245033968323","-4.63294308829711","-3.47142916015047","-7.24237868517299","-1.99975999705028","1.0332191010906","5.33458647209073","1.11812538002819","-3.17767808841585","5.96747755715456","-2.83051793252622","3.84236901887334","1.07706714721014","3.30224024179401","1.61461468975631","-5.86310788504547","-1.19459987893909","4.4899712526106","-0.083491008140159","6.71685675395583","3.15502940382657","-1.17030118956839","-7.04421492058669","-4.48846823827389","-8.91370680244498","-4.06540209849269","-0.570681853824071","-5.14404717826043","2.48299969539916","0.0660163497633997","-3.06303325195423","1.02466360789209","3.90803221169229","-6.77369002864527","-9.31041766941836","-0.787966306725328","3.63708935277391","-5.80523408156417","-1.10162455072148","5.35091476097543","-4.77867893652515","-2.35628947568121","1.58680887183824","-8.51354371952817","1.79735655477621","-0.460566293021725","-2.20844842659327","3.42198462570736","-5.15406473728369","2.94896326743436","2.95248178767752","0.757398566212477","-0.775757001217562","-7.46025951841765","4.75105853468167","0.291074704036297","0.848095071223808","-2.70686595821399","-1.50900479564067","6.27119639079961","-2.06873376166901","-9.68437133055501","0.838776660210833"
"Random_Index6_32_0430","-3.0770898069094","2.27132480975275","5.74385407605453","3.23012139645911","5.14890410119446","1.71333065819426","5.01679639100678","-12.6925334887856","-2.93974259800114","-0.318545570343244","-3.91262543648124","-1.31366346817061","-0.701863212374503","6.84402541413664","-1.52283318071243","3.14630693642812","6.10752158228572","-4.76750445191164","0.0579984471311787","0.968816340004584","-4.19620495659213","6.89081477131706","-2.32554805622107","0.105250312149484","2.58284743270573","1.39375703875219","0.381154236488392","-4.06066619914678","-0.360929056334135","-1.28385652564846","-4.11553663296287","-3.19077732905287","-3.91696033904977","-2.91322157725127","2.797547634771","1.86123280875516","-3.97795461544468","-3.02058561127982","6.96154369302777","-0.202269285154531","3.24823860094821","1.03292638786787","-1.28198312423822","-3.72336704279709","0.114446897808621","0.64850915094664","5.20068342588698","3.18546714427412","-1.99940979647926","-0.596437361499298","3.78880491302201","-1.48034212613648","-0.97684514224407","-4.42306866372413","-3.37713050567746","-7.06292410363893","-1.95688413808103","0.854108510887519","5.12434155317551","1.14836878795918","-3.17984858601269","6.02637323042267","-3.047076760432","3.89400465938474","0.93096814831954","2.98929327293709","1.65378179811658","-5.93099799616804","-1.07950073875529","4.50572866799822","0.039858368210623","6.51812158649689","3.18984710620032","-1.07439585559416","-6.77642424337034","-4.47662309363252","-9.07416195049712","-3.92668540820996","-0.51113518635834","-4.91649658525388","2.45205438570692","-0.183537008983246","-3.32753376335061","0.725793012173999","3.65138409785637","-6.81043666106467","-9.02453715018106","-0.656268542869752","3.56720666065805","-5.48137561517976","-1.05030106804436","5.342123237985","-4.80651409070796","-2.33604920291631","1.46608463903278","-8.36862759198847","1.7773335822241","-0.585581506925671","-2.36394768222914","3.20564628662797","-5.31969143627565","2.70322314559592","2.88874775438854","0.497854571583312","-0.820340166886565","-7.47079512383298","4.83992581960626","-0.127025621295565","1.22667420395987","-2.47754231485735","-1.38179354317288","6.40773395086907","-2.04851720492982","-9.71277733923602","0.505614782741499"
"Random_Index6_32_0431","-3.18838368421183","2.0983560809154","5.59396821489437","3.21873614535619","4.82948908151121","2.0171134177887","5.076594525481","-13.0462172960314","-2.95220050104185","-0.388669358283025","-3.71350117400174","-1.25735215839921","-0.59765449037802","6.88995162529292","-1.47031751258215","3.30304628987316","6.37729421575284","-4.72242201417732","0.189324394702669","1.07522844141945","-4.19121344067524","6.86154617406672","-2.0335987759487","0.0632411053941265","2.33368224953267","1.10110381557842","0.438488675347457","-3.79169381642","-0.431637573168833","-1.10670490295157","-4.03152100407316","-3.02032021814641","-4.13701510725578","-3.09630272066084","3.14857179724494","1.66107639505566","-4.39780644993162","-3.14646026415371","7.00903643767761","0.110026465182465","3.33398861805406","1.34306517640323","-1.13003729928028","-3.57052152708752","0.202868231854974","1.14185400338546","4.97527683503453","3.21193302081218","-2.1479054141376","-0.61302383338189","3.47920241882537","-1.37472492401197","-0.882347299976098","-4.3682906967192","-3.59932168167696","-7.33665089439581","-2.09480857633893","1.18031125725206","5.08870063172959","1.16656317471716","-3.3765333921165","5.76532044462941","-2.80164501795611","3.68695269607854","1.07067161717525","3.49839636348454","1.43551979490072","-5.86312437252752","-1.03300403185679","4.43515578599716","-0.0684431917240299","6.59650863269165","3.24368334210657","-0.985707855390813","-6.79723676210157","-4.54815896416453","-8.70056797367363","-3.99469887914551","-0.482204043064884","-5.24305882737643","2.42093097199537","0.0715437111602142","-3.04343661436147","0.853544994578816","3.6782891123108","-6.627991606812","-9.31834819994255","-0.800769701738321","3.57057681578534","-5.45152475933169","-1.07890172832389","5.39590771608955","-4.98261657737944","-2.1878555388417","1.61158253343747","-8.27563732916331","1.63958635064818","-0.514387645033026","-2.26491009939905","3.50364728808866","-5.05817938695299","2.98202124536792","2.91529455882685","0.716506702651325","-0.691915483017036","-7.51829159188283","4.66375156960858","0.183114634546985","0.727225517311666","-2.71872020987589","-1.52198612184888","6.31025861462106","-2.07227727845527","-9.55169205320707","0.777139796623119"
"Random_Index6_32_0432","-2.96812567416314","1.99702721572979","5.42791959772489","3.11502571724209","4.89525804040204","2.07367805840044","5.04315325293954","-12.7432728059276","-3.00239333145391","-0.17304252435532","-3.70609865667009","-1.14068715496581","-0.524668679190637","6.97766889116595","-1.39957787257073","3.28642667206424","6.14862464783878","-4.60543160119941","0.262562452397788","0.999556225877943","-4.39358333259898","6.85736971670219","-1.92737899975845","0.12998667828612","2.28281009508807","1.22265887679877","0.481192637587271","-3.74541216397817","-0.554261978863786","-0.881660297577627","-3.90863181822764","-3.08560264629985","-3.86613259898871","-2.90265023176124","2.99465343578508","1.94942990836679","-4.39462756631823","-3.26305163396251","6.95812245112284","0.102019717140883","3.29143601369476","1.53442648758112","-1.24278894476895","-3.51441624449239","0.116682992864947","0.950301353430388","5.1197037561576","3.15813533405257","-1.83332024258024","-0.608475268167422","3.56714177292173","-1.20306937342661","-0.548120686374931","-4.46205744355235","-3.43661003558773","-7.16914169639457","-1.87983709001449","0.929607358074051","4.97853405471915","1.15236425936325","-2.99319110202706","5.78886841977786","-2.87026238453212","3.71037612151856","1.29156846687992","3.25413965132222","1.74443935982985","-5.72167302045042","-0.902268121988584","4.43544960121159","-0.00887348830347706","6.4475349927671","3.23958598434221","-1.07284707761461","-6.92747669552365","-4.58888138151011","-8.885702343689","-3.96876819327033","-0.405957412805794","-5.23347183161494","2.41103068105381","0.324513524543692","-3.0652385132282","0.893162682223702","3.66279785666794","-6.53391677510199","-9.08185343290861","-0.656667246114764","3.39582610954612","-5.80418755070426","-1.14545067905838","5.41055093485125","-4.99193355697454","-2.22232218521779","1.41776902191176","-8.50855652293903","1.87017831954394","-0.45623818328578","-2.11485305366575","3.31777596959074","-5.03867548007702","2.795651543297","2.82497548075184","0.790627554420143","-0.816710847658604","-7.54383866302418","4.55830961060647","0.342144318102624","0.726608386897455","-2.49593315350786","-1.72469354619136","6.17179674584773","-1.98770089192151","-9.43145666975991","0.890139739200572"
"Random_Index6_32_0433","-3.00159265494651","2.0975719494753","5.39229962457091","3.07189725082341","4.66321671465241","2.13975403959824","5.16604669565401","-12.9285384030333","-2.88934181252267","-0.0264531617898128","-3.62320487730958","-0.944441540180527","-0.57367788348865","6.99550355579385","-1.30981482938066","3.21363047939588","6.31477398557376","-4.55222687020456","0.465860509305472","1.08347611591401","-4.31587568656522","6.82856922231867","-1.93217535042189","-0.00244151133786832","2.15198730720642","1.33622921341374","0.517220074611232","-3.67943137476519","-0.50115384912155","-0.899133879219947","-3.81363961509834","-2.96728936513688","-3.77880867763567","-3.04593936731507","2.98558596272932","1.77274526312832","-4.20857568875836","-3.41231576573235","6.97034140793001","0.374800876889872","3.19179734708344","1.51713236412546","-1.23454842999702","-3.49562288487688","0.126874790657478","0.891974228613287","4.90166775539008","3.16871403193926","-1.81036934675277","-0.7520596585908","3.39639730711153","-1.2862489566811","-0.598214684515017","-4.64603125478048","-3.57882711854586","-7.08924843256606","-2.15159598119312","1.06928659558442","4.94264890930213","1.07780450823855","-3.08958535245432","5.694966142214","-2.85232616910308","3.63204657674069","1.26875780198908","3.40334424732393","1.87685596562052","-5.65754956586764","-1.12300984814473","4.35943496291727","-0.112379436937049","6.66613179483386","3.10249606189608","-1.04738132738121","-6.79846965020947","-4.50915252001022","-8.96121411290338","-4.3011706218967","-0.450975614370574","-5.285694682728","2.37949711680195","0.344799344016097","-2.93888474223039","0.861985894605084","3.73339779783216","-6.63820198853939","-8.90022327679561","-0.589507987994116","3.33952230238443","-5.54417035438701","-1.21940240649746","5.2795160910281","-5.09802639500479","-2.16791765973873","1.53869679371869","-8.41912415775157","1.68596294270878","-0.396963649421487","-2.24080633672868","3.37623299049599","-5.10514347924858","2.92746048846109","2.79790166018234","0.841918102555542","-0.555035491366452","-7.66574741372591","4.64450954898446","0.358321916773887","0.894619985441208","-2.65244083884073","-1.71333692753526","6.19720514306234","-2.18922054881706","-9.62872651319399","1.02490735441025"
"Random_Index6_32_0434","-3.08054177397191","2.0724893247715","5.61419805719556","3.13089948036491","4.87554095849328","2.04351392352539","5.11813486287247","-12.9846821447017","-2.69739557439118","-0.327538186275849","-3.7584160493061","-1.21278843930156","-0.575855468353141","6.82121773322038","-1.46191356167381","2.97203296309914","6.16624832389277","-4.80009203937363","0.218823861321312","0.880925538476458","-4.16916305327272","6.80484033599584","-2.15758169377754","0.00192226678590976","2.4309163213959","1.0517424758215","0.370520634272011","-3.84631779718533","-0.651750903997307","-1.01092822586724","-3.94527981969558","-3.1010654881564","-4.10239792883714","-3.058675386685","2.97040515166739","1.85122698038695","-4.24677960082081","-3.13543324835267","6.88511508399853","-0.0184395188764694","3.27413256698667","1.34475670781149","-1.41636680261324","-3.5164168338798","0.284217893103265","0.948925262038238","5.04323728902433","3.19204927546665","-1.89614908144419","-0.599802223300004","3.49600083038691","-1.39096240406871","-0.885844801520544","-4.36033456328026","-3.59112219398953","-7.15559688147662","-1.95075573012719","1.06555166300258","5.08102257351542","1.24635749530059","-3.15238573068122","5.8458267518557","-2.87612304527167","3.78084219160777","1.13525259209828","3.22501320362174","1.54741971712292","-5.76730394850791","-1.0197987504718","4.42415728390616","-0.0837778786366946","6.531819506177","3.18982489340997","-1.08187976125021","-6.74787591179236","-4.55009670701574","-8.78690074919929","-3.99750908155037","-0.447030059893697","-5.04577010448984","2.4096073984956","0.108048870592741","-3.08042993369173","0.871362531730404","3.75965856132783","-6.66805079937613","-9.32013629693571","-0.857214999029972","3.5240197698135","-5.69607142625837","-1.01212554339925","5.28887956429492","-4.99599627692736","-2.29737053905539","1.43807869843468","-8.45257001959927","1.6254885882432","-0.410348407162468","-2.21831437226729","3.31047014019216","-5.03805584229544","2.86588875214895","2.90827931064386","0.717482408924426","-0.890095042296906","-7.47448669813804","4.68821847465537","0.177346169116399","0.795820793857829","-2.75905035046368","-1.53879619613118","6.26315691896414","-1.99534044104468","-9.56871993231993","0.967192506434431"
"Random_Index6_32_0435","-3.25445946675507","2.46525866227229","5.68872016611408","3.40472841768327","5.03105744149609","1.91574939821616","5.11426872825663","-12.8950612430017","-3.08731621642353","-0.415358735742823","-3.87756551338552","-1.23896793681306","-0.706406788508916","7.14155878635136","-1.52152538317298","3.13546853673475","6.37865631082432","-4.69669242257651","0.152856082408834","0.981722977171537","-4.40589534866539","7.10503086943216","-2.11864817607919","0.22958562453772","2.37120908939614","1.13964200834841","0.409454321280873","-3.83691083185009","-0.455679846910785","-1.09394737446983","-4.01934042982734","-3.18234329632148","-4.0743754494755","-2.88350378968346","3.22028368178041","1.6222836066611","-4.2372638476533","-3.22514561158821","7.22288684926324","-0.00905834948109675","3.35228189943101","1.25325705820984","-1.12379188423964","-3.67782389385431","0.17481378426874","0.915197681028433","5.31269713582497","3.29743034908606","-2.13660483811317","-0.560636331489274","3.71939972510523","-1.4952912926021","-0.891140764643757","-4.55726070073761","-3.61950796711958","-7.30945841873921","-2.16478630288315","1.18033695205376","5.26751116803828","1.24317716442967","-3.35891817916666","5.9675260329618","-2.84366405293693","3.99369946682224","1.00783849280339","3.40695020406784","1.58281401986651","-5.86204414429563","-1.1509328590266","4.58200235094102","-0.0881539159518779","6.8299304522792","3.35946543126085","-0.98954502742307","-6.82425173477164","-4.57953052888693","-8.79306007833584","-4.07376371285908","-0.694496985188252","-5.17947843623139","2.61593418561126","-0.00922210729056683","-3.14576983228007","0.986214957056918","3.78155023537591","-6.81941423321041","-9.284691893622","-0.977965449426704","3.50299459302255","-5.58135419568407","-1.01755856058597","5.34582231291504","-5.01228207646506","-2.3381230243053","1.54193380234313","-8.37096060026733","1.96892652068466","-0.529768107220938","-2.33450681061679","3.62059416000996","-5.26437874772319","3.07471286693782","3.16182388805519","0.6127782695751","-0.767799757782766","-7.69523744614881","4.83264760420293","0.111500532422246","1.14236817418701","-2.72589191868552","-1.49148389373857","6.44544509043304","-2.23849109041904","-9.86236833862378","0.627964680337002"
"Random_Index6_32_0436","-3.30878857197999","2.22307191709372","5.78514969796027","3.34080202163159","4.90322819749276","1.93946139794873","5.15572094798321","-13.031414707248","-2.9573828272735","-0.364225386309912","-3.89977208631936","-1.29491016791236","-0.736503802648819","7.18530490625604","-1.53070730881144","3.13850640596632","6.41493200744186","-4.80670388069096","0.141311202918386","0.896558386087802","-4.35550024279792","7.02911218183598","-2.13977470404371","0.177474914038734","2.35841633307616","1.09129204846637","0.493583775720198","-3.89060256683304","-0.472080329846929","-1.1487288337974","-4.00732993813897","-3.29376831961029","-4.13606772059571","-3.1273614634225","3.26674348823303","1.49138643267572","-4.22938808816775","-3.28535338001394","7.08447430215199","0.0508319822669533","3.3652862829963","1.34478991076829","-1.24982803302827","-3.6739930390384","0.0811810377717795","0.959766701348975","5.25043384078914","3.38221085487887","-2.00766665564555","-0.573256510475372","3.60821090447072","-1.47826710967903","-0.888679452542896","-4.69776685663896","-3.76224945391956","-7.26222794933945","-2.26308594353693","1.30057102085846","5.21455479770991","1.06596503663187","-3.26625610586738","5.99686695753317","-2.89754239616074","3.75713536318899","1.16507713635807","3.48445226023329","1.59262601979438","-5.95559357856506","-1.0772433914373","4.57004584173968","-0.132941282338082","6.80080187429436","3.21389841504026","-1.1426174637875","-6.93068366064458","-4.61859362040445","-9.14955493559838","-4.1197335849576","-0.423959315207486","-5.13140864573035","2.61385488012698","0.156947977137249","-3.02893731314577","0.905403742373905","3.86637956300295","-6.89536377805897","-9.30878296012874","-0.811116320407142","3.58553273377569","-5.56364379210821","-1.01887074749789","5.41517179070461","-4.96248176957784","-2.21463663197103","1.43765126947296","-8.4947151520656","1.73232220461577","-0.454599576417374","-2.29486190789316","3.65086330246315","-5.16105657978463","3.08724687833996","3.05783925172692","0.738143056158166","-0.729868701136224","-7.64791458556002","4.75515036964243","0.196699648665043","0.813294670085894","-2.78204538344762","-1.54694074767238","6.46450181395544","-2.02003384494593","-9.66076537080829","0.889069082228447"
"Random_Index6_32_0437","-3.34197366562421","2.22782875796372","5.5348722796146","3.17751017294436","4.67491217644329","2.18702179564715","5.1792132882302","-12.9423255944544","-2.59560513437812","-0.508426488391508","-3.94070348883361","-1.48416611342552","-0.751098565317366","6.63324373103079","-1.58741832864753","2.7383704045639","6.36435863601611","-4.62869108396329","0.0433438592852868","0.508665596389305","-4.44665069272437","6.71405873161702","-2.20228298048139","-0.213831711570793","2.62627679104641","0.903911886636769","0.190405623829685","-3.91060516420712","-0.849963706876324","-1.17225375328234","-3.65275412493938","-3.3835226673508","-4.20583279215946","-2.9638136573033","3.18498738243694","1.47490902313491","-3.84798727492463","-2.88595153332429","6.80512576293363","-0.105276321501532","3.37022977761142","1.1891853181441","-1.57454772803734","-3.58899973632306","0.0615318385707678","1.24752749768417","5.06143735977351","3.60707390757549","-1.78663955363058","-0.288165058010665","3.47437262144886","-1.53325996008267","-1.04746802699271","-4.83439203717609","-3.96953170438031","-7.10386315308178","-2.35140641166729","1.17301062812213","5.27071214110284","1.17846077047973","-2.95436219834988","6.02032868820216","-2.66659201883901","3.6445074722513","0.723714715859959","3.57764825041947","1.37933787403194","-5.88696192629938","-1.3938071507438","4.19919474674573","-0.268226329295014","6.57146143950356","3.53671419973254","-0.948340890061912","-6.5724201920766","-4.69080741824992","-8.77474764849769","-3.71558172174508","-0.280959210865072","-4.8126715109953","2.67751110179751","0.04402620830544","-2.81367913472553","0.877778876062665","3.64223665461073","-6.80739475977529","-9.34341956699307","-0.987672438063175","3.58867353315654","-5.60577937503324","-0.924560513327523","5.13115285808096","-4.65476507580791","-2.15039370842319","1.07460422235096","-8.30198639560815","1.43266181077865","-0.325425372941125","-2.48781499401301","3.40356696398164","-5.01891753028989","2.93720332583227","3.04495188144596","0.668592928456772","-0.733866453615011","-7.59207604383925","5.0303370517284","0.233037231747711","0.96953389060521","-2.93700802891157","-1.52510612936983","6.46995958399208","-1.91865363557432","-9.62888536216371","0.922343202454582"
"Random_Index6_32_0438","-3.34217989687335","2.24320189615635","5.5261945962335","3.17427838008799","4.79595460977065","2.10860918921298","5.2283887876815","-12.9088452823201","-2.9377892078184","-0.339825371244236","-3.74255801411795","-1.29557192792811","-0.629496541587427","6.84544132699563","-1.49844478632395","3.01008307265425","6.42394467905979","-4.78166626725525","0.253228448383855","0.979987584607251","-4.47772135804022","6.81812378935286","-2.07937517514734","0.168803309475733","2.31026699347294","1.21282224822934","0.387705405257434","-3.79151499407048","-0.504468281227898","-1.0569067770436","-3.90287264745002","-3.12313319444973","-4.1285884687341","-2.96127167649773","3.33064353280166","1.70507628677789","-4.249277947537","-3.13562256289193","7.08382940764473","0.0993547578574029","3.41695661983024","1.42228168964199","-1.25848402088681","-3.6859257507054","0.195136641994687","1.23880610011957","5.08510623706271","3.35846234208967","-1.72972863478799","-0.555258671549859","3.50570298239047","-1.4411705778658","-0.85190722967508","-4.51744391530899","-3.53741545084861","-7.24456697804078","-2.15095265081762","1.21721424312131","5.10989094076583","1.29787623183927","-3.28866873818565","5.89318276487786","-2.77599985081925","3.76111978980289","0.981979621825959","3.55724421576815","1.64918212463421","-5.76543707888936","-1.2782158561842","4.38250916552253","-0.0918091157345707","6.64855566419368","3.43317118373811","-0.866414756167723","-6.92036752056762","-4.60877110617985","-8.9215060816851","-3.97826904198528","-0.406339240321179","-5.31746634128372","2.41095980923037","0.204572902587921","-3.01758744423597","0.906661644464221","3.71595697607742","-6.68743257551773","-9.2036957865836","-0.832669976138339","3.52497122838547","-5.49654680294298","-1.13837243344627","5.3582330243607","-5.02689712223611","-2.18768925418628","1.48199836817393","-8.43756958358298","1.72666570366474","-0.48031233843506","-2.17332491547069","3.49455615251081","-5.22056724930682","2.92704563563874","2.87033326501368","0.750387679773212","-0.700301645532864","-7.65958627831967","4.78500861716596","0.257243396825143","0.684654153493329","-2.74654484737029","-1.5592128318053","6.2377737625442","-2.01976047338139","-9.74583099138564","0.880514388771856"
"Random_Index6_32_0439","-2.98127472011579","2.13262730311402","5.61426773162389","3.05018982328146","5.11368355279891","1.9239311182929","5.04973308293173","-12.7087739558699","-2.92407504360921","-0.154327996968654","-3.64545722719508","-0.904126755160551","-0.501889054737647","7.06562886424818","-1.28151293817758","3.29015770600752","6.29829578445568","-4.84239564400113","0.263187675853485","1.02332624200143","-4.42212199779937","6.92439399625821","-1.93011016280371","0.299004524688701","2.27744406802047","1.32700324753367","0.531682032645047","-3.71098871363815","-0.473229105724967","-0.931289856360507","-3.98313937709819","-2.99547675676616","-3.89421785255128","-3.03028043709217","3.09622159103664","2.03428487444916","-4.34245308823708","-3.40609925649922","6.97239613662452","0.0403427761175853","3.30496415083679","1.45869689559264","-1.16229103649537","-3.72610872037488","0.167480573302801","0.986537252856022","5.18850327525682","3.06793596722297","-1.93892975317363","-0.685339495251388","3.74977699649119","-1.17779034482606","-0.602254213658616","-4.34867150159587","-3.38206574651198","-7.1425340879029","-1.83691900638191","1.06512377376033","5.01358581895746","1.01390245601641","-3.36212261783581","5.79348253223268","-2.91487843334682","3.70789373518086","1.27197229113421","3.30961905747915","1.81929933046491","-5.68731765564539","-0.842582052682924","4.641935179914","0.179756988018097","6.6246161373815","3.17492333462136","-1.16173382211358","-7.12179029966742","-4.46860481467649","-9.02986513413367","-4.01210683497063","-0.523761667732841","-5.45247872292196","2.32992734195335","0.235011846700645","-3.14916141027693","0.818317628027563","3.62406018298469","-6.79752238886243","-9.0580451488663","-0.672398982367153","3.44748147108619","-5.89896920255063","-1.3370790424397","5.48366671187906","-4.93866509638299","-2.24242662796205","1.71522755052595","-8.66563523506794","1.97296642031887","-0.505616878487682","-2.10091839929367","3.49881656967996","-5.21838418371958","2.87853142007218","2.75953847693958","0.663007190672188","-0.768066244095389","-7.62970758411196","4.56840352345249","0.267007717081593","0.694267260487776","-2.61217370817378","-1.7115446096058","6.13324496365755","-2.07633234347383","-9.80807420815113","0.779090928754942"
"Random_Index6_32_0440","-3.12429864678543","2.32773327807237","5.80982100493226","3.31889217187616","5.02470495338031","1.84225071554939","5.24486868054698","-12.9678757855556","-2.9264555968571","-0.430034378928825","-3.94756751045385","-1.39235920171581","-0.931920720982772","7.04728374464873","-1.5844285357923","3.12836273197822","6.28265090757149","-4.76522673384223","0.186991494593341","1.04748898723124","-4.14094547733877","6.92238547003173","-2.18940500174247","0.243783900291278","2.48463010593471","1.03965733417803","0.489381200265052","-4.02282854967578","-0.419336495264691","-1.19767214819896","-3.99963811126226","-3.35280093425828","-4.10880567680798","-2.91485574397485","2.95967312239386","1.74516168689456","-4.16133825971914","-3.04275010918433","7.16387763128755","-0.0573595496662397","3.49167587468958","1.15872096156506","-1.34367904189723","-3.86713645750351","0.279274709726615","1.05196715475564","5.21556298179492","3.48173825972914","-2.06075065412648","-0.494970170287953","3.62348385512071","-1.45724202974717","-0.951662137278507","-4.47944589184478","-3.52234488478247","-7.15158578186776","-2.00432872748652","0.95376649835381","5.19830814804135","1.31603592701231","-3.42564128382468","6.05392022186422","-3.05305709441523","3.84967471908711","0.913204213612416","3.30269286976994","1.42180457402548","-5.7692268604136","-1.21637004824717","4.55168459566621","-0.034566113901962","6.80016260054059","3.23981787392451","-1.13213824436228","-6.76947735516593","-4.53259605256459","-9.00893809986248","-4.05186081390549","-0.759903654983914","-5.16833696538762","2.52518680599646","0.00884743485535502","-3.28501160642022","0.98880870301385","3.87504224860563","-6.83370485989632","-9.31686013567157","-0.934360695773406","3.77092201119521","-5.42366662848693","-0.975402331822021","5.40005822796249","-4.81220231953485","-2.20010978011881","1.4578555692801","-8.36925348966397","1.80184937215733","-0.621172630504006","-2.22705785917083","3.29588138335158","-5.26364215669466","2.97985135624957","2.92877628027805","0.528190305769175","-0.666584025860841","-7.56337553846323","4.93021447620394","0.0749437548640818","0.965727463954543","-2.81326598742481","-1.4406470239454","6.39440054105048","-2.20088820841728","-9.77608024976502","0.79768882171833"
"Random_Index6_32_0441","-3.25042104849301","2.23835624582103","5.56005155618232","3.23329718931475","4.95420931895604","1.97158300845189","5.30365155966161","-12.9540811560871","-2.83966117372298","-0.359414484679021","-3.88145527884841","-1.28894731541653","-0.753387274443353","6.92271827557577","-1.57119821410987","3.12089162118993","6.30964561565429","-4.77936761979828","0.142538118168892","0.947891318411985","-4.22820505896031","6.92038303751256","-2.20234837210323","0.2645567005797","2.34773683772834","1.22618888028346","0.475763228548712","-3.96765452762846","-0.477141982528987","-1.16078960434962","-4.01830719772244","-3.28461834781612","-4.2854904842229","-2.92951187558887","2.95759685504375","1.70109683626038","-4.22310643866647","-3.11883058791325","7.14699572790415","0.0738456126975382","3.46969502551783","1.29712072337209","-1.28387013136405","-3.65870870176391","0.192009307392055","1.01866635814889","5.1753226969263","3.31805906911214","-1.82885647512886","-0.57164992083312","3.5596356753789","-1.56123598092745","-0.82915596661858","-4.52936398234389","-3.56071017024688","-7.2193845788975","-2.20059135571554","0.94082552143702","5.20651107773828","1.25956029273564","-3.26990405501002","5.97039428599009","-3.03822903304774","3.79941068889835","1.03395134721037","3.26331143649616","1.52452679622694","-5.75360133986807","-1.07593166475655","4.51554632826036","-0.129899816762964","6.72463932331834","3.36647987308502","-0.974987130899153","-6.79345336049403","-4.61333436805131","-9.11768530454551","-3.99130596939701","-0.534476634169182","-5.15884651453665","2.5216697121245","0.125260638412039","-3.16656442626417","0.875922627061816","3.7747423092937","-6.84696609320583","-9.20057911579267","-0.819917485863674","3.63876307302566","-5.50818259174825","-1.13146810168817","5.5178880060126","-4.87004364833048","-2.2178742384712","1.45952725351274","-8.26412849456492","1.74425688241786","-0.569576020964853","-2.2731397729954","3.33371841460512","-5.22960683669245","2.77036846909669","2.94649509456838","0.763696916256067","-0.775618938860819","-7.55342081995482","4.8098005943002","0.177301637051941","1.01941435653066","-2.72238759795666","-1.56765421111328","6.36428366062927","-2.05993624940282","-9.7098239386184","0.710674887772193"
"Random_Index6_32_0442","-3.23707685743761","2.27129447328212","5.61026433718885","3.27693707126408","4.87946308062091","2.08684827768229","5.09870356884266","-13.0810772854668","-2.82835294141541","-0.271596588766084","-3.74042575535814","-1.2148097027132","-0.709059553909907","6.74743917767987","-1.44514326928351","2.98536194189304","6.34408658402693","-4.42810951656995","0.125077594791215","0.848565793837417","-4.4288890210038","6.90729434853036","-2.05485514619296","0.092305312344833","2.44106487616984","0.915404010689794","0.0659687915435546","-3.72398252024838","-0.730580377472604","-1.13943811375477","-3.78868121237106","-3.24219064529295","-4.37020216881533","-2.93052853252202","3.17821375817476","1.43765711608507","-4.03043075601661","-3.14970965824396","7.04204865585156","0.0921432359979701","3.24518091001803","1.22289862539887","-1.38473973261457","-3.58892969863329","0.0955893729325265","1.03277681147035","5.08068243283409","3.43551233067862","-2.16467497836609","-0.309643610123598","3.51175217158722","-1.41459481835848","-0.850159941040109","-4.78834516070994","-3.67596342101936","-7.19107126558294","-2.31107043992745","1.23455769563038","5.25854283872968","0.959015091733586","-3.02790644557084","5.8702071288637","-2.76878206929498","3.71380411941503","1.00220828163441","3.39626614127497","1.45142490150937","-5.8159103130825","-1.13767651331584","4.51717295422953","-0.41356717061987","6.57677434755999","3.25324159708574","-1.06337053686778","-6.9225702025328","-4.58859881701812","-8.99896434056511","-4.02477102305516","-0.377111059294893","-5.27463555374371","2.63181398679962","0.18444933433395","-2.8574292625354","0.755628568385742","3.75991165122642","-6.67510340374964","-9.37696840595361","-0.958543519196742","3.55051919385865","-5.42627754719005","-0.922340580839098","5.3400928406493","-4.66039455914951","-2.29912698045038","1.22946984179314","-8.38700607348516","1.69544620731587","-0.463455726702008","-2.29895786701812","3.41195229806955","-5.01455109004841","2.856783136863","3.05020838883464","0.802091184875366","-0.73746886693691","-7.49201380308656","4.81204510055829","0.352529147858617","0.912317353645281","-2.89334967908234","-1.43763125604548","6.37600174616938","-2.09422370100848","-9.5154161344927","0.888753552996326"
"Random_Index6_32_0443","-3.23771819710087","2.25521863989825","5.88152112176305","3.356859860951","4.99538511878275","1.97327893374366","5.04032417275778","-13.0906805400095","-3.08000396491765","-0.415194944395356","-3.97800369427464","-1.33564109722022","-0.708409522475554","7.12297721660733","-1.63538738852415","3.17772749706155","6.37900395566281","-4.85781308579212","0.116911461051231","1.12175862052633","-4.42171709128551","7.12510903377461","-2.15279279985969","0.145399556694387","2.44683563969473","1.00595149310064","0.470246461287187","-3.74812540019518","-0.433996174501095","-1.22292339631808","-3.94954058370474","-3.22764115949018","-4.2478588851346","-3.0747012324041","3.12577252646503","1.65589809459328","-4.27395925301907","-3.17847935668904","7.28908608944027","0.15875420398867","3.34147177289615","1.41316703605399","-1.398369799059","-3.64416777801875","0.312261310192538","1.19020507403953","5.43766563305258","3.47988206919006","-2.02740669240504","-0.432934668562954","3.60811651647245","-1.58348806678444","-0.946144139557992","-4.51368685881384","-3.7140251383436","-7.36317921180098","-2.13498709882891","1.14129911295057","5.34336048646639","0.986438318717066","-3.28860174802483","5.95020415920477","-3.01613757618811","3.8532260711124","0.961406461358465","3.45549192999637","1.42629328396362","-6.1059537567527","-0.959210337716611","4.59565286708739","-0.261460994780098","6.85041948759234","3.23838788239906","-1.16870308819901","-7.07098039753427","-4.68531069728251","-9.11333735568883","-4.28923764122522","-0.641665592350032","-5.29416823561907","2.48031043690351","0.273691055575044","-2.98543804862174","1.12706190499913","4.0056400266454","-7.01962793032377","-9.50815481918419","-1.03130971753124","3.64854397461107","-5.40506277635913","-1.05094622380653","5.61851154638467","-4.84102033021573","-2.00635588602243","1.58943434841021","-8.43113904213589","1.65366718916811","-0.546368578517463","-2.27605965146372","3.52687167357741","-5.01036388080182","2.95518020113793","3.0095541842725","0.844856256098832","-0.732688959576666","-7.82254588481946","4.9882310745927","0.288762074959893","0.600818976820957","-3.12451856357516","-1.52218002667356","6.38405457415304","-2.4280296612503","-9.59719589221247","0.994563089546782"
"Random_Index6_32_0444","-3.35342555137546","2.09007829775673","5.58704916749743","3.12275971936461","4.92515588752106","1.98904578884028","5.27071348214509","-12.9510286634641","-2.84089959931634","-0.342977655061101","-3.86810198723321","-1.36367757351064","-0.606579066822374","6.88078243103555","-1.56047466615402","3.08682615255912","6.40790946183996","-4.83486896778233","0.099349710968997","0.976566684713324","-4.32988317661594","6.82782608741842","-2.10503010551553","0.145104022836941","2.28372305641776","1.52003552151351","0.568354491607004","-3.95969618589323","-0.427934166783874","-1.17046392706313","-3.88217525005482","-3.14443052220398","-4.08492557568451","-3.05527147772532","3.21567986693218","1.70233880158258","-4.19843479203215","-3.11997927479358","6.9684775719122","-0.00977681118160291","3.45767782990783","1.18908462303444","-1.30224340245899","-3.80556547112514","0.227063879098901","1.27644711023231","5.12995329948627","3.21001983513615","-2.00663282076885","-0.512086252830401","3.44683767499675","-1.52739286572886","-0.902193311377942","-4.50584767745105","-3.69327344735834","-7.27894961318864","-2.10429662971834","1.28934795024846","5.11542427287129","1.17843282730576","-3.2336707522835","5.91965517082367","-2.86553791034548","3.77909448742644","1.09182618218292","3.63110225596292","1.62023580037542","-5.87740188086611","-1.23167879617862","4.43571211738617","0.116420278427212","6.53154854665655","3.33858718045462","-1.01084349054003","-6.66447943569463","-4.64795345102493","-8.9005892895865","-3.89273331894843","-0.345285307236604","-5.21811554219769","2.48707429466423","0.0898186817134947","-3.03202836133938","0.946372298983906","3.6649530454002","-6.7772898410217","-9.09119253356549","-0.90855437165513","3.48417764837444","-5.45646564975865","-1.09044888780331","5.50828508793446","-4.89366222237206","-2.07865393796819","1.40682953361893","-8.44622130574374","1.77532972263235","-0.481061989557411","-2.16461698378005","3.55795732299462","-5.13984661242423","3.03107883262683","2.80817489380027","0.732327286461969","-0.663294617101902","-7.80493670105605","4.63309573644336","0.169185124855596","0.828014985805179","-2.82166975921767","-1.56934553824336","6.28088623905291","-2.11286944966895","-9.67306368869042","0.791578676544377"
"Random_Index6_32_0445","-3.08464951217781","2.25398913352084","5.62963664263964","3.19826520328655","4.99294679805326","1.90884993613406","5.10717076855104","-12.8214709303678","-2.73276086746801","-0.2832959377645","-3.82069447711035","-1.27594192601291","-0.5866494652733","6.88269114010452","-1.53410587168197","2.96755716169306","6.25125262038179","-4.68752309700326","0.190869036712049","0.807521813381422","-4.17463779664716","6.91152504744132","-2.17005638612687","0.0988083563606643","2.48085266401107","0.994714777851976","0.355170841375869","-3.9212591464882","-0.537394730540041","-1.08635182006936","-3.89080320549621","-3.21588524540188","-4.01334684924845","-2.89219773962276","2.94483366176224","1.59166131083612","-4.13894941234282","-3.13242318395104","6.96016985354327","-0.093088344026921","3.42983446555831","1.25927670857672","-1.34952053178979","-3.6771154784568","0.156785632633869","0.963148645820415","5.11771176896144","3.5037854976766","-1.96846263311965","-0.454229435586363","3.60862201409862","-1.28854054497425","-0.72989181227375","-4.64269575193969","-3.47072867086449","-7.0776948442697","-2.0983087406286","0.910334073087938","5.246508169735","1.26575799389061","-3.19761100034272","6.00385777507857","-2.94800889115963","3.84307590054629","0.97765198015412","3.32323977417289","1.47680098719978","-5.82961718081105","-1.3396991244914","4.47426153762629","-0.085748969946476","6.6094161139866","3.3203532363557","-1.25599032949538","-6.82336386449703","-4.54299973351228","-9.09961821342564","-3.84627620640643","-0.403626588717309","-5.12963311691588","2.53020572565404","0.0227205445561787","-3.11434495581573","0.877002851194583","3.77248992850158","-6.74117845652273","-9.20216737801084","-0.849974290169078","3.6767120884255","-5.69839082461927","-0.975669717165359","5.33191345064977","-4.85296198828105","-2.37355236417801","1.35137048911072","-8.46183397363785","1.74336332411653","-0.405473283008718","-2.23852489039883","3.17465489158238","-5.21394400073494","2.77134425833135","2.94116471635905","0.570298418357302","-0.951221309702286","-7.49346561564341","4.86591163790224","0.1376832222712","0.976181989609923","-2.72677815074817","-1.54145645058267","6.42367334513118","-2.02917579872148","-9.77269302913432","0.721150447961686"
"Random_Index6_32_0446","-3.10829755977646","1.99044301038655","5.5092237588567","2.95811028966783","4.69067021429246","2.32702272736089","5.2486138502592","-13.1113347750619","-2.78575137152316","-0.123300234975676","-3.67487668959795","-1.12096228098054","-0.411694843566454","6.92249363599202","-1.36224897954357","3.13734914203225","6.16199083793174","-4.6409537330868","0.359065942625831","0.874295109573685","-4.47381580558639","6.66256448074786","-1.88174407668251","-0.0172827107900608","2.15470415426076","1.18835172725575","0.445085598805974","-3.64327363391965","-0.692756718247244","-0.903401056923084","-3.78951677967565","-3.09854938039585","-4.12023257398633","-3.11457912911507","3.07869825939318","1.77623695402293","-4.3275745745709","-3.26698652009126","6.85272710999252","0.325251366787761","3.14835681291724","1.62899656268918","-1.31637626740558","-3.41973550244082","0.000148416694556024","0.897553207663398","4.97007246047472","3.08245053642615","-1.72788032329778","-0.78253888677586","3.36949652463206","-1.28366398572828","-0.695636033953186","-4.54196889500182","-3.68235466427113","-7.17601924849507","-2.25296183281703","1.12288836383631","5.00842881554951","1.05008136974168","-3.13199539061948","5.75255593945023","-2.78076761784496","3.61269542971699","1.15457687860122","3.32313361005406","1.66725725805334","-5.78308795104142","-1.0645519826851","4.13778043412162","-0.0597197529232996","6.45676928266143","3.08263960302375","-1.22892363691657","-6.88626058183931","-4.5379530337566","-8.95589804055577","-4.10991174088448","-0.285246679972407","-5.19082369264626","2.35527562449139","0.373842994365067","-2.92974714135013","0.814760905467074","3.68269002929276","-6.66461271664177","-9.13239585797527","-0.664640182183412","3.36849708394775","-5.95385448223173","-1.27449461121327","5.31986564895201","-5.1810709334751","-2.23225527472933","1.26834636569074","-8.42666994765986","1.58237916070745","-0.255709781083874","-2.35773871289866","3.43571369350021","-4.84008569527186","2.89297173060928","2.76456879278537","0.945311369414875","-0.672767733538431","-7.67134835886519","4.5189094666791","0.461760373297268","0.56078286245375","-2.75223892446306","-1.88329013155641","6.13913272572674","-1.96792561528721","-9.56453184789827","1.11487776708381"
"Random_Index6_32_0447","-3.10103216150567","2.35973846958042","5.80871972977753","3.16687139596833","5.09621401829741","1.84849154233078","5.00455261989498","-12.8631892206995","-2.90773427103666","-0.473035206922915","-3.83526797189571","-1.15353201514275","-0.732422424180123","7.13687086910851","-1.43346783977047","3.10102587897851","6.20081602255502","-4.80978500984929","0.241643678750902","1.14557824542625","-4.09290829383927","7.03935150207005","-2.14283925816693","0.278140795445151","2.34473681601494","1.13835947292329","0.605354362260367","-3.87315455235055","-0.329579646404349","-1.16998517928276","-4.10823719819556","-3.09521564672122","-3.92074333075941","-2.8064458905061","3.00648305762596","1.78441637519223","-4.32265566084314","-3.11690691780416","7.06322348518545","-0.251399683486353","3.42034672990979","1.24153209680216","-1.31471228705737","-3.77050641294289","0.201696144748035","0.932852523723554","5.22267831418145","3.31843744717315","-2.02822169080804","-0.614413973338316","3.93253267446314","-1.36263735009431","-0.662093487727866","-4.32202569693627","-3.30085748563464","-7.12722143224415","-1.89486698821014","1.07098886848256","5.29382826240183","1.2123312207504","-3.3842837301502","6.13310608722146","-3.10868725264048","3.84032803560215","1.10898574973941","3.18843984471347","1.50634425841037","-5.85526184320522","-1.04748390295106","4.60063963711862","-0.039542862315407","6.69283895767601","3.21600584627175","-1.24142624019037","-6.93623910249975","-4.46025296380372","-9.11368214615379","-3.98968399243546","-0.563309666119976","-5.17047715091643","2.28217868586778","0.0769247277782315","-3.33770957019683","0.858441485421373","3.71705379727247","-6.86190265598075","-9.08129521853123","-0.764098711607436","3.7721587972848","-5.47454140025756","-1.19036777596953","5.45092932498035","-4.74729999655388","-2.22619334901959","1.68692047098531","-8.47967085276003","1.90888631818632","-0.569719006596765","-2.14825008228798","3.43408702679632","-5.37974510314608","2.80583530954471","2.8965555905606","0.590863550456077","-0.767025819600358","-7.45886858103804","4.73626048101483","0.149792223770309","1.06257756162249","-2.72635807630968","-1.484886475602","6.27391687918306","-1.9481195558334","-9.80893900810709","0.562724886486017"
"Random_Index6_32_0448","-3.16029253843209","2.07873104324334","5.44216851589999","3.1297108645759","4.88598778060817","2.07716425871489","5.37677891548051","-13.0285438890538","-2.80337646076058","-0.283346719757303","-3.71576000709037","-1.02263832420697","-0.546535230629739","6.90601549241317","-1.37230339482005","3.14152223358965","6.46233900668008","-4.72780243635626","0.259495926353121","0.900701877924544","-4.34005817675794","6.89764782304684","-2.03110728466086","0.0307271974500943","2.22176017893784","1.28922479440405","0.428663466572305","-3.80277453350229","-0.567612441075812","-0.986593270858769","-3.90159870875998","-3.06270682775852","-4.03671489638393","-2.9503019054243","3.14623231607833","1.74568120518104","-4.19187676775021","-3.13317027374785","7.02042663351639","0.109227589101168","3.2990134166578","1.39674107977778","-1.3785464365663","-3.56922769149408","-0.0571276014524617","0.860717987653383","5.12073166579003","3.26602514209734","-1.81518980720399","-0.684974983017011","3.52794707222249","-1.42317570884286","-0.689102923257914","-4.51229803780649","-3.53917638039986","-6.98875298020991","-2.2070617100534","1.18123062942295","5.02609103432106","1.28133233713596","-3.18568485585574","5.84529067601472","-2.88643051940495","3.69442753935668","1.18921757733","3.45746489623515","1.68600091697811","-5.78438103814178","-1.18941224635367","4.4299438087371","-0.052756838425696","6.76625941077253","3.13852878867699","-0.92982322534983","-6.86142185891681","-4.57572075735615","-8.94692658394537","-4.04224896917457","-0.287838311274463","-5.28191591639165","2.51866645856098","0.260983192734345","-3.01590443944851","0.679791307229296","3.69346610467758","-6.73981539340746","-9.18388389216097","-0.81877783197308","3.40443850024497","-5.65812755282842","-1.08225065408293","5.41389897982864","-5.02443935134512","-2.3631221466195","1.38571277958666","-8.48307949298851","1.63569560534079","-0.325218847480992","-2.2796418108031","3.48767545193525","-5.01498218928899","3.00637818540232","2.86758568320692","0.8138293636977","-0.623059415384265","-7.71995928428904","4.7051533709366","0.321934794008198","0.857078096954155","-2.77104948743012","-1.7313503534909","6.26672551780409","-1.99208498628282","-9.79511033181829","0.93184438702918"
"Random_Index6_32_0449","-3.24391462720814","2.32232791373631","5.79849194680715","3.36904784251271","4.97157378216754","2.23531286403638","5.45697950189675","-12.8345628090716","-2.75092360345897","-0.42266461044624","-3.79010080489738","-1.32941890036096","-0.688981987782007","7.12488182564502","-1.53087336408302","3.1680206608222","6.38275667752211","-4.725837559178","0.102772427367336","0.791186790006469","-4.81920341817273","6.89521451821449","-2.11459381481359","0.116895106874569","2.55583999114025","1.21021163824475","0.420201874542792","-3.79500876378299","-0.487086712584894","-1.17880140728912","-3.82437309863747","-3.14178654572183","-4.16896917379418","-3.0825241675507","3.13821219977237","1.63166292847327","-4.00371382393476","-2.86577456578386","7.09338928975055","0.0551851434446624","3.48460385590922","1.31929188782376","-1.22683586792007","-3.57331225414713","0.195318615654682","1.0450164920704","5.32626227336847","3.4657406649048","-2.1461648006238","-0.537949150435404","3.65176003887739","-1.490654862674","-0.891606921449792","-4.62651774583535","-3.64665012546154","-7.09959354619444","-2.08082614258853","1.08692384219713","5.32382735474936","1.37925538928918","-3.19704848671056","6.16922391035713","-2.83568546764803","3.7947821192149","1.01253695179722","3.29034929079798","1.40696136912876","-5.98447564324061","-1.07668669985499","4.52614686107181","-0.159468874958541","6.63379214610455","3.43120473473129","-1.1683506348914","-6.86689320314625","-4.39840376501424","-8.96365871671433","-4.01158677720777","-0.389171790400302","-5.08522598082826","2.60715319816538","0.234990228299892","-2.90267860436599","0.888404674482926","3.84239230122739","-6.85534151079294","-9.52326742462446","-0.905643214594627","3.77729388482028","-5.57725113822243","-1.04407720444619","5.45315950315673","-4.92921822819339","-2.29028884672611","1.46489444032865","-8.53842309849118","1.6184881222645","-0.484841750132707","-2.35638194156652","3.34281349358798","-5.11201521997491","3.11752877802339","3.11225535707793","0.722999326928488","-0.609819742408535","-7.6997662144784","4.61893039210391","0.195447066640282","1.0443966512818","-2.85498205038899","-1.49481685654966","6.46992715780518","-2.01388613353967","-9.75728437228585","0.88693706541049"
"Random_Index6_32_0450","-3.0700335304578","2.30284391038141","5.75843112949863","3.30679033179779","5.03548027196746","1.8028555311566","4.94528418362861","-12.7743900023506","-2.94230994313249","-0.427982564197813","-3.84530787756154","-1.3695165437345","-0.831381222199147","6.95394680046969","-1.57284993419","3.10270779119132","6.30873016007812","-4.74470410286948","0.0948849588220758","0.898647162409275","-4.21440743093661","6.92814406281875","-2.19383484861133","0.171216334303291","2.48012352443392","0.976086309276209","0.350755715665338","-3.91743524147813","-0.446341494123937","-1.15328147678109","-3.99969598944481","-3.37556755370958","-4.26114067019659","-2.77479288916431","3.03373545410216","1.4832029926369","-4.10935725017425","-3.06965579322615","7.1056787180082","-0.185300870158006","3.46994978473463","1.13560879983204","-1.24863912821435","-3.70084793592865","0.202980128433485","0.921170537461579","5.32104124401208","3.36982439197258","-2.15992845623299","-0.428978263185357","3.65399460065794","-1.51982702247126","-0.998777073561917","-4.50126110273906","-3.54226515219787","-7.11654694309031","-1.9580511355545","1.09245627970288","5.20168495935575","1.05772472699905","-3.26813471705954","5.92444488006967","-2.86123852966429","4.02324106487463","0.78925074048412","3.38244330215088","1.30682733091186","-5.92448421091545","-1.04941010934577","4.51430541764257","-0.176054876358477","6.85663019991997","3.32659786828358","-1.17329506701636","-6.70161695285183","-4.61503826832957","-8.76749967405478","-3.84323079598973","-0.601891974484183","-4.94841762495685","2.68191886079458","-0.0952585128126177","-3.05098286202242","0.935831831920667","3.81570706551554","-6.78068777651931","-9.26775858414717","-0.990441633702287","3.61951663820986","-5.57849652429473","-0.93633758123387","5.32762344543445","-4.78470149633705","-2.18795105749565","1.45320393559208","-8.17312355462014","1.75864478309438","-0.563078543063954","-2.35292009071209","3.42064512496264","-5.16993960086763","3.02879307238088","3.08081224179207","0.506392068428887","-0.87746748405578","-7.33772813768881","4.91927433650554","0.0720610747306164","1.08439803958606","-2.81375293199934","-1.41561564609968","6.51063305239493","-1.98693536359078","-9.58794854957466","0.576655360067896"
"Random_Index6_32_0451","-3.07341112289369","2.17136164860046","5.61364282341033","3.42113382844872","4.93010572640743","1.82962893779071","4.92474241494687","-12.7915659970114","-3.00995907615841","-0.426697366644608","-3.84477302465996","-1.20946675868545","-0.812578490560893","6.85689901378269","-1.53706849374066","3.30655380752638","6.190762475454","-4.71027994259343","-0.0164800497650107","1.072956029168","-4.36646685810133","6.9697474639752","-2.25809180546968","0.223012697412396","2.36080347128803","0.910342329069954","0.435307887547577","-3.8029182918249","-0.402011831976035","-1.12255326587671","-4.05446663719213","-3.23628031496943","-4.26596168081523","-3.0098532184063","2.88721823735745","1.57687995724299","-4.44530115675853","-3.23460415273027","6.96446820044749","0.0732993966568919","3.51156297692201","1.18469138677619","-1.15448169604584","-3.67209793449844","0.358739335669282","0.994076089795093","5.19019822217665","3.28125430635764","-1.99350708896736","-0.460763822940521","3.48587103870371","-1.42588786704818","-0.96940154975952","-4.40683539966539","-3.61695021911468","-7.34172837241978","-1.98669474164383","0.960963311918218","5.0777969517653","1.03128034579457","-3.25905543903352","5.85791607848526","-2.83728986218553","3.77805265515162","1.00783631650525","3.16261063983082","1.46970615246086","-5.90057213173272","-1.18992256769707","4.56277598186369","-0.257974739761592","6.59592155315944","3.41033543162669","-0.799997731278009","-7.0320296221346","-4.66771966592548","-8.62659534789461","-3.93468213335608","-0.515300092926736","-5.31105826218578","2.42415065946067","-0.038843347714872","-3.05712335342688","1.29093833469557","3.70262088139886","-6.64486772902508","-9.21731736539931","-0.836841836394123","3.52293109746831","-5.5266644100267","-0.940830781881564","5.44071877502522","-5.12266006567221","-1.93094630628579","1.56845978443224","-8.27334424516437","1.70879069653997","-0.646592062532316","-2.30645723843584","3.21785389550996","-5.05497390647468","2.75959133106562","2.96251244394908","0.686510055866328","-0.802315928411982","-7.36730727593639","4.8643523846884","0.103403528422625","0.957172523471783","-2.72212143340523","-1.58290446579759","6.31811298536364","-2.1869756067098","-9.32184039699878","0.6654375380693"
"Random_Index6_32_0452","-2.98290774605903","2.19877258056573","5.35907936580887","3.08845482438826","4.62201447479156","2.1231634308832","5.1922173651149","-12.776694390832","-2.75173115585458","-0.04886550429542","-3.52054420270434","-0.96888073446312","-0.484221265341631","6.72822750865002","-1.22759994677167","2.86766157612724","6.21066668068609","-4.59595406626999","0.40783540456394","0.61447774002043","-4.58805882470669","6.72649506604078","-2.03155769106105","-0.192885785603763","2.28459368054861","1.05841546269589","0.177073469765693","-3.62000411577699","-0.84423773136307","-0.786279702767826","-3.68902426683975","-2.90496722775519","-3.95528178542255","-3.23238345770998","3.26795000215229","1.74171617553547","-4.13027534163519","-3.1181375242995","6.84762148155437","-0.0393551525909478","3.19746701085897","1.55903027573018","-1.18795285964017","-3.40362358849431","-0.0278746077567863","0.647314642922093","5.01592517845704","3.19663479696842","-1.8124654664072","-0.637293167507761","3.51617834308869","-1.17378324979135","-0.594368111374568","-4.82163302942585","-3.59761124390831","-7.19547280552148","-2.28807485396074","1.22927978309661","4.97548884129106","1.04004134095738","-3.02850031765539","5.72635028329563","-2.61594940724379","3.61296354032002","1.22497748433987","3.31598419996632","1.57724862800439","-5.61793996138608","-0.808307277050657","4.21740637879277","-0.346677537097408","6.47253809592312","3.3601642312543","-1.10254392484277","-6.71763473329225","-4.50469130548452","-8.83587735108513","-3.80687055041372","-0.412232640998063","-5.01253874364622","2.4778778525692","0.18893991674271","-2.97611822556921","0.625991474526428","3.65293994067011","-6.41504860193175","-9.21526099814738","-0.621240125525726","3.45768582418162","-5.86577705611573","-1.14175793137382","4.94461373335215","-4.85038060498495","-2.37447914547886","1.18184658556538","-8.62203795841236","1.49929534349143","-0.227295335583564","-2.36623391988969","3.49896448874705","-4.83178572930596","2.937120208407","2.82599082227378","0.762794830358743","-0.737845032125402","-7.65980965276534","4.69951661369037","0.330957047064648","0.911176521444392","-2.69799466765063","-1.64627761395291","6.22791944351053","-1.8416712562769","-9.48198597522346","0.902207315766847"
"Random_Index6_32_0453","-2.95901427631033","2.16063917421714","5.62172883438883","3.17964245179077","4.87998295031829","2.05092152334583","5.29520764104994","-12.9273323980809","-2.68657374643338","-0.183387342371917","-3.72635778469246","-1.11949655316635","-0.609675432316278","6.73162024093608","-1.36018712392018","3.04554550656842","5.98053805548697","-4.57851147338919","0.320373249184418","0.943078378500754","-4.22531654977289","6.71209322607305","-2.08380378945615","0.217556802138088","2.41940138208318","0.975540564276497","0.391686960237596","-3.83941376691036","-0.582032097651745","-0.943390665416859","-3.83451750526131","-3.15804284994163","-4.05995807318905","-2.72045986806519","2.77224964944106","1.85588735140958","-3.97850164326806","-3.12247599490939","6.77003697782113","0.0002629064652201","3.39269572935641","1.37412220883377","-1.50155110850256","-3.43306182931495","0.113684968756071","0.740102255140909","5.18134336097053","3.35744840037177","-1.83114427348844","-0.549509814594773","3.51294560095479","-1.27812111770648","-0.81819398800655","-4.50957032640277","-3.56673411083857","-6.9144979583215","-2.15594310308701","0.721208160360356","5.23159203509947","1.276439726412","-3.04470402946303","5.82560346093529","-2.83243987407219","3.79078972304763","1.05007638522595","2.90724857832327","1.63026022112876","-5.81699776695626","-1.04296518054139","4.35631953854285","-0.1960089158177","6.32240830685016","3.1372497844899","-1.29837226096514","-6.58724381714389","-4.34880471898332","-9.05089378109487","-3.89987156746709","-0.449187854396975","-4.95869459625588","2.44925289678893","0.283213660938446","-2.96523004521494","0.948505178072411","3.59533324362425","-6.58965271344822","-9.25406860388861","-0.795665331630779","3.638059308288","-5.67337996231286","-0.890172935350123","5.21316950594483","-4.87581441085417","-2.10107955640472","1.4542205805857","-8.64580461245066","1.85522239339913","-0.3872035897101","-2.45022527462334","3.08502747110882","-5.07505016039295","2.65785899700287","2.91332990086074","0.670362198221247","-0.97894911319746","-7.52405885418234","4.71722819241986","0.360036781338037","0.961001376921336","-2.71983284774121","-1.49276472347465","6.21016433029878","-1.82766725514827","-9.47216921886492","0.817688565485614"
"Random_Index6_32_0454","-3.27141058795692","1.99733601903464","5.56485300238778","3.09821441488727","4.8121004793981","2.29417914355724","5.22973641956723","-13.0803409447381","-2.71771589165221","-0.296387339722949","-3.62406891494912","-1.07551028371445","-0.589065162784107","6.73952358136808","-1.34748137096439","2.91781762705984","6.53674617294995","-4.48248631191473","0.342968715542163","0.741012536610275","-4.35765896398558","6.77822492736114","-1.85299983826718","0.0246571634319591","2.35623036357616","1.07984272754016","0.327719409228638","-3.70871172878531","-0.721627823249758","-0.712635413652707","-3.67110984338346","-3.05754957132524","-4.01295498508111","-3.06439370983392","3.3358613577859","1.6220910760819","-4.2932790706313","-2.95657996775257","6.84730030909738","0.162012811464261","3.2741694925202","1.50564477491596","-1.21062449727715","-3.4117433356","0.120083908869816","1.14316377166234","5.27565136801013","3.33720076846979","-1.68873951360291","-0.465279384830121","3.30177775035886","-1.28694670354752","-0.622282036185841","-4.42163448619371","-3.64571037705493","-7.12179156517523","-2.15134411320946","1.3426635299002","5.0552865905464","1.09113668204947","-3.05411161027278","5.79643270542488","-2.71644517640258","3.63624976283438","1.10956814559764","3.66353680229576","1.63414477624651","-5.71606734633359","-1.03744957582495","4.35426405024937","-0.287498759120401","6.60770947731446","3.1514595662788","-1.01219140260366","-6.63944273557477","-4.4262893456338","-9.0555199676847","-3.86791402890182","-0.21412322022506","-5.19961548801321","2.37293378656711","0.392981268057053","-2.91950272300679","0.699910324697996","3.4958254148239","-6.53769843740599","-9.17359768873705","-0.802547154470596","3.57337965035816","-5.54097449337823","-1.13868204948549","5.22006426382748","-4.9505920258442","-2.18618668399884","1.30570321678736","-8.4255016387124","1.55695844216065","-0.272951356290933","-2.31148476846814","3.61129210083565","-4.94547507850443","3.02278970437157","2.79352572967911","0.880486820438565","-0.646888014735173","-7.53537163115796","4.81829468384187","0.363470458357218","0.879348928407142","-2.68093892754647","-1.71028321456458","6.23284346451326","-2.00362553592429","-9.56637681415255","1.01037379306018"
"Random_Index6_32_0455","-3.10320151281197","2.13796855245318","5.57058280816196","3.12205589945926","4.82835081323349","1.99469924887196","5.17846608484845","-12.6424463362325","-2.51921620791166","-0.29081692035985","-3.73055893548473","-1.20239244151654","-0.530188361164499","6.68099902082583","-1.44478977192203","2.85878888404054","6.2559188649537","-4.59459759564401","0.152171673082619","0.688899408953262","-4.18685704135834","6.64381399686911","-2.15598697275998","-0.0320993805133963","2.42470805495981","1.03317194815486","0.266017553228769","-3.82951058460579","-0.674058591601978","-0.925729452968248","-3.67840596645909","-3.04274784145718","-3.92940535390299","-2.72810328515297","3.15461486635731","1.5287777305551","-4.0118129398409","-2.94970588308675","6.767198909577","-0.148213177930129","3.28996561224638","1.34813444041639","-1.2748229441822","-3.57608146302262","-0.0258432538962927","0.900412849495093","5.106703094209","3.28696125246254","-1.62488368522411","-0.407453371937064","3.41887449870781","-1.3280626463531","-0.712848330949141","-4.61843989915877","-3.50900210547018","-6.86936156509285","-2.00027714171955","1.12212334704302","5.08001997201325","1.26113247104569","-2.97180482227335","5.83837680578664","-2.65612266552449","3.64344341380282","0.854922788049452","3.33626371692308","1.610177920528","-5.64697248729474","-1.04190844515279","4.25124079946149","-0.113484070170656","6.46591881654717","3.29024416644464","-1.24889389794142","-6.68988020828227","-4.55531470251003","-9.00075054526853","-3.63262740993815","-0.167099321637817","-5.01636536821282","2.37383099026577","0.0503510050531918","-3.0624325583339","0.731886211058032","3.48600964346522","-6.45086171682029","-9.1263380976629","-0.754597331886584","3.61916300095962","-5.56217148498501","-1.07822583222906","5.31009189109456","-4.72834330141323","-2.44340057088581","1.28543068826396","-8.39676397869541","1.68534548533854","-0.310125154081943","-2.3175338350593","3.3887193989011","-4.96200308192693","2.92052924601688","2.84679800981396","0.549379726191635","-0.676810877610236","-7.23636098091275","4.66059579934425","0.177458893984594","0.92988307565276","-2.72141121017344","-1.61123675821262","6.2740028792774","-1.63532516555713","-9.45404821573823","0.678346380366909"
"Random_Index6_32_0456","-3.21758300451757","2.18237532696591","5.41087394829116","2.91183099061992","4.76602717193644","2.13164517917786","5.19479034901399","-12.8064572014618","-2.80865899806908","-0.292196390311656","-3.71739197651622","-1.14492318034844","-0.523806693832235","6.81484752869472","-1.52784640534185","3.17351704333467","6.28079061099742","-4.57698832516913","0.155576139442203","0.934741705554174","-4.47846513548781","6.72785069876291","-1.99569525531833","0.12360816284622","2.09877687490779","1.34656585167226","0.608026524337362","-3.77972590052301","-0.473083026031754","-1.07099073399386","-3.89109626311976","-2.9873661966197","-3.88436973521795","-3.23595162546608","3.16460051958777","1.71239624252782","-4.21145139182131","-3.32757099357775","6.89026333865533","0.101558526635805","3.14004711985642","1.40648510119974","-0.834681265987268","-3.62917176951964","0.0744377666477241","1.27062112583043","4.97843600972968","3.2626829702376","-1.60154981416844","-0.861603833864153","3.32131913712655","-1.26112776990728","-0.764292975590129","-4.4987606983099","-3.47529835580227","-7.27952718245492","-1.95275768909068","1.16404643354298","4.8747471903458","1.24465758482592","-3.18706948078185","5.67443120718227","-2.97219283245954","3.36542196675187","1.06534217084836","3.45042900413979","1.59567497113824","-5.55318050662205","-1.13762482840685","4.27436541877953","-0.140676238595663","6.61319834246043","3.46359852463594","-0.785136850926034","-7.05408212865207","-4.59560351104382","-8.97557536436217","-4.05461542675796","-0.343599541618737","-5.51912953954323","2.2688292552789","0.217796028165937","-2.9961803600908","0.902255724212297","3.44690287715846","-6.74668751065086","-9.00984298387837","-0.847604431698632","3.33580903114073","-5.61719773641014","-1.42932149782677","5.40721200760525","-4.97006523390421","-2.14067797033939","1.43146315167243","-8.22220946051442","1.74038197952071","-0.375921146053542","-2.03430787714907","3.5169527522838","-5.05870807323288","2.91671208077904","2.54884917707735","0.925181007464041","-0.538648979044271","-7.73828523032513","4.57112813004462","0.272763382720226","0.545494382045989","-2.63187905117846","-1.75283711161513","5.99026787542286","-1.93912844350965","-9.72821925394337","0.807345079750517"
"Random_Index6_32_0457","-3.19023432316893","1.97984437497427","5.3988854426006","3.05071606344679","4.79524703443063","2.14363137266397","5.09589876632171","-12.9063174859331","-2.77228198998664","-0.170548355059166","-3.67892752649469","-1.10065437423411","-0.482173316373185","6.99529659721748","-1.3510712494023","3.10110395057544","6.43747447980218","-4.69667030965993","0.33981528071055","0.886814930325893","-4.5416859169616","6.89134710394924","-1.92970771192619","0.106297134255864","2.08113911429274","1.20471681668563","0.395815253225181","-3.80782186430569","-0.636980876113914","-0.990524182356241","-3.89413532280408","-3.00394674458416","-3.95949080613008","-3.18601480072241","3.14728312992954","1.85396053414334","-4.40617106862016","-3.24603952509573","6.98940195061188","0.126415091312977","3.27922626395596","1.4654156511688","-1.16054393557644","-3.59229492009264","-0.0172543172108452","1.03970983068807","4.98236093996883","3.30941720917814","-1.88660981698821","-0.734233439301338","3.30737957218018","-1.29756217333483","-0.644974195896299","-4.54701840339266","-3.59108590345822","-7.24094358507042","-2.13549194685786","1.22465458643361","4.91675745081313","1.08856998937628","-3.2689428794484","5.74766752533784","-2.86687419156262","3.53089766708668","1.26776095099143","3.45540343387897","1.67947070866504","-5.69683895482871","-1.18197124459691","4.2924561043545","-0.116380345137542","6.67502772488269","3.00753330248013","-1.06094379513487","-6.88535440744557","-4.48334843976784","-9.09416722800922","-4.14917048326876","-0.408489549776571","-5.46002095317324","2.37131097164387","0.452394813779606","-2.96525276877981","0.795090681598913","3.71805945381927","-6.74223701441167","-9.04932451363339","-0.786584588973231","3.37326331123786","-5.63350515262629","-1.26744124938398","5.42868726116695","-5.22646339891709","-2.26824125221413","1.35526982955214","-8.45916433785007","1.75780768799214","-0.309505638742978","-2.21991129782286","3.54680773642403","-5.05172042263954","2.95816908403746","2.73408992903865","0.918444155853968","-0.673579603345888","-7.76770296876924","4.57077009623107","0.405668130949055","0.544473734636141","-2.67365592892497","-1.93347697011215","6.10342465032862","-2.1281309453815","-9.5831480173024","0.975856934339855"
"Random_Index6_32_0458","-2.88637316808872","1.75994425494649","5.26840775659488","2.83427300998838","4.77627906813355","1.98931071948748","5.03330221058892","-12.8378809807835","-3.058543583825","-0.178569585987635","-3.67340926083516","-1.01495115471395","-0.542240244416763","6.88641634007474","-1.31576619838746","3.21904448987956","6.09735535089866","-4.64336296776847","0.172420051350004","0.99762959466659","-4.33084289857708","6.72795565229828","-1.86028004943137","0.115213488788262","1.99797956332752","1.45446676509804","0.681774799403893","-3.61349036615712","-0.404212424669607","-0.906346804175842","-3.91308506640312","-2.99920008057398","-3.9968543832738","-3.3666315900859","3.09520984529155","1.68169255031913","-4.418538686077","-3.21171052474443","6.93121838020414","0.135448842729227","3.00721446147461","1.45664656090984","-1.09046419741354","-3.48969665327751","-0.0418504675329008","0.862569870338369","4.86819579677103","2.84779396361933","-2.13842690882556","-0.908666921227648","3.42422063400923","-1.08976790640255","-0.504417708865715","-4.19853370554986","-3.41629590292718","-7.2872212597375","-1.93810322514305","1.18367059051255","4.73542080379379","0.812541501066141","-3.08508168457564","5.53463699659782","-2.89581370848986","3.48313768033268","1.45922759026713","3.30609262953859","1.72024649976651","-5.73600044143003","-0.835750172284777","4.2593558238548","0.0506065984768951","6.45989303440882","2.809067768236","-0.998304045313352","-7.00355987930465","-4.43009773566705","-8.98812395887697","-4.14671203626842","-0.310013928050647","-5.2633448355484","2.17133397256962","0.256273268882531","-3.06530060093651","0.808948157271911","3.58273182506007","-6.75792626848508","-8.91857280973619","-0.398276190593861","3.09526275514645","-5.60064619700435","-1.36971914308053","5.40883592924069","-5.20945863073072","-2.33723619971211","1.4204488884449","-8.45949491164378","1.78117262144391","-0.28857329275708","-2.05883212210082","3.66926575136703","-5.0395279207926","2.95778525970225","2.58222120272993","0.870661633390209","-0.587869675677906","-7.42641023879254","4.39739711147624","0.315732740807009","0.594194835831838","-2.44173193431087","-1.88682016908425","5.96248565019384","-2.01050164447464","-9.45760038070897","0.923455194314252"
"Random_Index6_32_0459","-2.94339662385524","2.10765238291516","5.39523286620354","3.01824573572723","4.74011937200252","2.0449744054123","5.14549270990045","-12.8016248841129","-2.77556144960216","-0.0944504039924243","-3.5586943808224","-1.06889467424292","-0.50794211390984","6.83712169737339","-1.23693549969389","3.06486094480354","6.16893308305295","-4.84953318620203","0.391678887640083","0.816750157598466","-4.41238613049528","6.67384820617038","-2.02562903325195","-0.00545643980087572","2.17035132527389","1.16914088087043","0.275961273619959","-3.65869837504715","-0.655093451091602","-0.949649491347663","-3.85509718074511","-3.06506032738283","-4.07941631302461","-3.06618247755113","3.03059022266855","1.59167257552181","-4.18729302576337","-3.27072021678012","6.94885021514573","0.140094192322781","3.17917532896617","1.40439687270538","-1.30082703827664","-3.61074285339307","0.124762960024616","0.953419708843382","4.94697824041671","3.14748371815729","-1.99287451280457","-0.757275681888082","3.48135376733232","-1.22179555243703","-0.815297954118351","-4.36129012433686","-3.48912191755381","-7.15049756986292","-2.22431435885831","1.15587904210426","4.9555779553565","0.896820177777057","-3.31300212318641","5.80536398405205","-2.69455184583013","3.52980327461856","1.09372111355848","3.28308201256265","1.49506999656852","-5.74837166621108","-0.863153850454384","4.35224115013475","-0.276695775867051","6.51308619293758","2.98384660746194","-1.1321637211884","-6.95038230347725","-4.41866264841417","-9.25219258751524","-4.15227553750348","-0.518392714253549","-5.36880685383481","2.32421645514058","0.199529077983266","-2.90029999623826","0.719957950518295","3.64567327926664","-6.62167293137134","-9.00021434113409","-0.65935544262376","3.42430549939754","-5.58369304747027","-1.22190654693998","5.30387592487565","-4.96649719619309","-2.46886310487294","1.29376077996494","-8.28925585232201","1.62149619701859","-0.385616076222244","-2.20694668879519","3.40334990223659","-4.91773552422658","2.79855835268399","2.7295913167337","0.796157647959645","-0.791321504552889","-7.58133263493876","4.65187064050499","0.344258341359772","0.63744354185961","-2.77011799548336","-1.67493392021746","6.25532599852939","-2.30060200000429","-9.50261144370001","0.797751202193708"
"Random_Index6_32_0460","-3.01846928814526","2.05662375154425","5.45791598590775","3.09467660113665","4.7535958587955","2.0123319944256","5.15962556875127","-12.9350174131798","-2.71410910748922","-0.228267241984221","-3.56641747779816","-1.02012777186861","-0.613160751816685","6.76061399808819","-1.35917787331984","2.96978865096555","6.21186737557755","-4.56766931240482","0.301897679988545","0.85183047288013","-4.29233250415859","6.72494590704458","-1.96065819733392","-0.0133691769556589","2.18258012435079","1.22532240064338","0.364238081500557","-3.61428744196133","-0.513142911538969","-0.867186794941309","-3.75546185023055","-3.02659807343465","-3.97178112105706","-2.98750121285128","3.21117991999652","1.74882795521495","-4.37593694875922","-3.1525998709168","6.89559387225658","0.199847390258439","3.13175852425548","1.40312124927768","-1.0281563809022","-3.33423134501828","0.0095234387253019","1.02765536679661","4.92044026481967","3.2797437494423","-1.70712525868575","-0.746355595349015","3.39871348413777","-1.2545956587098","-0.649265577561866","-4.44938695498378","-3.37430238252779","-6.99654748844289","-2.2994420658656","1.14112013597464","4.89306660126359","1.16367642618291","-3.05235500094558","5.70868136445989","-2.93205167657885","3.52896615338926","1.0907925802921","3.36772252033725","1.66715763407237","-5.62046438675392","-1.12222322209911","4.31303759184736","-0.166710635673837","6.47926658649898","3.07240888198235","-0.739896748384301","-6.93512824534516","-4.40888696159974","-8.94431758274385","-4.04384118590491","-0.336357588479756","-5.29834013915716","2.17717494265634","0.20985941476151","-3.27723990643124","0.844169729837988","3.57195924894478","-6.6647360294136","-9.01140460760712","-0.584680423984882","3.40181712927392","-5.48706073783119","-1.30665447939176","5.30409822254848","-5.0755052240639","-2.2986815753356","1.44981692898736","-8.06770012793952","1.5761780217632","-0.338423984181892","-2.32582709666316","3.56658918376255","-4.91792806523761","2.92135517749608","2.69526159631024","0.820567587681588","-0.485200808839984","-7.57268844216534","4.65007358681246","0.192430724450266","0.727368853461118","-2.50023646395509","-1.80539458463169","6.11651469196433","-1.93739868338609","-9.60277995805648","0.76764914665087"
"Random_Index6_32_0461","-3.0816521302551","2.05084144029123","5.470328637036","3.02375232346373","4.73232540823016","2.10351158773119","4.94821904211981","-12.7378118084814","-2.79103272876303","-0.329716372245627","-3.63799112708145","-1.18320381637295","-0.569834485724913","6.80782745161222","-1.36500390107837","2.8755375499928","6.26556464291909","-4.66639316487583","0.326700358710467","0.915033993127352","-4.25263249520505","6.68076484125571","-2.02670325753935","0.011902566094617","2.28538437136244","1.12288099107811","0.350720387864808","-3.71488242897153","-0.54178794178241","-1.03539281879713","-3.79555522112227","-3.02858180775037","-4.03470039759044","-2.97890831802778","3.09103594141299","1.65317123824118","-4.21064560598978","-3.03886421636052","6.85829306225546","0.0971092451507194","3.22554436459136","1.32402085709823","-1.30426036093151","-3.48148927980712","0.0859591187694929","1.1895272726471","4.96416677873532","3.17301029393658","-1.87759322194849","-0.60575489196206","3.39105641726598","-1.23061761266443","-0.697661486652652","-4.31724632995776","-3.50516372499768","-7.07638141339409","-2.27580403292654","1.15282221153067","5.03248294668201","1.22435029673749","-3.10809279023879","5.71298486525079","-2.80688867027265","3.60418753450499","1.08269648494571","3.49392667649202","1.40160854634769","-5.83001938616548","-1.14793356665423","4.33211409048365","-0.187303114034276","6.5248335813393","3.18764931338422","-0.953733952375093","-6.73741647148206","-4.52120625547186","-8.75531000343429","-3.89256685750556","-0.418397750218563","-5.15481020988315","2.29836131246809","0.158617186035312","-2.9696516672967","0.687320471554706","3.63485650125804","-6.62551595889184","-8.88051347269537","-0.850820745674851","3.4547041821178","-5.4253794873108","-1.16676628652744","5.34629903277285","-4.98163631031645","-2.20104579254522","1.34311209562619","-8.151145762847","1.61306726332569","-0.339598042481236","-2.2451969763766","3.37341907128451","-4.90478585178907","2.90731506921475","2.78663551152668","0.776775568090906","-0.637509085114793","-7.54926836616829","4.58941727112653","0.211963709160216","0.652218479371031","-2.68054013089583","-1.62979704024001","6.10597366857837","-1.99284827865389","-9.44295460590187","0.812390209032462"
"Random_Index6_32_0462","-3.13426859002494","2.27882727414088","5.65926542778052","3.30814791844062","4.86058555669729","2.03897744868715","5.03782977374315","-12.8283452814763","-2.75747633774176","-0.441305812997129","-3.79221085216696","-1.13342445553194","-0.716280358188226","6.88620872531603","-1.52941409694547","2.89655245913874","6.477394492346","-4.54117401363381","0.112545304410657","0.750962391972216","-4.35923124977493","6.9008155251457","-2.20526857601235","-0.0466966137626902","2.64416987199256","1.05461427887451","0.277654477321473","-3.81204233308429","-0.664761625805834","-0.926506257593311","-3.8409428226005","-3.22562185556906","-4.18356971019365","-3.04163225459089","3.08918673323299","1.54755750009799","-3.98496389724957","-3.02146982730448","7.0345154633861","0.0774872400393075","3.49832298151179","1.33289935376859","-1.2783768370989","-3.64371761165201","0.223266078317163","0.98120170482718","5.10726394767471","3.58610890578869","-1.85769151053591","-0.360710133291801","3.61727934559553","-1.34900787896283","-0.877021474303876","-4.45447064906891","-3.6420457366817","-7.17542560873361","-2.15556133718745","1.06346814240805","5.26348627231639","1.26595348418886","-3.11021278387469","6.08605817904435","-2.79757261064166","3.84081185820052","0.950484071817595","3.58719442222605","1.34831549791107","-5.80994931552995","-1.28699767399914","4.39366638906846","-0.207810302148928","6.60558626204137","3.26422404533786","-1.12615094260204","-6.77642442888203","-4.46779306211136","-9.14869124223588","-3.93910609602802","-0.363586949322875","-5.04536012649441","2.69291232031923","0.175576118334699","-2.99571634255897","0.898865385090696","3.85659215868445","-6.64572939841232","-9.17074900290142","-0.808141115542906","3.68572786069989","-5.53640864972953","-0.889617086851913","5.29200921910177","-4.81903749537049","-2.22906812862415","1.30077516121781","-8.50562157508202","1.64709072661233","-0.344601603890617","-2.22113661703983","3.3439177735266","-5.13362931816185","3.05443528022717","3.06845583786244","0.744651269020538","-0.765766964890795","-7.58586952522116","4.89067509856773","0.23910251919152","0.998839387263466","-2.67767056418931","-1.52157618080207","6.49216567722373","-1.95986934445558","-9.67387018547953","0.9169119471021"
"Random_Index6_32_0463","-3.16666324417674","2.30024313960383","5.66953635799379","3.3123017347907","4.91879769863538","1.82231024970955","4.90643762639246","-12.6723907099984","-2.80412670481723","-0.330603247500291","-3.76203827819014","-1.18930276959651","-0.6665853311495","6.93872480360352","-1.44171553377738","2.95980697232584","6.17994955870693","-4.73494918835375","0.166824042051639","0.915964608675465","-4.17702288998936","6.84538756848769","-2.19878075006091","0.217992062440777","2.5177438133064","1.07326405707174","0.354303875631425","-3.81146569880124","-0.520098412419711","-1.08703145320054","-3.94446092345636","-3.16499453411659","-4.03445208877214","-2.89875745479525","3.01209724232988","1.61118793962842","-4.15633529603574","-3.03956205253539","6.93904080699486","-0.0578900394761219","3.33712566968731","1.14586279478382","-1.33150194165463","-3.66681650222311","0.192968504323191","0.862246399500885","5.04231241995107","3.40691951628079","-2.06130602973187","-0.442879821196585","3.70550361952306","-1.28710260422289","-0.88067580276401","-4.40794429608188","-3.53871485396457","-7.01147609354774","-2.09057210188504","1.061673721431","5.15267521116241","1.12008097227078","-3.10591056693138","5.86651045723135","-2.80168270786759","3.77572499702847","0.918953046175271","3.34627172345611","1.50798631035659","-5.63865290248623","-1.0075776602809","4.35728561601087","-0.207783095049225","6.62785330781654","3.32665502077714","-1.17484205286638","-6.8880916450285","-4.37284244913576","-8.92394846110324","-3.78310954072162","-0.430556298222979","-4.93916668682883","2.511070284331","-0.0679811789252349","-3.07302541814729","0.953493254800369","3.71575892563537","-6.6151403031878","-9.08479379350102","-0.839424307071275","3.53286960638726","-5.59260688236429","-0.897781245149373","5.2249219709588","-4.82334747161552","-2.17077802280761","1.47023790902774","-8.24154176601684","1.84905461941769","-0.539801024763428","-2.26568566975008","3.33586312741155","-5.06165643087575","2.9105863020155","3.01439497182635","0.605089289400421","-0.874362186735376","-7.34694712110583","4.82438187343931","0.0622068257559471","1.05393510715281","-2.63486369859753","-1.42735291585946","6.2762167849733","-2.07724078715444","-9.39185098813351","0.588527143450504"
"Random_Index6_32_0464","-2.97537995528912","2.24448421617928","5.73021068502474","3.15005245225233","4.9187594846551","2.09471490620476","5.25438380716249","-12.8320120190329","-2.73984754053426","-0.281483704738842","-3.67098199769257","-1.17228290911182","-0.546370521204304","6.97096826844655","-1.38460867205898","3.09258425345338","6.4381151389798","-4.78035775292327","0.247282302942138","0.977732681425923","-4.22767732804716","6.843864477435","-2.06882512448603","0.145938880985653","2.45322508488547","0.957835207824628","0.379145155208048","-3.80697001340335","-0.483890404210734","-0.885332467372217","-3.77945373777501","-3.11667378060576","-3.94204057138603","-2.85271417992592","3.23809204796012","1.54469853945398","-4.11010175231195","-3.22392900037639","6.96064903350634","-0.0763625096380535","3.4337685947216","1.49659199632659","-1.27229753524161","-3.73180983706521","0.105722666138089","0.989619539865519","5.34367956220357","3.34881241680675","-1.87604668233731","-0.545183688531998","3.56765291524541","-1.30659614428116","-0.630364728138579","-4.84603565926392","-3.52265073152175","-7.21800620061732","-2.07387798112964","1.22345738234063","5.20127929820616","1.12711318246353","-3.3777259710718","5.9414703846173","-2.94251852060877","3.68908259691953","1.02279388682444","3.47396676896224","1.65659590428562","-5.78662018191739","-0.973581599269165","4.44259527536893","-0.0291024584086159","6.60717335700955","3.34399130252024","-1.32318464685684","-6.92592825153533","-4.63491091837379","-9.08010476598021","-3.91764340747107","-0.61971149352367","-5.32312247854451","2.41271396908431","0.267559657275051","-2.98570370721914","0.869230249983847","3.61700344219474","-6.83255232630191","-9.27503972338508","-0.864666363247109","3.74150410869575","-5.62912204464372","-1.22660483164467","5.45984975539307","-4.82060860003194","-2.19400735461539","1.47544628295764","-8.59032332156932","1.81360271259882","-0.368039730089191","-2.18236914035851","3.57254553622715","-5.11612523437618","2.86632998907117","2.85899819786034","0.65596194618878","-0.836121386852696","-7.52806893084185","4.68384221538392","0.322729044113778","0.91836871080368","-2.72821734959383","-1.47019372876849","6.29443542660474","-1.8861310042721","-9.8969236794149","0.846664158525563"
"Random_Index6_32_0465","-3.22701098666313","2.36547714299211","5.71789000884251","3.23007830368049","4.93001217923968","2.04773069499873","5.15550299141888","-12.8280741345212","-2.84071857560642","-0.369319361644634","-3.78247874053678","-1.29973951820208","-0.616872867491869","6.94827292819073","-1.61437384693186","2.91382341643406","6.21724077270651","-4.72505278968215","0.169364589501664","0.815973879598601","-4.08561590479529","6.95725482500404","-2.13402939944223","0.1320286996133","2.39182204410252","0.872471000489676","0.214796540466592","-3.80677484283132","-0.543840280625607","-1.13319782243056","-3.83220380860904","-3.27422979737141","-4.28050694162032","-2.85306416187132","3.08754114186439","1.50547600563078","-4.10730311913455","-3.02413340588788","6.9474640633587","-0.085116429487473","3.45223720846394","1.24336915417445","-1.42124495775384","-3.62535903753245","0.19781351005138","1.0422696169684","5.29073490365622","3.50968520741478","-2.12725518485616","-0.429556414318986","3.61305114129948","-1.43131127532416","-0.925420094324184","-4.52646942303332","-3.71185714145315","-7.09440449657143","-2.22491647472826","1.1583400266155","5.30050312076616","1.20172987626528","-3.18890002578029","6.00342562940638","-2.86569820198645","3.92719185145135","0.895302317615886","3.37786295445354","1.50465085068011","-5.89554833625975","-1.21832420482271","4.44216788084452","-0.304986528517938","6.73738442884946","3.36244466462764","-1.21519055339332","-6.63102164094612","-4.4721175510157","-9.01275163287838","-3.81373449329643","-0.4971276066939","-5.09248659039168","2.64190127833605","0.0674765336826384","-3.01243125982731","0.764537850208631","3.92875463679829","-6.67132675451403","-9.11314481355837","-0.909415470481407","3.76231161342036","-5.44152716523353","-0.926407251985622","5.32742668891211","-4.75252867398899","-2.20632263013068","1.30861245264837","-8.46153292923906","1.62653120434416","-0.421099868063735","-2.23506482458996","3.34711471603099","-5.03241252737456","2.93053300759254","3.145175256386","0.652399394814326","-0.930175669525878","-7.4041195397727","4.92188646276984","0.185421473464099","1.01935820636631","-2.87259775160094","-1.44702890195053","6.47274162944109","-2.13761555422688","-9.50891781666235","0.76883488111191"
"Random_Index6_32_0466","-3.03416692350422","2.10917148956213","5.43846318563809","3.00489920758685","4.81899982077247","2.34735478524275","5.29864672426356","-12.7881194813094","-2.75530624630029","-0.126716094498328","-3.53945429193657","-1.06091800337522","-0.412666576296577","6.84809508560235","-1.22953670637414","3.08432165083597","6.3000719854761","-4.46815520424107","0.382966047752535","0.874723158496202","-4.63245756031442","6.8435196558051","-1.84892680579725","0.0678017816766451","2.07310329157453","1.23966812530596","0.443782483676769","-3.63615815232477","-0.639937178122246","-0.802064617976705","-3.73605093740658","-3.09088650176042","-4.03053500796141","-3.05980925625854","3.05919236458164","1.7601371126979","-4.33036532022141","-3.41336134726013","6.94814611001348","0.312823689527438","3.30882050751655","1.66520217498564","-1.21153791853155","-3.380765107242","-0.0837349528393214","0.927643301009891","5.05520353325267","3.20893448160146","-1.87885596096371","-0.771763251221064","3.3251035374906","-1.26032886527927","-0.629041394222696","-4.55089730147638","-3.60029539267816","-7.16928147258741","-2.17940387295772","1.13066840046868","5.05208564513465","1.17775941498904","-3.02414802798489","5.74168511544987","-2.79363090721871","3.6181640284091","1.15800624174848","3.41561167277187","1.79657434819991","-5.73245288372486","-0.962297055091964","4.35436594405163","-0.139470779052215","6.51800216559585","3.09983025628333","-0.889855383715673","-6.83746066565495","-4.43377515207096","-9.05084281629295","-4.09540207855506","-0.251642618840533","-5.36903978097278","2.38798111764455","0.444718617431534","-2.95139083247314","0.836175843545828","3.62569991480495","-6.5122282580921","-9.04702587863341","-0.678957875055457","3.42453936956569","-5.66826425974776","-1.24278518146282","5.37633088481633","-5.09036393093744","-2.28698302670319","1.33004269826006","-8.49915765840582","1.67917426851574","-0.21687996205567","-2.38102449027815","3.44852111270841","-4.8989579238516","2.90090900694613","2.81320448759199","1.0449204664768","-0.672593004629443","-7.6661012632862","4.57527782845513","0.46699320305062","0.61299748138773","-2.69653424417929","-1.84538079842944","6.14609060220807","-1.85910121045736","-9.4111465831912","1.01314380511034"
"Random_Index6_32_0467","-2.9494719217423","2.1850860869167","5.65252848180569","3.21877660310644","4.89304216571047","1.91154495554094","5.01298477085913","-12.6965655887936","-2.60512158996083","-0.261810449793375","-3.76804356843166","-1.17727953629391","-0.732035413761298","6.71403761684508","-1.42336040094109","2.99035546808736","6.22038514668976","-4.48949975663186","0.116158744534148","0.835372572066299","-4.11954852104857","6.66523909373553","-2.18746811683305","0.138815650141341","2.5665927323956","1.00668924475398","0.220125980776598","-3.8611238276421","-0.578388705480317","-1.03976251038861","-3.86788354556569","-3.18103510653306","-4.10863717269655","-2.57668203272338","3.048643833583","1.59906604527007","-4.06975744978688","-3.14379045353659","6.78218602907797","-0.0762307556986888","3.32981894931584","1.21994946759525","-1.34996145047448","-3.50938983305685","0.161310361171378","0.879035815518619","5.18427191262542","3.17826444451108","-1.91088656167417","-0.472313716314412","3.56996226719761","-1.3960718938588","-0.836103943466869","-4.51973996328645","-3.44789993848323","-6.94671819717016","-2.16046256856698","0.995272764523495","5.05054593809837","1.21363901920794","-3.04019551939769","5.86210080186644","-2.88799244618447","3.58800839475085","0.914146673804133","3.15137465155466","1.49665735245608","-5.68279158118771","-0.910855881523178","4.3523047286425","-0.310779965348676","6.35881911622722","3.22785307825632","-1.14941983691585","-6.72027555675994","-4.34583169771376","-8.90126427050233","-3.75423167490304","-0.421184524205533","-4.95449053459453","2.40661580830636","0.0369816121199782","-3.15632924888677","0.746703731439438","3.62811519286538","-6.61256757279213","-9.30076772303001","-0.935560280796301","3.61638379874708","-5.43469765917208","-1.18395342154043","5.29312278900177","-4.75740249625219","-2.26567388789858","1.40162969050111","-8.54594795282443","1.69807231074698","-0.297745722132792","-2.44865065435982","3.32421736173889","-5.09215760588617","2.89970017367896","2.95456168615025","0.529858217304795","-0.650989282926287","-7.27830721518925","4.53217121429233","0.0705479877236701","0.801799658960112","-2.65997387946009","-1.4714358160445","6.10576738918242","-1.86329165091494","-9.57150435593996","0.629014041759317"
"Random_Index6_32_0468","-2.9883897066681","2.13388655187835","5.63185752791873","3.07443499800151","4.91119050420731","2.09408794036337","5.29651079918689","-12.8873886953853","-2.7871246166206","-0.200055554393094","-3.62889627702643","-1.15152953212496","-0.648429333747278","6.93496336510241","-1.36231375912586","3.17677250480609","6.21162164663824","-4.76273094636837","0.276217560698671","0.92658547309063","-4.13052852658899","6.84392631236741","-1.9255059899166","0.131052936650011","2.21078536413196","1.22869079518589","0.502958248233809","-3.72351171945907","-0.525244851847027","-1.05793797595198","-3.96129798076006","-3.02255209498122","-4.05637507573545","-2.89378162650928","2.96798803270013","1.75463123654659","-4.36770185548095","-3.19484265416502","6.94974939249538","0.117624596663027","3.32217751085356","1.45527692796593","-1.28962961147951","-3.53192987919552","0.121488149998142","1.05918695822746","5.30625744420603","3.1983774176634","-1.85311024009126","-0.683540747921097","3.46018109505447","-1.33518364795174","-0.662616969749522","-4.41213399082671","-3.47907776095616","-7.25590302286924","-1.995002865335","1.00186548805317","5.00262914184762","1.38171117441462","-3.22706976246455","5.82864413007547","-2.99097807790549","3.68690137001893","1.16491285463038","3.19614548356361","1.48831609057952","-5.81840797458844","-1.10158725541234","4.47929512416346","-0.165922658630128","6.45819860506687","3.11892624139433","-1.0762638289507","-6.97261549727539","-4.54242452677091","-8.85001532038851","-4.13704034154623","-0.400935448203763","-5.10769016551292","2.25974322265413","0.246479414742853","-3.13669661047386","0.906568753519441","3.61535807687031","-6.7680435638755","-9.04045011627469","-0.704875110418694","3.52849026447025","-5.4710824900154","-1.2477692255247","5.46093516555527","-5.00519204994002","-2.27619167891799","1.42046998548209","-8.3100373837751","1.73045590847731","-0.407530075813658","-2.32132583270344","3.35680041562881","-5.12832730165734","2.79358390480441","2.81777671036441","0.792105151953662","-0.71725849694495","-7.50385532814273","4.54832966386852","0.31050596702569","0.796667114006787","-2.80523300203972","-1.66733722675144","6.09348006112625","-1.90243712083321","-9.55896825511269","0.897172586537247"
"Random_Index6_32_0469","-3.19662914915328","1.94104571810315","5.402623423697","3.07333641648865","4.7533805864532","2.04090218995089","5.05222489578864","-12.7636022460737","-3.00594056778017","-0.298906154288086","-3.80413191188972","-1.07980246808293","-0.590749873782555","6.75635885022782","-1.55796536376467","3.13017276121325","6.20194006968482","-4.69017891484599","0.209235370290957","0.889965393235149","-4.36020628383944","6.79498661041455","-2.116216289342","0.0337755422038654","2.31074935954504","1.23492980250623","0.459358993137445","-3.71277645774226","-0.551768989491929","-0.947094885886076","-4.0252758782595","-3.0532916942687","-3.91858542699931","-3.16368569052287","2.99010898660039","1.82669655110779","-4.64430840293481","-3.12653662049884","6.90334077746075","0.0415723115812231","3.19658498441343","1.34215226665798","-1.32369406545358","-3.61786837327936","0.202911894062296","0.83556300990299","4.96415904625941","3.16166795794465","-1.90505437674067","-0.711560813771364","3.42597374238774","-1.28658858474496","-0.733069436298164","-4.25164608626509","-3.46016521532249","-7.3667233335117","-2.2639481813353","1.05321825284571","5.03639610055604","1.06140325047768","-3.35759346866204","5.7130013278527","-2.88701228384032","3.61281246196202","1.10416064374884","3.34762965205021","1.72584040836859","-5.63853639986137","-0.909901411176227","4.25883338865463","-0.0440058079541584","6.51682772614223","3.0108836180682","-0.991956337425144","-7.28484991774566","-4.5568236463006","-8.85940994457569","-4.17444025773581","-0.535337255345266","-5.20078694199866","2.26680335503448","-0.0774699543649046","-3.06669339134575","0.804526160639233","3.70809062255242","-6.56020928880426","-9.07215256103635","-0.732761528870342","3.16742872141048","-5.57972070539528","-1.11364275288778","5.28128881074876","-5.05738373111136","-2.22599851460532","1.43978341923391","-8.4170326020342","1.77174608239489","-0.473633608465278","-2.14387773993497","3.40593502854841","-5.03439084565574","2.76863269572791","2.69180485170754","0.836944798196281","-0.843106302260999","-7.53948446451979","4.63566708583992","0.177985120360406","0.668311817824937","-2.48803037632214","-1.88580560332562","6.14488672891094","-2.17126167027128","-9.48378964187068","0.744890716226002"
"Random_Index6_32_0470","-3.10295939184555","2.19098841461932","5.54930827201194","3.29931498178742","4.6979898231828","2.24033133962674","5.57388283926219","-13.1310949391382","-2.6114664094818","-0.372547398570031","-3.80269888667486","-1.28898350293253","-0.649459205464191","6.84474696465682","-1.46579875232832","3.13867279192214","6.35656609218677","-4.69401233041996","0.298151213537914","0.771566759723806","-4.36614246707875","6.77596197508498","-2.14176276996193","0.0181930980823731","2.44989976920068","1.02551794403236","0.298845694828707","-3.79092708970285","-0.675966383323644","-1.07026039099169","-3.7544512787011","-3.12301058757316","-4.25273035790407","-3.01475561883104","3.19102255022628","1.60490681125707","-4.14739262568891","-3.24308033216408","6.97676805966593","0.144980833781573","3.2949735621438","1.38059991144244","-1.14886656559646","-3.51454448802131","0.0656071743200677","1.09231556236724","5.05565143317509","3.44602828440967","-1.74315547712591","-0.552865575397874","3.38644574838646","-1.48371909190388","-0.892356224167947","-4.39037156794632","-3.68617360911821","-7.30037838071277","-2.33569450818986","1.11044434676309","5.21588941243504","1.39327260784252","-2.99415796598735","5.871826476708","-2.92806830895718","3.5207869025632","0.979182096097886","3.46275003387042","1.57211060642945","-5.64357800633049","-1.03241913586837","4.39680535531129","-0.155545825317855","6.63316607816451","3.21775908197544","-0.934065167736957","-6.7044312702976","-4.38980740229791","-8.91554907866928","-4.16137184938075","-0.26980419422079","-5.13744240187066","2.36002795520646","0.158260674036729","-3.04751848719715","0.881898668423548","3.62117413073704","-6.58982420846807","-9.31658555216136","-0.843015071080523","3.48330551685096","-5.36259168196506","-1.20667764577379","5.3036269902349","-4.75299646685443","-2.29219379008369","1.25400865797321","-8.42552519091845","1.58024514913625","-0.386128756299676","-2.43660890982546","3.50201472385457","-5.01772721650293","3.06870461098259","2.81775873754488","0.808461322781793","-0.498275031312115","-7.59498392930055","4.77449459298519","0.330406980661043","0.653655492938461","-2.75218974518261","-1.6328205055924","6.28062511474104","-1.97396337331027","-9.72926793683346","0.776049978004358"
"Random_Index6_32_0471","-3.15653510691666","2.16506746694299","5.58792458135124","3.19370678858798","4.82159538743451","1.88656880309157","5.01267934692265","-12.6731869937222","-2.88637102230222","-0.43659137883477","-3.82696768394544","-1.25831538306733","-0.600046816182316","7.03207594263521","-1.53804747023519","2.9942467467517","6.47167598477248","-4.65352820647528","0.142599403059174","0.847237536283187","-4.32136405701566","6.93078510061704","-2.09614825730863","0.114120708852741","2.36580071930134","0.990485607103639","0.466109116644639","-3.81392019782201","-0.493563537112991","-1.07588944828189","-3.86832979016375","-3.14240839984029","-4.06991614494721","-3.13701547546332","3.17287236532354","1.60724077148493","-4.24865687359021","-3.11665027291049","6.97936030720179","0.0604639670902196","3.36025719650467","1.17160244293118","-1.15141446448207","-3.65103745524385","0.232370879636423","1.23167065561476","5.06612959499462","3.5001849996183","-2.04061790158727","-0.526973289187524","3.48912274776468","-1.46446952116197","-0.769272393602279","-4.42293674340207","-3.58307023742899","-7.18099055746703","-2.0381663670929","1.28971961993359","5.17500824597931","0.991101675606151","-3.27192268749004","5.89889931616124","-2.84392737864602","3.78158802294427","1.01897285062452","3.5244644786498","1.57763476369952","-5.70071526967652","-1.04528674697605","4.45985768349107","-0.176766900067013","6.82270495902561","3.28064623472449","-0.925102534054598","-6.74358241797918","-4.70407320310358","-8.79071009731353","-3.90278904743296","-0.696650976610494","-5.29318199408779","2.53128556577664","0.107323071147352","-3.04145726011724","0.956409001356768","3.77728016375776","-6.73316126683808","-9.07682210718412","-0.98275396948425","3.60952744457312","-5.52812876039446","-1.03106724742069","5.42744269748042","-4.76307548249085","-2.07668655347951","1.45668316031861","-8.31336825138654","1.71980733460777","-0.489927557692495","-2.18858560824092","3.52713865302049","-4.96941868604997","3.00996094747668","2.91384594501291","0.666669689806032","-0.879093044160334","-7.40102851872045","4.82557119695391","0.117449877215345","0.707916790260966","-2.68418823216804","-1.60402350212227","6.48437235928605","-2.17063873829105","-9.55654967249175","0.752030229682378"
"Random_Index6_32_0472","-3.06721526627824","1.83963909505183","5.40900900135439","2.90239101551288","4.83592596606807","1.88782478261695","4.94007516394322","-12.7634553908688","-2.95896759117731","-0.366130907602778","-3.63009729008731","-1.18028794150859","-0.547562503518012","6.83790774416909","-1.30652209384929","3.06423556447981","6.12630280373094","-4.90631111094861","0.285028166398589","0.895054609343651","-4.41893986057734","6.70641694842573","-2.04368163774694","0.0138912811220343","2.31824819314323","1.22319447588424","0.523212411106491","-3.73645921379121","-0.397924585164065","-0.981264791493257","-3.98725750883996","-3.06943774609612","-3.97958029835564","-3.25374422645847","2.85021636437829","1.69327944950073","-4.25255870612746","-3.20666015810981","6.83340085740723","0.0442900958956299","3.1073219914668","1.38229967060404","-1.34866001102478","-3.69534505455706","0.059770316563678","1.01991770285211","4.91787806715092","3.14878002835504","-2.02855149511989","-0.727383225590187","3.50803620647007","-1.23564349600506","-0.691398237976205","-4.33584670462357","-3.496541272699","-7.19361339081539","-1.96517076794767","0.871583009611806","4.92811100581596","1.10686441284432","-3.25271706261038","5.69529451314699","-2.98740593969295","3.58815211561845","1.18571947900165","3.26173592733431","1.66106419923374","-5.90427029058781","-1.08817768665971","4.2158299796117","0.0300929680575447","6.42622155265018","3.00973816885494","-1.18163947582801","-6.86947671873442","-4.55687645961362","-8.95429096310849","-4.0417191953965","-0.514832130657655","-5.33434329193405","2.1853403341838","0.156985877134085","-3.09179190478042","0.868000165252528","3.52890005505191","-6.89160902996554","-8.95208624082249","-0.810217517425442","3.34671565644359","-5.76354332842331","-1.1529162210605","5.32541467695273","-5.01015841473189","-2.19306104383494","1.40333975855984","-8.3536559678125","1.73031898681144","-0.423600722414709","-2.05481122493109","3.21867269508592","-5.06660845325049","2.71285381806153","2.63070066436378","0.725595630746228","-1.0138332598843","-7.64807900364412","4.59196568637033","0.216808054057643","0.699289363511976","-2.63217561969423","-1.74640386283631","6.25015668250308","-2.22883591790513","-9.63936501446156","0.694033940977908"
"Random_Index6_32_0473","-2.98898467832446","1.86084672442053","5.29936970395803","2.89502360794624","4.57713074850065","2.15427783690892","5.13196922336875","-12.8276523784614","-2.86164976718381","-0.243654737192395","-3.5927755028976","-1.20234713277519","-0.436904970761614","6.82354580309359","-1.32834751967677","3.06262343636792","6.32191142667762","-4.83069149602104","0.228168086055831","0.916707125772493","-4.4038032500926","6.56310979280291","-1.91833103309583","-0.0450569099775135","2.02497142351402","1.11882183580733","0.360859434874139","-3.75397389505084","-0.592667002708411","-0.933772151727875","-3.80179418112066","-2.98398958778137","-3.99163418420362","-3.28257957851353","3.20211302605685","1.66820679735673","-4.3723807442364","-3.00540969246856","6.85305570689631","0.10634277678109","3.10758374837703","1.48952203052099","-1.26159030929703","-3.57304242850894","-0.0324546739396757","1.10946501321246","4.72573376873836","3.07452829322764","-1.78836198953155","-0.777244553269279","3.33662347382756","-1.18644497210561","-0.64286668872573","-4.30420440048919","-3.47426457584381","-7.19535899018651","-2.11874171054603","1.21095004641121","4.82362217332542","1.10262229522731","-3.29291780808026","5.72570211125174","-2.8661002994194","3.47654351823562","1.20928020535661","3.58824813381001","1.69046055106988","-5.83732148912615","-1.31788662995004","4.14318866558315","0.0250012949203148","6.60418898681095","2.99210186207975","-0.961122465383504","-6.75589942117987","-4.4768320200533","-8.93194904358782","-4.12853473589353","-0.403099895310492","-5.22629345102523","2.24753839879678","0.292951807139621","-3.02661937923038","0.771211800700772","3.65987901643366","-6.76105557735842","-9.12250870906657","-0.696494204383408","3.24424246129587","-5.62925021060982","-1.34796464091848","5.37161985150985","-5.12601981652094","-2.35175337277899","1.26646985798105","-8.39536282396568","1.5240638072224","-0.263560833857539","-2.20406108546053","3.54423645333793","-4.89341079909361","3.09617541989704","2.63543725546759","0.884169402535607","-0.647232928729982","-7.66637030668939","4.52802086062908","0.36006328848854","0.480186889874253","-2.76605648105748","-1.77582972672954","6.10839699113519","-2.10535117802669","-9.50567071301962","0.977838041981912"
"Random_Index6_32_0474","-2.73935516146215","1.63885978385168","5.21230024418657","2.77590646706368","4.39283187400395","2.26756902329297","5.07922797103408","-12.8297268399473","-2.64343551503945","-0.00748520940416302","-3.46802295473631","-0.866218530492707","-0.351839152304654","6.57654815910468","-1.21901734995733","2.98419462982762","6.2538562732315","-4.53112625138541","0.483916987878915","0.729848939415976","-4.40953183986423","6.59287864129272","-1.80677859313577","-0.218857053736031","2.19677515760871","1.56503535464118","0.220313506976317","-3.47957972986311","-0.794890894329757","-0.710549930839237","-3.63168991527566","-2.87964072284942","-4.05203784765085","-3.29889265560747","3.07042260136222","2.02011355810607","-4.29267867472168","-3.07264242705967","6.84532386986167","0.287906210181707","2.91712872773836","1.62290708381049","-1.07460367860522","-3.25864345014347","-0.364211059139484","0.824942566469688","4.73069451197296","2.92183468084656","-1.63871736277367","-0.904583658512385","3.13423170206036","-0.991998392905536","-0.500460147842377","-4.41950862370654","-3.47282911071912","-7.00178030788055","-2.27969212639793","1.03770764694008","4.71435865228697","0.98186633557001","-2.93563099941891","5.49464088918086","-2.65001746924876","3.31169604020365","1.43275588090719","3.26017885967982","1.85225519039518","-5.62253933480647","-0.993318783519416","4.14713416295304","-0.245125137154353","6.44612339413051","2.8988991497967","-0.90327776109974","-6.77662284685496","-4.23659761319775","-9.1892267545305","-4.02001386247504","-0.109694251232742","-5.22387502423463","2.16228034700388","0.299461566704632","-2.86648673458907","0.442840602755267","3.35791598831298","-6.51572673709773","-9.08885881200768","-0.382884986459163","3.14953143985692","-5.64847347683346","-1.56364938599094","5.12738780963011","-5.22032644984947","-2.48828305111411","1.17177486344635","-8.42404500368828","1.41397004851468","-0.0665920423092976","-2.54031345151997","3.41942806400335","-4.84054408874609","2.81741669201457","2.45791927967018","0.996194445537623","-0.575885485157677","-7.51384825793601","4.44728055688801","0.449569553343461","0.689542007569104","-2.53376798985459","-1.90321545260344","6.02102636589554","-1.71310293050914","-9.40881632441422","0.899810072232432"
"Random_Index6_32_0475","-3.01644417840364","2.15133443839458","5.54464760142764","3.13515656461312","4.8019535279728","1.94205684722131","5.05545586079106","-12.7060474180161","-2.72073815190804","-0.332998008854214","-3.73619458210476","-1.11119210782121","-0.526529911153138","6.75146545818868","-1.42268450841032","2.87787244930289","6.37575719266803","-4.81444068514499","0.203152235088474","0.817826045266292","-4.30321656820558","6.73092794608949","-2.10718448045141","0.0329882066378685","2.46301438135754","1.03869167146498","0.320080609395924","-3.84137826293909","-0.610198224772353","-0.986235593647051","-3.82384859373978","-3.16057251126254","-3.93798291199074","-2.89773887421762","2.98157133025379","1.62258459671463","-4.07825462063884","-3.02606322266121","6.91772622054255","-0.160890325354002","3.26139567536496","1.23839931478975","-1.3821679850021","-3.5415533177895","0.102384283009561","0.927879492738991","5.03797131413913","3.37624549163441","-1.88784059850049","-0.458048341975521","3.65757726078723","-1.24689859395358","-0.723739671069576","-4.43242216032555","-3.58850483709251","-6.81618228428357","-1.9491409916551","1.00526070463235","5.05883531922708","1.09919767836193","-3.14811774087562","5.87877998483377","-2.84240858279765","3.62422211656726","0.980102225483406","3.36199343341626","1.50860165629555","-5.6263601169001","-1.00398259545958","4.23566390706816","-0.216447621189306","6.62613187754435","3.27060863625154","-1.12366014493316","-6.7070868855815","-4.41163590760626","-9.0234611364527","-3.79430184051793","-0.363596569875185","-4.96828118491399","2.44743095668738","0.0237260917597597","-3.05518497720648","0.849004029012068","3.7123511628021","-6.6008338973215","-9.05036570670742","-0.852049636599298","3.58670243397445","-5.55027932722681","-1.06162742970619","5.24879859255547","-4.80622384886464","-2.18318871240364","1.38321062026686","-8.43635549351147","1.65018944474566","-0.403259990634308","-2.29936334638281","3.29400074573622","-5.03728379594411","2.95301450875068","2.94184135034806","0.533427937204905","-0.979553575185895","-7.36586767359067","4.7935191603744","0.14282561082627","0.873074961121446","-2.58913463513429","-1.43905711543942","6.25779080585974","-2.02421484359703","-9.48239918852144","0.6781045631146"
"Random_Index6_32_0476","-3.02813127006674","2.24402017272366","5.69340492432713","3.23115756658377","4.95775052469355","2.01885618510857","5.26470616503327","-12.8342411907821","-2.65540356823009","-0.508110224027601","-3.91539317871376","-1.33433371585232","-0.671455365514239","6.99862908675706","-1.6591910682718","2.96126816645106","6.26526750791536","-4.8848288913124","0.167124431415307","0.970490761545895","-4.1193101983378","6.92812551082141","-2.30636133288886","0.0871963909065206","2.5623288378171","1.00596647814412","0.427795307970153","-4.02670481927697","-0.639265792602757","-1.1366773144424","-3.86694511076836","-3.26291671949684","-4.12789331850533","-2.86331534362511","3.06681223443797","1.6183928923359","-4.02984162368962","-3.04922819481067","7.01746150387111","-0.140262632277953","3.53121059533213","1.2429180280337","-1.46528690213004","-3.55915473097337","0.418436403316611","1.16158539444002","5.21587728044773","3.47628576660246","-1.88963351884067","-0.504903821591337","3.64386800647643","-1.32200638343114","-0.84161742926198","-4.36822689873902","-3.60675373294814","-7.05527747279665","-2.09461637877437","1.08878878965503","5.31752236868454","1.40517465380257","-3.28391072242834","6.0455006769996","-2.91048674088917","3.88431553566204","0.873321719873862","3.45309707095898","1.473042165995","-5.69901756890956","-0.922615694677601","4.66007005647853","-0.0710132916920585","6.64464241209675","3.42491547877041","-1.03960294829099","-6.71395097841389","-4.46034315044082","-8.89770321324553","-3.8922853090605","-0.535861640091325","-4.95332032986457","2.52281392780218","0.0610144926112522","-3.16106612214313","0.897385649149876","3.8798479763712","-6.7323823597434","-9.30162661841374","-1.04765991644794","3.75780964342523","-5.44746479472476","-0.965879219622128","5.3259554338024","-4.76040855574279","-2.10613655983376","1.34476795441251","-8.53058483947556","1.62719897177084","-0.529983933855394","-2.23136114628183","3.4179465180145","-5.12910647118546","3.00990624887331","3.00218151807799","0.588169807089655","-0.910256247053601","-7.46901370290935","4.89783605297458","0.0372595236487079","0.84517882048837","-2.81543095063893","-1.51606642081746","6.31287682118043","-1.90543144209253","-9.71599476041381","0.738565599673641"
"Random_Index6_32_0477","-2.92444409802288","1.78989619260008","5.38665012473834","3.041298024671","4.58018262965928","2.16744902877123","5.3344667980725","-12.8611858828252","-2.83990503933896","-0.170983775521259","-3.71159870668383","-1.2503442424708","-0.644488930320757","6.77279174892271","-1.48473228450265","3.22449353700347","6.19002647804754","-4.53041657068962","0.29417802435524","0.974153697266442","-4.39187508327465","6.76013689016466","-1.8626154716004","-0.0386333319223465","2.30716961476269","1.25651272553695","0.468951040400571","-3.63280337996276","-0.659478175853167","-0.887595958419637","-3.98018177957069","-3.14359168624699","-4.14676260190753","-3.08538853177879","2.95209714387768","2.01999315996754","-4.44744962094423","-3.19504863469019","7.08310200370138","0.238992878378146","3.15539030488486","1.4730926183691","-1.04541501207286","-3.49134991800798","0.0730599080275331","1.13856223989648","4.92720336725296","3.12211957783387","-1.63637731562177","-0.743403119029672","3.38025324523451","-1.23187516458595","-0.870920910198456","-4.36652074712948","-3.54774915536297","-7.38242997756027","-1.98631382350214","0.880744288240723","4.87865435369163","1.15301037552744","-3.18631179295403","5.57456679622997","-2.86368963352102","3.42116764518727","1.26431399578853","3.23612694989254","1.79145722600741","-5.79376514718638","-1.03342387684679","4.38158883131236","-0.0507657630182121","6.46268199078166","3.05435034776538","-0.752007925307315","-6.85551320189827","-4.46864346987175","-8.88620641130304","-4.30624375878285","-0.469549205992834","-5.20508591008841","2.29480329175981","0.236852684816059","-2.99067742076805","1.0535278298638","3.55416254519588","-6.78893691437904","-9.11700403832318","-0.561396031731532","3.2888115913711","-5.40314041294613","-1.27921060105479","5.4332428728411","-5.35543984725738","-2.0225322328055","1.23080175784178","-8.42768264256305","1.48709737716643","-0.359569834604066","-2.367375044115","3.39131232958263","-5.13568638434502","2.87795376314202","2.72628020660425","0.914718263703907","-0.580497784959699","-7.68004849039697","4.53296404565568","0.369701393046537","0.80738989882503","-2.60431493393274","-1.8473246079337","6.05713362258872","-1.9875130918212","-9.57730768375106","0.975190381792569"
"Random_Index6_32_0478","-3.28178150095373","1.96772463293382","5.62874764109597","3.15202901948107","4.98461879253475","2.19333358471499","5.50759372046476","-13.4387122012744","-2.8754957067058","-0.272847100107942","-3.83871857337109","-1.31244307863006","-0.509949995162908","7.04330282521837","-1.44590998399108","3.27830558437523","6.44460811732446","-4.75558198662286","0.26031071939164","0.817377510612055","-4.57089476451944","6.92478768884629","-2.07569220246892","0.0971752689578283","2.16868496838101","1.15532337976907","0.0707015756727722","-3.87609799377425","-0.754188857982842","-0.969745078840833","-4.06282922055602","-3.11985172368261","-4.31727240727257","-3.41942487553955","3.0615703290507","1.68524403803747","-4.35065261094505","-3.06163437761408","7.18359774299947","0.180842606726916","3.46630210834955","1.5279885754473","-1.14751471367127","-3.60406867442986","0.114118067108567","0.989003805504238","5.2142170774316","3.45999522124694","-1.63925845490942","-0.725722083086442","3.39497785084748","-1.47515887793181","-0.818279562791405","-4.510252271437","-3.76929127561772","-7.30058596587901","-2.09239831823756","0.982033878411225","5.19918904541982","1.06405736907482","-3.20264781547649","5.83934175904625","-2.91995334988371","3.6008269527459","1.21137464645525","3.38706992808093","1.66077526910138","-6.09913503219318","-0.905571555885744","4.33364296927493","-0.0541478228287715","6.63824785953765","3.15588042842142","-0.812547910389879","-6.82218352651538","-4.56466980482651","-9.27179328718822","-4.37396193924479","-0.245971051728239","-5.34876886855892","2.46641692603723","0.166109292853046","-3.13800339600954","1.01685168519878","3.79433323056135","-6.79148786383823","-9.48935011526963","-0.701982772866845","3.55885598165298","-5.7120849456706","-1.07548893527899","5.37692995184134","-5.15971572758983","-2.22013798221647","1.36106128873685","-8.69226715498945","1.50827620255094","-0.405715210705204","-2.39863384470464","3.44543282063055","-4.96195861823986","3.02625301188826","2.83106966037475","0.980284077882258","-0.705322279161064","-7.84560512294409","4.77440405655148","0.3581588116524","0.648754227847453","-2.7198711975953","-1.79070696876404","6.38866157942386","-1.98461614457932","-9.62805637804007","0.949380681041491"
"Random_Index6_32_0479","-3.45949851788246","2.14209497835043","5.54234649883302","2.91991735823193","4.81942104571822","2.29090204161725","5.15678753668137","-12.8118491664545","-2.89941203807877","-0.20764374698083","-3.64023828094433","-1.14692549635957","-0.477158239572909","6.91550904163018","-1.27310250872854","3.08944122250055","6.36119118321037","-4.8828487955478","0.361397657007603","1.0427745079991","-4.33841055059874","6.76532391622421","-1.85157104325781","0.0837113700824017","2.26442292008264","1.11127493745608","0.485606369578075","-3.77547529482649","-0.635501164316808","-0.864073069451993","-3.80680936573086","-3.06483765405578","-3.81859483312977","-3.13638317468606","3.50421712348356","1.39746201311805","-4.22577614052138","-3.14095534587832","6.86491509761489","0.0185557122963955","3.15537853823375","1.56471815227004","-1.29692053572243","-3.60514123118875","0.111974874212814","1.21357690734074","5.04975671099324","3.32942905831495","-1.87155086584003","-0.645410615695493","3.42096591513333","-1.34298196943704","-0.712592066323052","-4.55158610543825","-3.36999286752588","-7.04423556960718","-1.96354033744656","1.46451444754182","5.03285932991594","1.19172303162881","-3.43787011738384","5.8331411862411","-2.78458469522258","3.82320012911054","1.04639157571615","3.62272347717956","1.74626389806773","-5.72483722723798","-1.11891410915626","4.32562658209206","0.0681495497168332","6.60526480323817","3.31662115791489","-1.29718590335441","-6.95961602055583","-4.750836101949","-9.0905124018097","-4.00021634637463","-0.393216787216801","-5.48299543319176","2.36851541911506","0.641468280721631","-2.77810177377354","0.779928066561562","3.6845527586294","-6.60435709092394","-9.01982231796472","-0.90879452118559","3.55405173409397","-5.48428511267215","-1.22235629492626","5.56885258678773","-4.85472911631876","-2.21604012737264","1.51730724274316","-8.53717469957924","1.86262307930984","-0.353551060930387","-2.07284116985447","3.84042860018256","-4.89724766509522","3.11497307149143","2.77549241035958","0.89062818009234","-0.819039152067501","-7.74387034164653","4.64904991531536","0.561795828979253","0.651302490570279","-2.60025545577801","-1.61126063622342","6.33865563959723","-2.10619834017046","-9.80361115041765","1.02870663143556"
"Random_Index6_32_0480","-3.0612121806326","2.05461977790547","5.56603049690075","3.13895662795531","4.96057116339377","2.0320457533025","5.12923042282948","-12.6340348009363","-2.78094733975762","-0.232557320284607","-3.68491936918635","-1.10765622108391","-0.56757868312533","6.88793079359694","-1.37629624306601","3.1446470995737","6.06162927678955","-4.68937374918521","0.32943489684293","0.981245887347792","-4.36359525492991","6.83420683499839","-2.08032806937109","0.148121695132616","2.27785317300718","1.25337639561988","0.269431106687942","-3.73896949094058","-0.501586555913822","-1.00748263049924","-3.9916259350049","-3.14294239111833","-3.99158509522635","-2.89454565963805","2.94827425702896","2.09526626438039","-4.21361110937385","-3.32994368099412","6.87683946189847","-0.0440758554304547","3.31389761401106","1.35849287018916","-1.43572895012383","-3.65388926214338","0.110913723372278","0.895889684782386","5.25484545120943","3.11753056001547","-1.88313745159241","-0.596707860191287","3.68509510219967","-1.23886942713439","-0.61506047849258","-4.41558657010572","-3.45131190225062","-7.02329011714975","-1.9755029588356","0.960400911856653","5.10607168715271","1.11085655240763","-3.06883575493101","5.78806212247747","-2.76988662811587","3.7462630218466","1.05948486757835","3.19502616287387","1.77730801644958","-5.78612868170046","-0.973648928023464","4.3615868254016","0.157843082881622","6.55221173109544","3.15848435948638","-1.27293057767641","-7.00667092680312","-4.38410683296845","-9.14850390357742","-4.03682650915174","-0.525783747333474","-5.13165344312646","2.43679436670466","-0.00323301330600708","-3.08270257482286","0.841432951862931","3.68435541354105","-6.48389174197187","-9.08654313927759","-0.598474796246802","3.42537363399681","-5.73302839297181","-1.14717165876652","5.33157942670781","-5.10270912867945","-2.26549974980353","1.55648464186792","-8.49724439286027","1.9160013498616","-0.461346240136939","-2.25113239880536","3.3590632079239","-5.06464318861292","2.7890773564322","2.88475142300787","0.705126782925817","-0.921206489235222","-7.42565251201647","4.71579601803211","0.237348184584026","0.792995606600629","-2.65237599092471","-1.59619417528184","6.17810715604597","-1.99061886102494","-9.54615753497015","0.593674647548979"
"Random_Index6_32_0481","-3.32690451247931","2.30250695218892","5.50383596377445","3.21500004452692","4.81939760244055","2.03362482830476","5.06719489637529","-12.7634986101504","-2.81973633161765","-0.367924038905726","-3.76521150896236","-1.16581702035422","-0.802560844546797","6.81622219784336","-1.46983611739902","2.91044911232401","6.25655633402692","-4.6276093120048","0.242593691334589","0.767028892008309","-4.40033399888247","6.88885184354599","-2.19440636452143","0.0573855727565798","2.36041748894809","0.975370561175379","0.227535346499793","-3.79119936509442","-0.684915375715075","-1.04887914092469","-3.91222188693332","-3.2041570933474","-4.11874944806073","-2.94358178189211","3.02391529029052","1.61221161401727","-4.11901769804694","-3.2774668911774","6.94578656485548","-0.138382244077566","3.38776514192039","1.13073268743386","-1.29419597258481","-3.58550413205326","0.192060010578451","1.04540495618982","4.92176360083193","3.41695694885697","-1.68978591097855","-0.535880671457813","3.52177645111478","-1.424249026127","-0.898610451958595","-4.69757503944627","-3.5951084197205","-7.04063888691389","-2.14905538464807","1.095304815577","5.1528535583753","1.15114599782084","-3.18108283591683","5.82298922455052","-2.69676306555989","3.66407173716456","0.889640654889775","3.31859309608833","1.56740419855841","-5.69380548625485","-1.04274455609173","4.33369970658368","-0.174072239998754","6.6225113441123","3.40015542960351","-1.15582224585435","-7.05705281636596","-4.65672123096512","-9.01801224076201","-4.24928059277359","-0.295277561472638","-5.22659649868989","2.43994073064093","0.00489901688764895","-2.94230602848665","0.837233290438043","3.56872237189932","-6.60455434228781","-9.11927476435131","-0.923584052807182","3.54605495390701","-5.5574416223105","-1.09734580917586","5.34190868409513","-4.78206032614549","-2.22061740663376","1.33479457328425","-8.37529137933287","1.66563943158136","-0.460744489433693","-2.42433174558071","3.3652968365203","-5.18870479260815","2.74500867395753","2.88331833739265","0.698403552934845","-0.742381954247892","-7.47531555670454","4.81904414068336","0.289743803386751","0.704421197400733","-2.98265752027936","-1.47936949184173","6.17932397069654","-1.96905068614865","-9.60589303634506","0.627644258405751"
"Random_Index6_32_0482","-3.00978499602762","2.13014068517087","5.45415702241885","2.97881992942107","4.76593199222298","1.99667387874697","5.04606482304102","-12.7849385631906","-2.78186113915211","-0.192151469591289","-3.5822398588456","-1.00058293213942","-0.53752112658054","6.78478478091563","-1.34092621620245","3.11298416503763","6.02707831109744","-4.69408912804286","0.423586852132466","0.847066086334557","-4.18104021234779","6.59276374119946","-2.04123998185946","0.0239812381879675","2.1771715976984","1.12034580289193","0.354030137382163","-3.62018392357821","-0.391347698719228","-0.892897029824841","-3.80595802112221","-2.94166432153382","-3.92215012263676","-2.93537686677528","3.03488141118119","1.65659780496072","-4.19289663555594","-3.11437344295962","6.83888257401153","0.0972273547673151","3.13765464079998","1.44025831978342","-1.07792351266181","-3.38614258517976","0.0968005200053156","0.893851927049418","4.90237608227458","3.16597754713769","-1.85901161527845","-0.78160615732352","3.4387239767277","-1.15126203603387","-0.589990167899811","-4.39315623888739","-3.42279555470119","-7.10804207816287","-2.12512409358535","1.05948793769538","4.90210243885941","1.08267744259311","-3.16030418487855","5.6976962475511","-2.96309292230626","3.55624210771369","1.17266853279541","3.26809571869317","1.496452005089","-5.64729961137423","-0.895618585848172","4.25468935195126","-0.176973121888221","6.31970272343192","3.11453780773519","-1.11418298492341","-6.83330456127116","-4.34597003236648","-8.97109526579752","-4.07844269380426","-0.489174877122559","-5.15263236832931","2.22013591732682","0.150457123800042","-3.09850495942639","0.719728171853648","3.55972487717303","-6.63937399055369","-9.08308392398887","-0.62599401812218","3.31605725678391","-5.51506989485031","-1.25419362000319","5.35755859252297","-4.87143788312399","-2.32493026248499","1.38819922474018","-8.40759953911207","1.73863805193567","-0.286087907402456","-2.257704158183","3.43316817480552","-4.92753947012767","2.91851111041688","2.67186125146929","0.751134735462944","-0.505279618968125","-7.63840075965334","4.44416075981349","0.284513319275919","0.763109704990468","-2.61944503089462","-1.60193764790662","6.08229894526398","-1.88532470763602","-9.5153097979817","0.712978021106801"
"Random_Index6_32_0483","-3.07826280733031","2.07134493665452","5.57052966529835","3.10893158378608","4.96710001824805","2.07992747642386","5.33157726018241","-12.9266966352041","-2.82901407370456","-0.288077721160717","-3.80873663491563","-1.1887288284434","-0.657833459046689","6.96436828196053","-1.43390914684734","3.19490652722982","6.24438997830976","-4.72022203642368","0.222549308678945","0.974755936850167","-4.41616248996885","6.81727740557466","-2.09365304802613","0.0877214814133844","2.33276242424421","1.24594641413458","0.395691693355063","-3.8492601528574","-0.504641349770925","-1.0310562810758","-3.8348461949435","-2.99114806074362","-4.03405544767293","-2.98559863585437","2.95996208859362","1.81257353043606","-4.31259020733334","-3.18555879742889","6.9830231857654","0.12899753070166","3.42298812705094","1.39308371488313","-1.3163801397464","-3.59157963429219","0.116083586212677","1.05858357783555","5.03959602893408","3.28646434903014","-1.85093210774819","-0.677049292268134","3.51470632575815","-1.28738369021422","-0.68111802011568","-4.48589200034641","-3.51765500757611","-7.23984034183317","-2.09074694095058","0.931609836810266","5.11923943323808","1.2560279602303","-3.23452484150465","5.84248972096261","-2.87998978368385","3.67013246362184","1.1952710158101","3.27956656499231","1.73109079201075","-5.85191469454255","-1.14210868337038","4.40231096599122","0.0716106091371687","6.50178610561329","3.19964830299662","-1.02602288522691","-6.83016548223009","-4.49496918778698","-9.02850443399316","-4.07888288898897","-0.308096020852429","-5.16872028429267","2.36420642014874","0.0963145597376304","-3.11018342797647","0.802291514493851","3.64690556368973","-6.7293763483611","-9.05964636186784","-0.725508533312811","3.53218534096571","-5.5496419846206","-1.10062259702907","5.47553703827125","-5.00962454957825","-2.30820889635353","1.59329642592486","-8.53638279928571","1.80169116573194","-0.431984394413678","-2.21544137222988","3.27680423561742","-5.17180187980344","2.83755800583578","2.81494058690694","0.773755347492251","-0.651060540757198","-7.81578183541317","4.71491578184908","0.178429875509734","0.76881954173917","-2.69889140859838","-1.66706350168765","6.29737051210542","-1.95387436499726","-9.70640396852067","0.834328041511712"
"Random_Index6_32_0484","-3.31578045949742","2.11648120188101","5.55231522029832","3.10315737715287","4.73211324720574","2.38176174609895","5.52556879423635","-13.1400554723919","-2.85954650199622","-0.11686841545617","-3.63762401624114","-1.08574502743336","-0.413380580711026","6.95733982082755","-1.44628174417366","3.01746042111344","6.4409180439707","-4.59345266378154","0.356617846044535","0.71507247817129","-4.71749255537435","6.77540780964657","-1.93602127128245","-0.062639153421926","2.22628999049601","1.14350402766183","0.213375904015632","-3.69632689437713","-0.756964816717671","-0.747222921066097","-3.63048379399778","-3.00445767788249","-4.02085875386612","-3.10108946323595","3.17916257470723","1.71698203009368","-4.27453794493794","-3.14320514831781","6.94151270644691","0.358899184055367","3.33995867502006","1.67434253625031","-1.20336194748078","-3.63040756406175","0.0526453984484908","0.993161717376629","5.20160391186569","3.28176230285308","-1.69811832239586","-0.663379170519335","3.37056567199454","-1.23457035471288","-0.746478859012676","-4.83619879163917","-3.55338947388432","-7.39002579484084","-2.34218934238604","1.25229911677828","5.11997175757185","1.11302739161431","-3.07194980258285","5.89316268044624","-2.64537150743541","3.6888487421633","1.22757074377825","3.43022081198832","1.84307361191214","-5.82244277098061","-1.01721541063959","4.25702555875524","0.0104343130879524","6.61582573207353","3.31985174684176","-0.892071718974373","-6.77939678436574","-4.42699068148929","-9.16815494123252","-4.06942056968501","-0.383987266194291","-5.34045106996128","2.37665361296535","0.351372120500938","-2.85933427944839","0.866881834143142","3.69151230502951","-6.76094441097233","-9.46955563030667","-0.874602203683961","3.65335102914354","-5.82617692795072","-1.17352764018166","5.20541385899533","-5.0598583174627","-2.31104199835933","1.24696190182973","-8.69477732168413","1.36644988812485","-0.176548380333543","-2.22887099807663","3.46592162272198","-4.89755808433298","2.96861187522608","2.80128475958786","0.953241181649857","-0.616595464980904","-7.94085548042754","4.76802338886422","0.539861391491284","0.86181243230012","-2.84332517993508","-1.66254079481531","6.34039834482106","-2.10786455225255","-9.81737644990587","1.22615023692006"
"Random_Index6_32_0485","-3.2714901189598","2.38807730711825","5.73860533001767","3.29405384261627","5.00409853982095","2.00834286868954","5.23059751357923","-12.8573829582006","-2.68144358661307","-0.247140673843031","-3.80853817967036","-1.35105339507858","-0.652233381277257","6.98725548281163","-1.56928152204661","2.88058578877192","6.32272445549127","-4.7185521929149","0.150663064726087","0.738779794319725","-4.39561935156202","7.09659879209","-2.28915341515537","-0.0577917263303965","2.50232168727878","0.894324032833981","0.231990564992871","-3.99777254481587","-0.664067373664164","-1.14833838086927","-3.85551356697224","-3.34315058120839","-4.17556521492529","-2.898787669784","2.885254937648","1.68130989158895","-4.03528652147009","-3.04130118599622","7.10647751911688","-0.0603557894877382","3.39679646619696","1.1263363208944","-1.29426231141114","-3.69631436334735","0.289806558147139","1.02225528702545","5.21809337395789","3.56590808879312","-1.79789852583071","-0.501295258614236","3.73727137083246","-1.50490765770808","-0.940220147726948","-4.65455409940013","-3.67100915685735","-7.09075656112193","-2.13739062649754","0.868539470803701","5.34447384356524","1.29504528450153","-3.06078228093449","6.08601958307438","-2.9151378584527","3.91620870469573","0.891201412356654","3.27007843520765","1.43389177092336","-5.5241945132188","-1.00845659907627","4.41308101179925","-2.49465888146499e-05","6.63523980985118","3.56440204233701","-0.880916993069705","-6.73076600578698","-4.62241276173336","-8.84815496448748","-3.81637361916298","-0.312138724684493","-4.95152991394916","2.63195584224316","-0.02676940864094","-3.01499936726384","1.00968524180672","3.86339266264995","-6.89205356784325","-9.33553916705284","-1.0210121779018","3.6754026809608","-5.72351083526898","-0.945623539051629","5.16848959949578","-4.80184914411697","-2.00572531277997","1.28776579522455","-8.36383488413336","1.52427141731474","-0.475553194999932","-2.33587072383269","3.07577135793645","-5.12028043587643","2.65039840869293","3.07882712181319","0.606765444924567","-0.809041737498823","-7.6833812361454","5.03003554106148","0.134776244245403","1.02811004695649","-2.83960749826953","-1.52191936660393","6.64697214919562","-2.03101808359817","-9.60305722007399","0.868567291285256"
"Random_Index6_32_0486","-3.24670384757748","2.20194880420491","5.54828181134094","3.26736123436876","4.9821028403925","2.12230260050904","5.10723284120802","-12.9051405513291","-2.81173601066357","-0.258956053678062","-3.70240980223632","-1.15304232139893","-0.56166788084747","7.02621029622795","-1.37562351012973","3.00420745024522","6.47908963663047","-4.68797838395197","0.26490322843736","0.850457092087076","-4.45693762604358","6.97292210547255","-2.02869678190078","0.0725032458618581","2.36503877386716","1.12626521525021","0.195556959090474","-3.7911457699398","-0.559626844711295","-1.07087995700357","-3.91535530304471","-3.13210791098429","-4.02464772791812","-2.93491474213714","3.21698893327333","1.73620149691644","-4.11663690209698","-3.25807514230865","7.0814396653428","0.0480279345334581","3.43498848673957","1.37083853220565","-1.25695650399739","-3.62728060504435","0.185555195631528","0.934426864663428","5.19549487817291","3.34340689460331","-1.90844959030983","-0.513333824341435","3.5739739797829","-1.37108736786557","-0.840820499475291","-4.59142993843069","-3.6960721887556","-7.15313200862918","-2.08029259647014","1.269991737023","5.09842829285111","1.19439802063559","-3.14509108574948","5.91216272129293","-2.85942859287365","3.80334585514843","1.10006652434682","3.52438450332706","1.57193936235321","-5.78271712496843","-0.988600123446098","4.53621852173812","-0.154974995300327","6.6540658242794","3.27406842877079","-1.05995383349513","-6.73618795640098","-4.54980432209897","-9.04538161190771","-4.11287812243774","-0.469345928004913","-5.24662192248391","2.61079096021285","0.330094783111194","-2.98857195522568","0.788067613196958","3.75527886205205","-6.70696011078347","-9.21586598308429","-1.16461536698285","3.54761681215439","-5.62905643350422","-1.18046370203531","5.26208989325005","-4.82895628729377","-2.30528060446369","1.36699944598836","-8.34867122178171","1.60809861435325","-0.355905758126052","-2.3730684722225","3.59371297359191","-5.07995920720395","3.08453801013002","2.86721080862046","0.847622500962897","-0.86228822911242","-7.55443807316564","4.66186510367117","0.396231195114701","0.651192257470024","-2.85786261139815","-1.52292534566849","6.26835278430925","-1.84932762436666","-9.69598859686183","0.991639699227171"
"Random_Index6_32_0487","-3.41417066438655","2.44022728465006","5.845483618784","3.48922747987463","5.03936679255377","2.02430513920625","5.24359136871213","-13.1796827506342","-2.8448498863608","-0.579484131104257","-4.07385280115675","-1.5884605778293","-1.01661734226113","6.90392859774649","-1.64717163612722","2.95943566240927","6.35740414868988","-4.63453114115541","-0.165638261366976","0.79065839942151","-4.33112498400385","7.0499550657319","-2.36611539862421","0.0935008083391805","2.80361559292546","0.920388772489687","0.223186518579246","-4.03578543123906","-0.482616228622355","-1.46571580320594","-3.91820342512511","-3.51538883342641","-4.32971109799984","-2.9179582552948","3.08044175145342","1.52533229126419","-3.89618056304488","-2.89070765782434","7.12869250695054","-0.167871225861995","3.65151291510798","1.00036110546704","-1.40812660601814","-3.85267562283091","0.420186713903652","1.23717284140802","5.35654624459661","3.77036263827466","-1.99373340448286","-0.133772841957666","3.66535977139539","-1.70904667432693","-1.13434181191533","-4.44725540402177","-3.94047587131989","-7.23686382652212","-2.19080325539262","1.16448859184387","5.38284878309982","1.41522980963689","-2.94840546469628","6.11928901436771","-2.72190298808881","4.05792206857892","0.711774387978778","3.35784471223619","1.30695739685479","-5.87427993290403","-1.24580322454291","4.59102448084734","-0.165722518327065","6.60676985601084","3.49091369483568","-1.07604559487022","-6.55254769917054","-4.8402482789851","-8.70010613326148","-3.8330345045786","-0.476724155804577","-4.93995668525879","2.84170422762865","0.0181338392086978","-2.90926141577345","1.13410617172783","3.82280611890053","-6.74216456433703","-9.50362369841338","-1.04711351450367","3.80992111434544","-5.50699853818517","-0.704188835803833","5.25981047561786","-4.71157054788914","-2.06608932701022","1.44134780559679","-8.42817823723396","1.64128048610921","-0.523812994096009","-2.36891219753001","3.35071931100024","-5.14540789031076","2.96006260787895","3.13509511305903","0.649967364973155","-0.701072893264566","-7.53726164770383","5.00718618773119","0.0481557423787757","0.940060337710485","-2.91779278967634","-1.37752245131802","6.66378244449816","-1.95180302728518","-9.69619173598674","0.794195836239527"
"Random_Index6_32_0488","-2.83919415166828","1.99837748701704","5.43156488124919","3.09424930638658","4.6822261559688","2.21912460655742","5.14435255691083","-12.9034695485534","-2.79632187740065","-0.178749750016998","-3.49315337466356","-1.03688956517597","-0.571437221264211","6.91476568991804","-1.29889003197857","3.21225938209841","6.16973391257807","-4.65681315245083","0.531762179506525","1.08782280652646","-4.44093215532669","6.83042641947394","-1.87815225105206","0.0396701325666603","2.14217490527063","1.23690041184226","0.518251978558973","-3.59542909785284","-0.605478026562887","-0.917229614104346","-3.80619198526101","-2.917414787587","-4.04214696819577","-3.08559809502136","2.93853549707882","1.86307589935676","-4.27846118536245","-3.27972212037683","7.00422749365396","0.236092304404561","3.32522842437383","1.61772364120617","-1.09825822180418","-3.28455628967043","0.0548388396611934","0.963104839089613","5.03821080638811","3.39594808008592","-1.79146533047957","-0.817624953790609","3.40003719893717","-1.17675797630277","-0.647179549086184","-4.33139766363694","-3.51271679287772","-7.1659678173249","-2.28982025245409","0.910323173996878","5.03929798677073","1.30683326559878","-3.05608452228019","5.68133865513894","-3.00941065742852","3.46475968711166","1.2651123145235","3.25699208855788","1.80077939915205","-5.83838617542521","-0.826848460320198","4.40905312998118","-0.0732754168555109","6.46207386646261","3.12486639683498","-1.13278569566509","-6.86213933225521","-4.36031478213859","-9.07141553509811","-4.39139513451547","-0.312601603680588","-5.25498477309471","2.25746517970565","0.284566864679951","-3.1023543815356","0.887690396716702","3.61290822914891","-6.74603386771317","-8.9321427183085","-0.635200219557902","3.40883099377403","-5.34605869803115","-1.26012010487781","5.39622475254695","-4.87865391766909","-2.2984475861344","1.47805003665441","-8.55568945953321","1.70127251081149","-0.290707790682658","-2.31090862455245","3.35699893683506","-5.10730461442629","2.90207783174436","2.69788460528678","0.937607887836398","-0.490969709084721","-7.70048935723179","4.61646339411919","0.440458910934364","0.512505567985278","-2.76292563471028","-1.83750499668319","6.10510786804708","-1.89140162927204","-9.58064473548451","0.871269455636201"
"Random_Index6_32_0489","-3.12249713860704","2.45722970774052","5.91762132715321","3.56840845010906","5.01730282432026","2.05736614928476","5.30113362110226","-12.7419896795101","-3.13840290819219","-0.554060934754328","-3.98707378244129","-1.52960202459318","-0.976460074755089","7.19211387450971","-1.60350133122808","3.21518672109215","6.37118081107723","-4.6319194643383","0.0291831897961872","1.03238402526836","-4.44779964470621","6.98465752276241","-2.2319411333237","0.324814584531708","2.59739992420085","0.832769111343128","0.483816483403563","-4.05670573947715","-0.457434122412839","-1.28408187341117","-4.17053398266025","-3.54608945251624","-4.27643612858706","-2.88730379620366","2.98946194653569","1.57014376646453","-4.37268207698315","-3.1518183954084","7.15771032038418","-0.14728515571527","3.61683299086744","1.13566651313348","-1.53912241681212","-3.87141881567579","0.383871803024927","0.941151338775848","5.32683080518768","3.47152774230833","-2.05260814220059","-0.487964680877293","3.76141491286287","-1.57491296216185","-1.22631100153908","-4.50149349926384","-3.95494960222722","-7.40592420218867","-2.29938202943767","0.973910334940374","5.51379019320529","1.23523746320796","-3.47386048754081","6.18097100198881","-2.91333487946115","4.06951991662599","0.885890601625816","3.25193993657346","1.526881804996","-6.13757341926539","-1.23480060889934","4.74968703845783","-0.257980832793446","6.73985694388559","3.45252830066341","-0.899819849502229","-6.95457427684559","-4.81380247858146","-8.89954856304206","-4.07212515387","-0.722060521342518","-5.14421460326261","2.65347465302384","0.181616882809171","-3.01081682390326","1.09471339015647","4.00351287355631","-6.86156554182703","-9.29578319019096","-1.23812730242332","3.60775478569439","-5.42418608769928","-0.900647394058055","5.55317840185452","-4.83666459869796","-2.01370923562842","1.58999506281293","-8.72494320237883","1.96919474617242","-0.66476110839876","-2.3046890307939","3.36271114117328","-5.37262341251839","2.89784758376441","3.21953402875406","0.817557742745512","-1.06196956541144","-7.72600841856858","4.90397033958677","0.25381577943583","1.03522574750269","-2.97817648513134","-1.46067728815822","6.46698841712656","-2.24921113186081","-9.77795393141562","0.821526617987693"
"Random_Index6_32_0490","-3.08589067079231","2.17654302629121","5.52632980342287","3.05655940111032","4.85456844798119","2.13143752543874","5.14567278984546","-12.8519026835212","-2.73525296896599","-0.237849040446055","-3.59876960979356","-0.997464486402112","-0.414376212038375","6.79998242870652","-1.31197364426246","2.88756846260515","6.14366063418255","-4.79349778884353","0.404673903729063","0.801855191521707","-4.29001792514362","6.69935529251125","-1.91984034574487","-0.060453138897833","2.26958091695136","1.1649914910507","0.296230253530564","-3.73371349606861","-0.6225176257004","-0.917954887587183","-3.85949281200183","-3.04890785541038","-3.93516259699572","-3.010792607556","3.04134666438922","1.57887703633497","-4.16471275923367","-3.18701327844889","6.70667090289714","0.0863446644764107","3.22672431249467","1.45380633201539","-1.31131003544002","-3.5597149428276","0.0959365480772055","0.784218215550797","5.00589274365787","3.18365183570904","-1.99217420545204","-0.596493482184466","3.37924174813593","-1.2726262444028","-0.706625421708431","-4.52026872826303","-3.5645690806752","-7.05831414520079","-2.16383394673871","1.11497439519259","5.02354512895715","1.21019377258037","-3.16844311566535","5.71532961348114","-2.79323983926167","3.72474945866779","1.13904325011568","3.29624130917736","1.65184006448029","-5.70456764707438","-1.00883420645979","4.20932223601615","-0.253100821309974","6.50210110979323","3.18746897061125","-1.20182568225108","-6.90387984040543","-4.35334973544785","-9.08652212674581","-3.98034146739506","-0.368697153112473","-5.19991562520285","2.40481793576693","0.276249221728623","-2.99170916245257","0.468097660070794","3.54928714837689","-6.59941380090528","-8.97410216928154","-0.643447188900951","3.42226510482338","-5.72331545538554","-1.11943746639269","5.31153855541326","-4.94596576937991","-2.40083406385628","1.28386424971783","-8.62304969835524","1.65921994871045","-0.253391234870981","-2.21728407287115","3.42505096109941","-4.95025584904891","2.88691427286035","2.78501497407681","0.796587940695466","-0.813381914050214","-7.59133072168718","4.60260337997505","0.369010121212179","0.776386933225014","-2.77393102981678","-1.67585577937946","6.27930084035887","-1.85305735234473","-9.63562596304059","0.866795858910588"
"Random_Index6_32_0491","-3.32313096157058","2.34559871984294","5.54014752985804","3.16736069182842","4.75851322643958","1.9935130586634","5.19250696115419","-12.8398122981997","-2.71104207053086","-0.393078476502999","-3.84983505418765","-1.36518524777042","-0.620162977575161","6.85300911718365","-1.51549011064607","2.94156394227714","6.29236117113288","-4.50601442753051","0.239131437538735","0.801324541615118","-4.10510619068639","6.7493727100081","-2.2470456449266","0.0211086897250399","2.44310407160411","1.12033162929077","0.35402078375492","-4.03965924335257","-0.510525123219916","-1.26497735207184","-3.93056231071668","-3.20055315620684","-4.1324705339458","-2.74304070083133","2.96263413937147","1.63006896630374","-3.93589527342881","-3.17144163118164","6.8695216718878","-0.111994475606611","3.42914339297662","1.20276166494334","-1.47801314958789","-3.69790692068169","0.139966635897277","0.988915867765341","5.15418535094798","3.45971515868387","-1.5550800349452","-0.583700286326305","3.53141316466519","-1.55421611516885","-0.917363340229833","-4.5007827001603","-3.54747685305642","-6.88274465017128","-2.02293381475221","0.936892611669212","5.1721700306948","1.40039272015475","-3.17531739137771","5.94003244725733","-3.05880030919236","3.67444173628268","0.892392479654087","3.31807772807983","1.56550776688637","-5.6747776034399","-1.41879443460651","4.33459340191131","-0.0947538952700644","6.55899598574522","3.34149232166325","-0.964829528886468","-6.59880807172275","-4.3541880822757","-8.84416705705646","-3.83881402559984","-0.351901734785416","-5.11545920263971","2.50187817906601","0.0144725524336698","-3.16264716917309","0.820216801911297","3.65968946773735","-6.51827578218859","-9.10470229036403","-1.04178747920177","3.7465072629875","-5.31283545159824","-1.17558076359245","5.1203444515476","-4.85075960491331","-2.36373206055434","1.4342187244201","-8.4374460111063","1.53842822398704","-0.355050950776859","-2.25589329574338","3.1580016938053","-5.22578708407136","2.86654844588938","2.86088128126622","0.700136244386755","-0.66977428403779","-7.39109791773741","4.81432010979291","0.227423596840508","1.08535224251336","-2.9491545346003","-1.40785130743237","6.30785103587192","-1.72877624928307","-9.74310637896982","0.689117193231071"
"Random_Index6_32_0492","-3.16017183288513","2.14678330924687","5.41345338558703","3.04807349599069","4.88066845184877","2.02593398599976","4.90672326450925","-12.7566520004403","-2.99188030506044","-0.254315403297627","-3.66780373209565","-1.06534461526687","-0.508716556701073","6.93230528603701","-1.38405694516348","3.09065676464971","6.18863577098019","-4.91136019793888","0.323572195320768","0.863431750696604","-4.45757302598008","6.85858619395565","-2.01228266470084","0.0481582716608497","2.24033516961512","1.24095215182471","0.451027293236089","-3.64563199296719","-0.588187835887345","-0.993505170531743","-3.85771610787777","-2.91080670785047","-3.93687996362618","-2.93756272568845","3.0461764732212","1.70669312914348","-4.19878007704823","-3.26144747946378","6.83390038204029","0.00439819810602883","3.25131110737921","1.37861549701967","-1.10616959058974","-3.64134587019873","0.107808014755471","0.996563642685896","5.11469044951008","3.17171681174138","-1.94937427722745","-0.642317192713352","3.47775606078587","-1.16641435191461","-0.645000188438316","-4.3712526159058","-3.46417487559777","-7.0551889621282","-2.07250978178514","1.13235221245131","5.00517707927169","1.0470633261203","-3.13264572132085","5.81940402366037","-2.73384603191517","3.65716373732817","1.02988417460685","3.36588902888746","1.60745804048204","-5.68352904011697","-1.07264377046529","4.39047993398389","-0.132341082593436","6.5169386545593","3.19803707229904","-1.07221182516158","-6.84445138144657","-4.38505691565242","-8.92285184589762","-3.94159599185985","-0.534222435975412","-5.2350978490882","2.33518697565476","0.168006558527397","-3.04098716456798","0.683031909407138","3.71530773837892","-6.64366318810771","-9.13200393521342","-0.762409924875927","3.45397170603199","-5.76833519683238","-1.20424841616146","5.39655439301024","-5.00932708673233","-2.34654188981822","1.49166472476591","-8.45531128719967","1.76818868055413","-0.457413626803718","-2.12588228131967","3.45652433496138","-5.01735345291227","2.81808804713006","2.7986956937795","0.739821405742011","-0.764546885753149","-7.60343683283354","4.6625619057586","0.283245205594223","0.779772783818952","-2.69687040153922","-1.5760273539582","6.18501865235732","-2.01852393546449","-9.50965798858408","0.771003543641346"
"Random_Index6_32_0493","-3.0834122085685","2.00235693880698","5.52336462094468","3.24123577371367","4.944722898023","2.03256062408867","5.02934448616511","-12.9409408221089","-2.96703828771118","-0.3080899694567","-3.68250001607899","-0.959967186363015","-0.67223252772183","6.92708737012804","-1.3115445526326","3.24122935151561","6.33928874682837","-4.67670024325469","0.282929959366939","0.903030924050879","-4.35176853007666","6.89173643466774","-1.97175622217877","0.253231741969519","2.2982451319918","1.46630612338513","0.61007657504682","-3.72282091945693","-0.323897102423458","-0.858830312222592","-4.03655837473564","-3.27928290745506","-4.12414720063522","-3.2106775631432","2.95400421954035","1.84474151116669","-4.71105991284329","-3.29867090905337","7.12420798351882","0.12252003505945","3.28230517863901","1.46659152728445","-1.19616802815992","-3.52988317853614","0.191558296968429","0.988873543025035","5.24489752548829","3.33865903025407","-2.15599086552503","-0.549206516662712","3.59497555784047","-1.25943599908196","-0.710116022993895","-4.32794992001131","-3.68702880622681","-7.24038324882878","-2.10801932894422","1.00548115881095","5.03638415363115","1.23260571533982","-3.28091587331149","5.89503899720314","-2.94471111490937","3.63118376302153","1.22851781986377","3.23446114282951","1.48000228832036","-5.63133666051834","-0.79972247428841","4.49230917213654","-0.228173368159023","6.72696865969266","3.16039153178956","-0.963129346569403","-7.16822900904845","-4.49508655313227","-9.17273161946957","-3.97510628816601","-0.420775797702258","-5.23844931641081","2.31194269170127","0.075648224131463","-3.202385896278","0.97032662138","3.80241350928564","-6.67461994503599","-9.13379252818459","-0.72441978943812","3.37987367910366","-5.54440261092161","-1.13233416130047","5.29045139605639","-5.42510191110553","-2.1838264041156","1.36199162184846","-8.36487798177626","1.81251155864161","-0.433051443490814","-2.17077952673452","3.35774399425887","-5.16875239468142","2.71469057142128","2.86863361675486","0.900060270597781","-0.704887208626793","-7.46201478728747","4.76600912539302","0.292467922009933","0.705508304616439","-2.52040332864366","-1.87355623706255","6.22348674797676","-1.8679875388104","-9.49273068756188","0.706530564923144"
"Random_Index6_32_0494","-2.94881348231542","2.23596572312091","5.67029123292203","3.140100227235","4.81452927746497","2.02714594106481","5.20579674968657","-12.879949619947","-2.77052064585918","-0.304612174201917","-3.7525268756755","-1.30791185434288","-0.778202830091894","6.8623526536701","-1.52178133036652","3.03244840218937","6.34447017072218","-4.65703399156935","0.157602234782933","0.858336390760724","-4.19557501508142","6.84519960319044","-2.04718693771246","0.10050064578988","2.36224718643638","1.05338917849811","0.403426177055109","-3.91443103738053","-0.544235518815952","-1.14486514086487","-3.963855446396","-3.12996760821361","-4.00871881784602","-3.02557245004445","3.04183733714088","1.61211804981737","-4.32687428628904","-3.01099810456959","6.92244331478664","-0.0730148943099159","3.42675125952123","1.34528803749649","-1.14062394143342","-3.58388407815402","0.165769012017789","0.897691113383651","5.12535982699214","3.41593221626587","-1.90978471008678","-0.464849886630715","3.47272944161712","-1.45964770020844","-0.735472521572595","-4.47454348404859","-3.51180920241414","-7.02411658901835","-1.97474290061176","1.145170166327","5.18678980022207","1.28297764276031","-3.18922216082138","5.90329794164709","-2.83212741945907","3.66323169232119","1.05600141836446","3.36869067404142","1.55592943824286","-5.82292238854781","-1.14285713260487","4.34324414279854","-0.0458023655978968","6.55196852796593","3.20870252173358","-1.16363135472605","-6.68832786377922","-4.48446695241024","-8.99319474768053","-3.8806785181528","-0.360487334118187","-5.01177712338266","2.46708834578805","0.263007912569151","-3.10946561993316","0.825241991559663","3.77754816849567","-6.66167418818444","-9.19664014414222","-0.835343597915847","3.57636254120328","-5.38659566303543","-1.11301982950318","5.35808561955839","-4.9169839482713","-2.2089540938598","1.451133585206","-8.3887078770066","1.57019514448161","-0.419299407449725","-2.31439185164618","3.39315098924514","-5.02571763673076","2.85242171996685","2.93190040965495","0.680768309360517","-0.737706301750397","-7.36213781197089","4.73127304455511","0.0849263180711285","0.733847962767782","-2.78261709525991","-1.65116524309851","6.27554604217612","-1.96495206094639","-9.67245654405727","0.916744282204227"
"Random_Index6_32_0495","-2.9996337617072","2.07055001306774","5.5914369389859","3.07117974608698","4.79420005836906","2.13545580743415","5.00664458941818","-12.8693919430919","-2.72741363942162","-0.12602553514888","-3.59368071261428","-1.01206330863496","-0.507676431764158","6.72252418326362","-1.26279630914561","2.96109031825741","6.23055728641625","-4.64043072453213","0.38743466040607","0.732198208030227","-4.44374816399167","6.61981967871866","-1.85232588032132","0.0338912845727273","2.2258272719223","1.00150883282936","0.287043852011217","-3.56429643679603","-0.811788709420109","-0.858032407668099","-3.78566085997038","-3.10334919350362","-4.00945708848697","-3.08342858866418","3.26300313621386","1.52955248112464","-4.2648626205253","-3.10648330138827","6.795900489557","0.110982540126172","3.12112321216173","1.5057945777578","-1.23764350169443","-3.42483932600182","-0.117356741620502","0.850777848878673","4.93213004678293","3.17099406394743","-1.80779650151299","-0.546340921344556","3.34110898415175","-1.27702063470233","-0.77650398067413","-4.47528825037714","-3.55705474293959","-6.96001661825179","-2.47950817197165","1.32386488358536","4.91845948455133","1.03953340971223","-3.27748028512243","5.63046198967746","-2.84545105452976","3.51802173803243","1.11454004752328","3.36497464380081","1.55068000770296","-5.65159814892848","-1.03641331443406","4.2405067946861","-0.301257873667271","6.43306567903318","2.99760757068956","-1.16606816183426","-6.76915116330982","-4.37016001317431","-8.94507291918474","-4.02474368968901","-0.339691440752219","-5.09449200669468","2.33431319866326","0.242404593958832","-2.96809831645437","0.720739620769344","3.55079076939873","-6.54215938120091","-9.18452395261583","-0.846945347762966","3.24620335108647","-5.73210596406335","-1.18514057960492","5.25730060945768","-5.09052739492134","-2.31582263171997","1.30805286106218","-8.39256325283638","1.62655296099272","-0.26284081322277","-2.35322402782423","3.61755482168731","-4.83079850510447","3.02767472421848","2.67326487375815","0.814570375102052","-0.634348197844482","-7.46398023819228","4.49048997603701","0.367158363915211","0.641829320446256","-2.72946151795978","-1.76665324302113","6.15371855664064","-1.98614970936086","-9.53037650498932","0.958561436888297"
"Random_Index6_32_0496","-3.04180409454263","2.18637063115408","5.37189372057133","2.89269504519505","4.85439010215351","2.07885536921046","4.99393093728951","-12.6991874678146","-2.97307232892438","-0.234860071477713","-3.57805412956735","-1.0627589835815","-0.478461284152122","6.93003148437314","-1.42529632014574","3.04184645405324","6.1000068232064","-4.61395144993525","0.434285077388","0.91195696144177","-4.5266602537685","6.78436397651415","-1.96563442404497","0.127122402055252","2.01048502201849","1.20877752070244","0.342802022810502","-3.59534503651973","-0.438743438608165","-0.945414193892335","-3.85903727847666","-2.97889318167965","-3.95067593279522","-3.028024767846","3.08520216241572","1.70734120176084","-4.2933347735911","-3.37596328769316","6.80359649367804","0.0722102669353887","3.32907656156779","1.45434273481982","-1.14725533692157","-3.60873457415648","0.004175509644095","0.890403915348055","5.16203681119645","3.13566312433777","-1.9440107989908","-0.715958958290975","3.43405953150365","-1.15751142955444","-0.587441960258762","-4.53169008835896","-3.40281835701309","-7.22235620892566","-2.00093912782935","1.15767554196994","4.97805256402197","1.07099073413663","-3.08345533388787","5.6138989335814","-2.78966243856781","3.64448852810608","1.06026424708253","3.33964737438708","1.76749476202618","-5.6752043944118","-0.963314341928178","4.30451241575283","0.0750027955729851","6.50770875172649","3.2580967237992","-1.06083249878022","-6.87468656620251","-4.5187269106905","-8.93734612938647","-4.10168679973653","-0.457178377012493","-5.25780775241671","2.43200369118981","0.190150875604109","-2.96668696992151","0.687416441688901","3.71586194291204","-6.47796309711263","-8.94652540812106","-0.662859318133596","3.40261042419468","-5.85147116544737","-1.16060337533719","5.3354194965585","-4.94460687415894","-2.32570277023981","1.43490188492555","-8.37373788613951","1.80245808006365","-0.425930343442567","-2.16007558803354","3.53701326333017","-4.87741843379427","2.81609957098646","2.72198928309291","0.77145941785824","-0.867999463686501","-7.65019947681727","4.54981336550187","0.263123845373505","0.651682634802","-2.82847296176486","-1.70543513342879","6.09903084421448","-1.94981037201885","-9.44002499291943","0.77273537219078"
"Random_Index6_32_0497","-3.02553919954499","2.08377145049027","5.45413187015944","2.97655814129938","4.92705339805985","1.93066251398767","5.1475521623575","-12.8378457951787","-3.11054437156139","-0.201414938606548","-3.73386564976601","-1.03038934483323","-0.449072382146863","6.93853108024974","-1.39327199137587","3.27582750610755","6.07703911480642","-5.02438406666436","0.346906317940052","1.17488764335491","-4.26238037020894","6.79281410334803","-2.05562659521803","0.148907202407332","2.18891122466485","1.37153654871441","0.459508455687519","-3.74721488157577","-0.690107199579606","-0.9343358745346","-4.13198136216495","-3.00894400089912","-4.16851338984783","-3.2377495144174","2.8540203601745","1.96599569278299","-4.44018883132851","-3.19232572448245","6.85233086382235","-0.0991668411647083","3.29484568736027","1.46603523196698","-1.29966798537042","-3.68303294752103","0.280893486329452","0.816532527288487","5.08484910620622","2.9676531444681","-1.87787011115876","-0.759120651406407","3.63409546063101","-1.13637989477984","-0.606128686464472","-4.20963600652074","-3.31329247598409","-7.04905037547543","-2.03273576369323","1.02877991896824","4.92753585809258","0.878706795971258","-3.3670760020329","5.79732622172107","-3.05637094533855","3.57935739648436","1.30554717840881","3.19286330256416","1.6327783507741","-5.89195955126578","-0.880555404251649","4.36929922903533","-0.00878732648402025","6.54600425494136","3.01935684622434","-1.14470784847863","-6.9002320803276","-4.33392961271043","-9.06613733311647","-4.18264132608521","-0.493916816376567","-5.29023664174131","2.33584068462884","0.264557868716666","-3.24340825113401","0.669526584073187","3.68949681362424","-6.67957647074671","-9.1420665563818","-0.618548020166016","3.41132137245336","-5.82631854276261","-1.30091050525834","5.55397570301848","-5.05614421853858","-2.50965977039263","1.5113891802651","-8.54421902857193","1.77875319849546","-0.521271239841811","-2.28740785080031","3.37556466030582","-5.09639874496576","2.71727786949703","2.75368423507925","0.732800775012369","-1.02499389150629","-7.52329773774811","4.48808178377607","0.285853091262345","0.649752577142712","-2.78442831751464","-1.68333971146848","6.01367602923036","-1.90087035814921","-9.60592764401575","0.793223702798607"
"Random_Index6_32_0498","-2.94043000981887","1.96305446078813","5.47328843083206","2.85700849580982","4.75240130125264","2.08228491588457","5.24550449233082","-12.8213937021494","-2.71117966959242","-0.133301133460454","-3.59183907183254","-1.04872338405738","-0.471988713029238","6.82772211648221","-1.2326933250637","3.06212235064505","6.08456652223375","-4.66458023911041","0.404148573873189","0.941538266353174","-4.2474436460984","6.74275117322328","-1.91963444028982","0.207094660427286","2.15305497214548","1.39181063892148","0.425609619707776","-3.67270578079231","-0.542834700347301","-0.901379682784931","-3.88991777388888","-2.9984992374509","-3.85457773527181","-3.11507908323341","3.13740203235287","1.85343160865765","-4.27335483612194","-3.14233739521931","6.73120239176743","0.133177141721104","3.24191712963179","1.51652162134194","-1.18829659646472","-3.45757904413311","-0.0350001864913079","0.901925327202572","4.93110685842054","3.11855150589499","-1.72964221495547","-0.790058363119427","3.51117480092966","-1.16392198534796","-0.520332007700071","-4.32890690697908","-3.33477629116111","-6.93405103038871","-2.00134456400245","1.10883194036047","4.93904439557775","1.171178238559","-3.15152297646678","5.79659161021128","-2.79347028695737","3.61961047503642","1.25730980498063","3.15661318791944","1.79845208906524","-5.6891124133921","-1.09945392559869","4.34727932648453","-0.0210249344497253","6.44237323674292","3.12531192173805","-1.2064615585687","-6.7631302367438","-4.34961499840062","-9.01426976669828","-3.99227397338801","-0.339476355838918","-5.18172818505048","2.19641441166594","0.427001598664303","-3.0359822367379","0.6806177254993","3.70614677361563","-6.61362150947842","-9.00220030900871","-0.584789863894306","3.33245232712529","-5.45910960645135","-1.33300131895128","5.29905124788074","-5.23381973778884","-2.42323534566598","1.40497342208289","-8.50401209403254","1.6528344972796","-0.288022001698348","-2.18260720974245","3.53488393877971","-5.05379129675712","2.71153368667285","2.72666058273321","0.824783890284142","-0.604826554859861","-7.50174465482911","4.50916304805098","0.361026351743557","0.858784410975048","-2.64493760639581","-1.82284395752359","6.04094725243565","-1.90563587941874","-9.56618331180116","0.970288482464743"
"Random_Index6_32_0499","-3.37004392721613","2.48623401044176","5.96400181119248","3.2806879222962","5.29219232598707","1.78668038866481","5.15013370844441","-12.846430840919","-2.99689972854735","-0.434818995477871","-4.08964828791347","-1.39975165014893","-0.675528580082629","7.10634799297672","-1.66400342765762","3.08015433407464","6.40196453408407","-4.91702194064517","0.0914354444528839","1.17894172577389","-4.2144408951167","7.12950579216723","-2.38579267328467","0.346639855519758","2.61568242691625","0.975092934537314","0.517635017486743","-3.96021368427864","-0.108502119979546","-1.27374552475906","-4.09604811452037","-3.4287204020418","-4.26251514918861","-2.85653288785753","3.12717526264498","1.63826757129999","-4.09582974174922","-3.07565077769473","7.15807624210677","-0.203702030210118","3.48671972527288","1.10106687177369","-1.46980651690379","-3.98636665188238","0.552336875812315","1.04610246789747","5.47698150847224","3.47304491103664","-2.11430108706079","-0.410799582326214","3.99414799412103","-1.46952631495016","-0.969752670335316","-4.6231613141519","-3.6043591550683","-7.14888507407529","-2.00778669003609","1.15344496284592","5.47078612588976","1.26194324622178","-3.43670857489092","6.36821306931676","-3.10077363260595","4.09540067776664","0.807717892938777","3.45760705700984","1.56029358826274","-5.98423152947348","-1.1474189909592","4.66052262299928","0.182658344219381","6.9532494933236","3.52215307119839","-1.24463551645517","-6.94010642193721","-4.55503109725986","-8.94997863922619","-3.9833678037344","-0.741500580769236","-5.10801818307065","2.59812081219431","-0.0438216737540871","-3.24729114453517","1.07216989744892","3.98687404250396","-6.92391783610962","-9.21944539225023","-1.05614251970734","3.84295514955019","-5.6166188228031","-0.964872375579754","5.57783443885465","-4.67466705597703","-1.94902962276885","1.70121057602936","-8.42914787674929","1.97444750647212","-0.71092089120131","-2.21036617798939","3.54959981281379","-5.27059931030569","2.95078514402607","3.04297735585098","0.506049773926675","-0.975715264577299","-7.40926524643384","5.02473576633202","0.0398599842890255","1.10339652203659","-3.22624297820729","-1.24358582836326","6.45634410561382","-2.07577513973223","-9.8402212544114","0.603960934326763"
"Random_Index6_32_0500","-3.09919122391392","2.28554420080857","5.72908408363072","3.27934575768453","4.99494354034292","2.04156709744445","5.06344686111045","-12.9381723541905","-2.952107117516","-0.429589274860906","-3.74803307486066","-1.27695470116098","-0.707895895173403","7.22062795745914","-1.44382869945931","3.25831793716555","6.28427735366069","-4.76255448686419","0.211479997387172","1.05120534889138","-4.13019406386626","7.16037797849185","-1.94547851481947","0.286284031838625","2.24811413518638","1.05541500297621","0.476859893362653","-3.72231370200666","-0.443198806547844","-1.09415430405044","-3.98570774813598","-3.24282640098141","-4.07179420528809","-3.08699462076263","3.02465216519138","1.69903404330386","-4.45475379229052","-3.16866938600046","7.33773516761398","0.072930428421368","3.61345226604005","1.43584959446853","-1.27054209894634","-3.56028183145525","0.205337981583444","1.07353786330544","5.24124798270056","3.54164163613897","-1.93467716218347","-0.580054004804514","3.73872063690643","-1.37440941787961","-0.79132036676559","-4.39948589433734","-3.73941360204338","-7.31379921539777","-2.04803477390021","1.0323470292186","5.44798060823784","1.26334924381944","-3.42012607512927","6.02784768064937","-2.99321434747063","3.89360117061315","1.09591224727598","3.27418616721528","1.42287283580178","-5.92429732862723","-1.11524977505425","4.60392507353232","-0.0526134417055279","6.65339563323804","3.26659830638359","-1.11216918017158","-6.89491886515496","-4.53217185927984","-9.00132621968808","-3.96943350506939","-0.517156563381544","-5.25295039534956","2.41592540994559","0.192315056393504","-3.11542861825527","1.00744583046796","3.93995265062969","-6.84361550701553","-9.26240402564758","-0.841970126531691","3.77248517076177","-5.48424601197637","-1.16970000354257","5.53167007519859","-5.00591036979279","-2.29427038445951","1.54834279578526","-8.63352191935898","1.71558779437292","-0.507851691485107","-2.21964303697741","3.37633372924666","-5.07906556008094","2.9091372764102","3.0584305325996","0.789778009148942","-0.700488790220162","-7.55252644499221","4.73738521892611","0.227177799945708","0.804676042284699","-2.78353413535379","-1.66010025154118","6.36708497403516","-2.07462954354938","-9.66713775897018","0.896653190550993"
"Random_Index6_32_0501","-3.1557037239352","2.19412029647517","5.58178102069049","3.11934048041561","4.83742900189653","2.16764125085714","5.04708288397255","-12.890549616465","-2.77044652440532","-0.168657277295621","-3.60391683440034","-1.08199593748303","-0.51568646345715","6.85666122740291","-1.32476682197519","2.8077844374006","6.30136148359816","-4.54366094221663","0.211285421253371","0.60954779265236","-4.3580404578583","6.83470183572999","-2.08295593918928","-0.0666789967807925","2.21868072199159","1.02514427735769","0.230023690205884","-3.68403162565664","-0.705684150607377","-0.885429434121716","-3.67326246264088","-2.97847747488498","-4.05278639119452","-2.9563286663377","3.23905064059899","1.47059765913663","-4.20861009183296","-2.99234764986084","6.93270882801327","0.0087903605736735","3.22841779267215","1.42035573257305","-1.20065893048803","-3.42841886439357","0.0904175231145761","1.03001258584737","5.10917100738635","3.43368887545627","-1.98949415242847","-0.47277092307762","3.49429510231764","-1.27797360540761","-0.638268435509616","-4.75697182149445","-3.51429575259488","-6.9823724244543","-2.293427750173","1.28787428742128","5.06046402747331","1.03467922842954","-3.0555693835208","5.81081471114891","-2.68893235018242","3.70263539589241","1.03482877437798","3.46471050222541","1.55607217283162","-5.64934490764963","-1.13944930140154","4.39532177080161","-0.285140979877678","6.62376881066161","3.40949756161629","-1.10559819271083","-6.75897576722381","-4.66737778895798","-9.17997069342519","-3.89790387020977","-0.21502265808227","-5.25830430840225","2.47900270323883","0.132375223225726","-2.97195720950607","0.764315970978088","3.68034266420112","-6.56473590873601","-9.08174960533529","-0.686710697722809","3.49256697498708","-5.67902478045802","-1.08616027840009","5.21619584525241","-4.85914348582097","-2.5068760469046","1.18352756763676","-8.40422677124456","1.61132315348056","-0.233904829421827","-2.24821023694162","3.51770095952705","-4.86743503437578","2.85934822339788","2.88822635666111","0.867990115520372","-0.716995721424356","-7.47971676861667","4.93161495085658","0.235277826288054","0.963316988422404","-2.75721289527909","-1.62446278035351","6.30058836133686","-1.83884045627008","-9.57423819008991","0.775575892655853"
"Random_Index6_32_0502","-3.02321013009917","2.05423721798008","5.47142621747886","2.94615210192334","4.91270209114217","1.9455699390599","5.14521394851666","-12.7346712739363","-2.80079218093685","-0.217481599055025","-3.69092509938563","-1.13477137733486","-0.49056511754258","6.87263968883904","-1.46636446260945","2.95008034430653","6.22404096718905","-4.83256325065109","0.322942479505577","0.811964041422517","-4.16549128361716","6.67000406129171","-2.04279980435886","0.0240489252127716","2.17786263867104","1.31397694750078","0.491150788772423","-3.78679757025893","-0.379566224358402","-1.03114719303004","-3.83692709544648","-2.89696001090001","-3.80613215326304","-2.85163619458311","3.03093012341373","1.70517545319563","-4.03427032451335","-3.17412875762006","6.8413199124477","-0.0264473111908594","3.32227762275371","1.34043919133858","-1.18418962431175","-3.74250331957753","0.144299721715069","1.16544283992197","4.99397308959901","3.22132768255889","-1.9094191420662","-0.655479718466377","3.51072103284618","-1.29800531286697","-0.512382931096767","-4.34692320933274","-3.26249852623444","-7.09782160810681","-2.0684556549787","1.07286029944112","4.98370257359196","1.42998708455917","-3.15738681505204","5.83539678876006","-3.0098622236065","3.61874404251524","1.06739824329208","3.32429343530968","1.60907736293137","-5.55451484870933","-1.06036307651115","4.36244879350858","0.0597465063031777","6.41031224905836","3.20030568511018","-1.11093151699018","-6.76336155590932","-4.35289511657667","-9.19038272421976","-3.85761038322363","-0.442060883348447","-5.27003211648311","2.12531578314183","0.150606949141425","-3.2248751970883","0.660278934463286","3.54317911594422","-6.78806262359071","-9.05996701532833","-0.76487519145841","3.42670331302884","-5.51630717959189","-1.39120026311806","5.42518295309747","-4.77983696739693","-2.16875454455009","1.47463388146461","-8.4373118591646","1.76048318269762","-0.379055268553771","-1.92903395143776","3.34684259871159","-5.2180083298589","2.73526414193627","2.53333475475016","0.60802555175423","-0.691278917440694","-7.67622058284451","4.44795313093982","0.198418097002781","0.822483789188995","-2.71111323583475","-1.6248288992642","6.15399323260549","-1.94142837533257","-9.84492746286192","0.715001653130281"
"Random_Index6_32_0503","-3.41989492050139","2.37512628283072","5.67255918395637","3.29508443382052","4.93187216632609","1.9784540577868","5.35095407881453","-12.7739393201432","-2.80009545798158","-0.531679476583612","-3.8736423909332","-1.3945472767452","-0.80179536900293","7.04915907000802","-1.68861088972576","3.04306638309639","6.27660296790263","-4.84968685054104","0.14617095141641","1.0102971119942","-4.1816154308639","7.0498567002033","-2.27855175420016","0.194844956799339","2.37560245223783","0.970555518277811","0.492018397318182","-3.99013177768399","-0.508540988200428","-1.21446512727305","-3.96659035722563","-3.196967957746","-4.11588933155302","-2.85245056099096","3.05332257390796","1.65433049237098","-4.25635283032309","-3.26567633457814","6.98899485101928","-0.0667752553650395","3.68014954279775","1.21020387726864","-1.24582764450355","-3.67421887784341","0.226697613588135","1.14583759103231","5.5918214818926","3.46734339208624","-1.81889459068067","-0.626080089427533","3.62596980816937","-1.43193241968863","-0.809769720017067","-4.46373376498969","-3.61435354998576","-7.26530610899036","-2.12584397869434","1.02395647973892","5.36361478170766","1.57655670143141","-3.36163776469502","6.16129606285944","-3.07839531628599","3.84644897663409","0.847941523968731","3.33312877678482","1.63308929586842","-5.7240220312223","-1.27296038772879","4.62014326718705","-0.0528601093877648","6.60989988940297","3.37974211390646","-1.1072140224349","-6.77277185783514","-4.43860470131826","-8.8015474775551","-3.90460125057628","-0.505568792990558","-5.25738763824587","2.47718007532141","0.0421998847822625","-3.27933824914401","0.887636186170994","3.77040617271321","-6.83506197913127","-9.24458920983037","-1.05451026173579","3.79943141443182","-5.36494767867354","-1.19197786599013","5.52557608921955","-4.71829488326529","-2.18361089167863","1.4624502149089","-8.54506299157823","1.80379270055173","-0.553908031606753","-2.21238561349049","3.3714690301331","-5.21377695978559","2.81002800009458","2.97583872168577","0.629852307322329","-0.750950536619173","-7.39379521635755","4.88394730573315","0.0965478978932648","0.942667925869855","-2.8047398640701","-1.52225000505394","6.21824226177894","-1.94760662203821","-9.79177968809175","0.54023894443652"
"Random_Index6_32_0504","-3.19891096708929","2.18466162427891","5.3607877686275","2.99912991968369","4.79655989927647","1.97447262564258","5.23015112283053","-12.7334123237429","-2.91151669479566","-0.23166029638366","-3.78382158636521","-1.18163115510574","-0.527593476830209","7.12080211453986","-1.50926598426158","3.00583946859521","6.34152901167325","-4.75435601337733","0.326989468991898","0.995539994087053","-4.22023577580092","6.81446187538537","-2.11119421590295","0.0536486424861204","2.22436158240349","1.10279183082983","0.486999278357954","-3.82981620258153","-0.41273552175168","-0.936216950241379","-3.83121637024048","-3.0427937036657","-3.77620571468552","-2.97885984056725","3.11764561587597","1.60631239278077","-4.22319758626936","-3.10059158286726","6.92592388100949","0.0156372973241945","3.23483423092183","1.38386068003658","-1.38066556058549","-3.9264197070082","0.0743581025871048","0.999523450550734","4.95791245203876","3.22673662163954","-1.99122835500709","-0.758333234440646","3.65943916785255","-1.40168558518452","-0.616577754980345","-4.59189964950057","-3.22193083668259","-7.34725034879866","-2.07940657753397","1.02760487672294","5.03577957635483","1.37214031018735","-3.4160668218716","5.84127341451713","-3.05474021954292","3.72949916449052","1.07771586761658","3.48842820880775","1.72407801223954","-5.66302011880142","-1.09507631549463","4.37949362784365","0.263153099633567","6.68017633251513","3.17554256234556","-1.30740853250207","-6.7694503504859","-4.53387132293083","-8.89239329718921","-4.06875851133586","-0.754677807417494","-5.12097814197362","2.35995210443556","0.212196187861876","-3.19006243280912","0.789060598008991","3.92122191066665","-6.8275040422276","-9.1067282877579","-0.706496756300589","3.661576237876","-5.89566104225581","-1.32295659755461","5.3335953909251","-4.83385635020274","-2.29404039056482","1.47004832883574","-8.48377958992863","1.83275359177169","-0.5794553528457","-1.68590215195942","3.45519964298771","-5.01439181904008","2.94257295494795","2.69253294639927","0.621914064470171","-0.841444393170717","-7.70491590634448","4.75894653012307","0.0997397005028687","0.750779174030371","-2.67265395539069","-1.58504616329187","6.38015456836754","-2.29991433930017","-9.77496705439946","0.948336269941884"
"Random_Index6_32_0505","-3.15876255494443","2.22377370477033","5.65658026833661","3.33867378918203","4.78387724407708","1.99042650760058","5.11479987511035","-12.9257707522375","-2.74784092538447","-0.421658891252244","-3.86210616645799","-1.41620340249521","-0.757374233845348","6.96755784225748","-1.49521833443798","3.01413236878264","6.30767730507857","-4.58648769391824","0.0959910625709141","0.912610273935716","-4.19718834131664","6.99825079369321","-2.12568924338305","0.162752506428825","2.38561087048885","1.17138799586669","0.561125790498347","-3.94528490766688","-0.457224359404973","-1.18789132145998","-3.93622035355898","-3.20791997929839","-4.04693824751128","-2.81957917412625","2.93984567128084","1.60824605044812","-4.12178413253236","-3.12655617961041","6.94638648491255","0.0268589449839009","3.40651155961341","1.29625945151774","-1.35278151911256","-3.54735373217532","0.121351909956675","1.13899279815322","5.1493372746657","3.42333378453536","-1.76141042111759","-0.455499166950688","3.54888054192474","-1.45737163976553","-0.776204770338136","-4.39221268896496","-3.63019424423306","-7.21048151100913","-2.19835423816612","1.01229586133961","5.18004951965301","1.3451562874929","-3.17876158950597","5.94495434400975","-2.98092949054313","3.75522421469084","0.951027802663411","3.1580992582201","1.39145054491812","-5.72268268141061","-1.29707018951504","4.53065468125149","-0.417367535909642","6.63778858733821","3.18434499638245","-1.03588260439784","-6.90468988835177","-4.54954159436908","-8.90286074981956","-3.93172526600016","-0.362656914515189","-5.13310427798663","2.46135571542135","0.113514707572862","-3.21189065490435","0.917775808761727","3.77451771741722","-6.73053614132837","-9.04970228750864","-0.85110262752277","3.72170869032975","-5.26551816497521","-1.18777845764762","5.31212586003903","-4.87583776174081","-2.18381394907902","1.42860503936349","-8.39934411401862","1.61768001340621","-0.400325210978022","-2.18032543594712","3.26557531050949","-5.23152654193273","2.77823385174164","2.96777245405844","0.688670710031447","-0.561722092116532","-7.45470964812163","4.77071609602391","0.17558946269747","0.898240738834064","-2.76715915625362","-1.56782736425165","6.28385221123804","-1.94719758319075","-9.7598021688003","0.797101301150356"
"Random_Index6_32_0506","-2.81862613835061","1.89173741652579","5.30807180311405","3.00836161171313","4.62320526303007","1.9418819652266","4.81672454576547","-12.7499027314397","-2.99141327843966","-0.210023874871839","-3.56787606918577","-1.045954549157","-0.55276484162419","6.95837793193653","-1.23238182351678","3.18853780180342","6.28101988418616","-4.63130520596288","0.322002272012877","0.9333328824155","-4.31544239018641","6.98252594940466","-1.85980977849843","-0.0113390562761311","1.96977126182463","1.32037781706127","0.676480315070307","-3.54617840537579","-0.581936781448846","-0.830059129770399","-3.89956890489643","-2.93440058846847","-3.93104532747815","-3.02093049222319","2.914894387112","2.05403496068286","-4.53059706613287","-3.29439393745508","7.30958119485295","0.293346015085683","3.00532907894113","1.54081564505415","-1.05524527736702","-3.42838912575323","-0.301436676474008","0.874526844374079","4.9166048651276","3.06506816636015","-1.7284266278516","-1.01302614983709","3.31106020656415","-1.25346621053007","-0.574961536435082","-4.14266531596431","-3.35272369606033","-7.18912614201463","-1.96471956153054","0.88798148232535","4.83314859872467","1.02352720416254","-3.13962265572537","5.62637981264961","-2.97275862859256","3.474671737157","1.35186488817906","3.18824970903888","1.69210256670876","-5.70592115411902","-1.05353860439977","4.46540803070518","-0.0728330152748153","6.62954406694003","2.93448497067926","-0.928084646769617","-6.82320153795035","-4.3885040710636","-9.02473304210714","-4.19993607359681","-0.321573056909776","-5.41292392201706","2.16222693899447","0.173616728068852","-3.23052452452357","0.778231893222872","3.62646527059318","-6.69780671633646","-9.0617217496058","-0.38694047049053","3.24072423111875","-5.44299911897931","-1.47788954990345","5.40883085117249","-5.30469725850178","-2.27837752940949","1.29846486258707","-8.38705901442424","1.53685982265503","-0.346264407500067","-2.32631675432594","3.3695625767964","-5.05810275322468","2.73064137660985","2.66736110256661","0.970947661202395","-0.528627629216528","-7.56374267934085","4.46457783657008","0.215228729918465","0.598659304917473","-2.40757985207589","-1.88896239567549","5.96001678618155","-1.98648832140827","-9.41759292082514","0.742062438049904"
"Random_Index6_32_0507","-3.05546124127329","2.09743880128785","5.53810583045623","3.04852677710722","4.83590412610569","2.05545086870392","5.10882711532364","-12.784939667968","-2.69047313014173","-0.22031343768194","-3.67808401169226","-1.22443589625123","-0.579122414525087","6.8243797843484","-1.34563774981034","2.98933822075747","6.06795510979089","-4.79031822567139","0.270668678170327","0.864624705565917","-4.16768812665604","6.668931205655","-2.06804189818744","0.0129207453372243","2.27618310617212","1.10235292726104","0.46205255083947","-3.79253089548815","-0.400091990157704","-1.00729028021852","-3.86754366512042","-3.16092394486421","-4.00613381673385","-2.91592170215364","2.93156871185455","1.69936244927999","-4.28684049594409","-3.00890653289626","6.7541216428984","-0.00034751585578328","3.23759001286833","1.36830324397023","-1.42467675790937","-3.57836343365039","0.152059328513727","1.09044619217695","4.96038720257512","3.18369326592786","-1.82633931938188","-0.634689916097618","3.49579942983155","-1.29407962250815","-0.668067195161274","-4.41265151437632","-3.45046785982879","-6.99967292662876","-1.98104439053274","1.00682606542307","4.94787814318296","1.19000565862512","-3.18089454200046","5.82520330221041","-2.91182800792586","3.6702723080798","1.01184320223213","3.29615570219612","1.51200416998693","-5.67029492390895","-1.22195699485028","4.24679372841701","-0.112163720062096","6.44493967533418","3.16477354443904","-1.02128727663353","-6.73334218596411","-4.46555476643409","-8.72381927412388","-3.96063846918653","-0.415359976450483","-5.16738877884205","2.29582693296206","0.148161248210963","-3.1195601078472","0.974324932213572","3.6655727669278","-6.61639041537737","-8.96276767310709","-0.641936943073611","3.42971897160055","-5.58143920272355","-1.09065786783298","5.29530465331424","-4.93712346791879","-2.09358844659169","1.42008684078616","-8.12261403155022","1.70156849290602","-0.343716409179225","-2.15440985513821","3.27607547335879","-4.91530094607041","2.8243806912831","2.72542477380073","0.752040566418978","-0.59094021635874","-7.33880897977461","4.68108021347482","0.248953571061696","0.840912476319357","-2.70625020758585","-1.57580469444348","6.23625149171673","-2.02220717603703","-9.54280023924905","0.813239189499507"
"Random_Index6_32_0508","-3.07886606218716","2.03238364324253","5.46008112028198","2.98818120418518","4.90851990865017","2.07472053655544","5.15568263674999","-12.7320972117848","-2.86934903120603","-0.146313614666745","-3.58860135772911","-1.10206169377646","-0.389100070683329","6.97863642957902","-1.21985429354637","3.18829326535519","6.15001161987532","-4.72430849421784","0.392196330606804","1.10611074931414","-4.42511247292782","6.78508736483168","-1.95325073567675","0.10030069462333","2.13765612070498","1.21974377678995","0.500845211783746","-3.63298825548797","-0.47547048334788","-0.917593725532265","-3.9287236226784","-2.94708024933757","-3.77013019306043","-2.91195832794202","2.96885528529404","1.86872457526258","-4.33911146448121","-3.38757498073083","6.94410108869446","0.146058992592032","3.3037525202091","1.67668415281668","-1.19055314738273","-3.5441163798643","0.0999226479020408","0.943186233250454","5.09307899749283","3.13054188755149","-1.70788445141975","-0.782550082796157","3.64080008281391","-1.13917172804923","-0.560188668086388","-4.34132553980992","-3.30498567191732","-7.20560687836549","-2.10900173094662","0.934809912847461","5.0889911881758","1.30629781438075","-3.37248414777292","5.85546320883001","-2.93997859699663","3.69138679770086","1.26833354734589","3.33522647388731","1.89075545746378","-5.76142308353615","-1.14507628825306","4.41653872339434","0.205409961573746","6.50839059725827","3.15455428026741","-1.10028261889782","-6.97528514330994","-4.41322020276348","-9.1384715383485","-4.08831962594148","-0.481868234432562","-5.33914861502276","2.30687939147065","0.45811044301531","-3.10487884984187","0.728319609195509","3.61238197344453","-6.75210642834175","-8.98917664129887","-0.582961311449574","3.41783735056969","-5.62117570730141","-1.35874709781048","5.48561947816519","-4.98564128544877","-2.50221000957464","1.51565094927354","-8.31808679750314","1.94993880300445","-0.37094425403996","-2.11323697212049","3.33848403962537","-5.03636248600708","2.81746404329566","2.72619319191007","0.924454108535517","-0.709165936265897","-7.60145144424079","4.53078137771184","0.369148719677862","0.79676662136582","-2.58869594967064","-1.67152275794407","6.06645797719412","-2.10833399643679","-9.6776121243551","0.806039915751251"
"Random_Index6_32_0509","-3.15438000027018","2.18870777053989","5.61197171601208","3.39916478344684","4.87576921976068","2.21282544939296","5.109111453558","-13.1877654501812","-2.942562793072","-0.242087345838149","-3.67220807197044","-1.21821499577432","-0.684178936140054","7.03142499225805","-1.27573479740545","3.01377783473033","6.75090284781766","-4.55021935391909","0.271862609696194","0.755198932020204","-4.51033498250067","7.04758949317705","-1.86225338360501","-0.076596261831622","2.37255134764595","1.027818862689","0.289255879072508","-3.70166292668476","-0.644060707187054","-0.922128200240018","-3.81809690977519","-3.13596071717387","-4.12187614939187","-3.0689348490056","3.35578627801285","1.53396615433933","-4.40923294785106","-3.15087496552072","7.24372438565785","0.283447193580435","3.40740191835642","1.57854846684371","-1.16065843261885","-3.60638191959957","0.0475435882053055","0.932324772676455","5.25551535665775","3.47133459621527","-1.84541794314546","-0.533635423290725","3.47779041339884","-1.549381379628","-0.725313742818691","-4.59634135792852","-3.67363213086344","-7.44734877264066","-2.36713865382595","1.33602753954136","5.23681148506126","0.999724240745581","-3.22393053463226","5.89402263623291","-2.88786480458962","3.75118016523511","1.16628536298011","3.84589937700864","1.59104335249268","-5.8440968265568","-1.06415744085181","4.41522586960974","-0.384433858305295","6.95537312884991","3.42059514957604","-1.00986363837756","-6.77424028660851","-4.63616034288815","-9.03199429154377","-4.02567185318673","-0.392924973854409","-5.08346670331027","2.71539912619615","0.530556099356323","-2.85572902196109","0.858184259794735","3.92396397488867","-6.72623733419258","-9.30623999750475","-0.879796959086164","3.52509862844274","-5.48848311660345","-1.07522044936265","5.28940798765643","-5.01267158541284","-2.29155893503756","1.36697122704959","-8.28039037769817","1.508554618434","-0.293888531351322","-2.31323499892767","3.6903613688501","-5.05048714168127","3.43124980477938","3.06437764324608","0.925003381354707","-0.617602493899429","-7.73356941904421","4.93693887074802","0.536252134136652","0.86481019713331","-2.76126221751554","-1.65172314998587","6.55000297857186","-2.26771944345478","-9.66200730604807","1.27441788732319"
"Random_Index6_32_0510","-3.10066951651246","2.32155483159842","5.84730249779656","3.2715951446632","5.15410022281165","1.91454395022941","5.26795809842881","-13.0447718423764","-2.77148191335842","-0.435358354276635","-3.88437473374357","-1.42069753577278","-0.54619117571492","7.04432468247018","-1.4548923790376","3.10394014808181","6.46331111877041","-4.8266696323318","0.137272177957486","0.940167446172594","-4.16801184787432","7.11959706082558","-2.29295762763678","0.177254896052084","2.52530221496811","1.04378328358017","0.334929995853814","-4.10454129808008","-0.352061872845176","-1.2178664149445","-4.06847971157023","-3.26784947094312","-4.36274678863229","-2.80519599274022","3.04817768116707","1.76195752145071","-4.17863568185448","-3.29773712575235","7.08137973887413","-0.223718052696709","3.62515431202729","1.2041126825999","-1.52669519803816","-3.77619741207919","0.313842305023471","1.01355452460558","5.3382515390681","3.35555169786097","-1.93090504508556","-0.317684326346477","3.74816848239845","-1.45533417674524","-0.849654110644795","-4.61448190363373","-3.59658581599308","-7.17103460933389","-2.18316401745804","1.0734953380064","5.35273164606264","1.23978224539758","-3.20052777455916","5.98506484988241","-2.96641922009501","3.96063751052342","0.859659816053946","3.43140662568769","1.46332254530168","-5.77672887961061","-1.15711095809753","4.51664192698956","-0.354637554887488","6.71433506716664","3.36592825204838","-1.15888828617164","-6.77228768632905","-4.64828167903406","-9.27804980304517","-3.79852671676201","-0.690246307180645","-4.97465098062781","2.55270446182052","0.0720526314203477","-3.22506195404663","0.964737214959321","3.81447998413008","-6.7706878181574","-9.32750746569631","-1.05313315414336","3.80147626205243","-5.50085146477322","-1.03922512128344","5.3522232618152","-4.86536209476111","-2.16130286611238","1.52380823850426","-8.63384227514912","1.51607113818106","-0.546430604181218","-2.27856329143258","3.40785473160691","-5.18881701916961","2.92374616497184","2.96196102345395","0.617741653839559","-0.85507407880505","-7.41989137084887","4.79968332899079","0.129067424349819","0.785013695202008","-3.02352811723868","-1.47642972974077","6.39516949707564","-1.85906286209525","-9.73062814300771","0.717963366388768"
"Random_Index6_32_0511","-3.0519912207764","2.06040733025017","5.62957283786041","3.21501869519853","4.80515878694083","1.9917179488774","5.10153893955115","-13.1434063248138","-2.74726167959456","-0.261425090390576","-3.83292975723326","-1.18504761566491","-0.632085964417188","6.73850364623019","-1.38848623342773","3.00310238543678","6.20953073254712","-4.69278579145325","0.26790163070011","0.835710505439634","-4.09706615290807","6.79811928751678","-2.18088186937043","0.000284113799160532","2.53727430241754","1.17862392690606","0.298296565494196","-3.94869377438664","-0.540157987082132","-1.05933708171421","-3.80353036430291","-3.14404537173695","-4.20399567243856","-2.90175534355526","2.98108880619499","1.98005886387371","-3.94952851544683","-3.18473034513047","6.89898318390975","0.0775381241581163","3.15626094703192","1.2716723016591","-1.33938919002655","-3.57587574348623","0.154014311221636","0.947409184191691","5.12540775204141","3.30399879787402","-1.84232443958946","-0.507976937056811","3.57008177198498","-1.38062166981531","-0.728149472469306","-4.25887856070274","-3.43653061747198","-6.95140317284755","-2.26902759420772","0.928021428115917","5.10199766311237","1.21924367953692","-3.1691466176537","5.75190220462822","-2.96388633217846","3.71736395475125","1.03519818059091","3.12073422789792","1.63404841486377","-5.62852023794313","-0.995617270752254","4.43603124653118","-0.100772479855107","6.52288636494399","3.00413663740327","-1.20852010783289","-6.90291030155652","-4.2426989603668","-8.99606254845724","-3.93981603110139","-0.335657438361324","-5.05244547744738","2.40107907862374","0.195437760570317","-3.2222151909111","0.824380623453285","3.58703946432034","-6.65283285209527","-9.33098290499409","-0.676761423380152","3.49432903860164","-5.66139964924831","-1.22666603325331","5.29800500234206","-4.86595999941417","-2.09012766573678","1.5248766098232","-8.38286828227137","1.60224742019792","-0.406760077774905","-2.37215551769776","3.22832123220582","-5.0025404252553","2.77218065006293","2.87755339105233","0.714035362412316","-0.672167440137396","-7.42793900545858","4.60884999806461","0.121523391496926","0.854173781474777","-2.72539761344229","-1.60891950207895","6.26945137363657","-1.80656734933177","-9.65493131705732","0.723732048057132"
"Random_Index6_32_0512","-3.18242759479843","2.19570714727062","5.51863439655712","3.13697221976427","4.77857862089752","2.10599690191071","5.21151181355576","-13.0751017344628","-3.0463566730827","-0.194884862837301","-3.76452714441197","-1.21888598860464","-0.62469632971493","7.00093166941157","-1.38974499973513","3.11374682705746","6.31666989016104","-4.69325701555762","0.260805116423852","0.922128802920244","-4.40144692272044","6.825420051704","-2.01857172182554","-0.0389587118487998","2.27613793468563","1.12315739880577","0.344778863569196","-3.72943532450487","-0.605735037356249","-1.01381708855019","-3.94458795053362","-3.04464721476903","-4.21817323094345","-3.09947140738662","3.26605099071071","1.70018554804723","-4.28316380890519","-3.11404704003969","6.9818479026807","0.191333312709238","3.26344106676249","1.49988667829882","-1.35896449947223","-3.69934108962972","0.0111546511114412","1.01441664621873","5.02911755206883","3.27126826430613","-1.67234313605334","-0.744846394196315","3.39145314427444","-1.34170326237288","-0.671842796778635","-4.52058584448087","-3.42680574135714","-7.30233979959561","-2.28957928826648","1.20086295253946","5.13617984297336","1.14286131444993","-3.29417698637607","5.81086413465708","-2.93356541336953","3.64451357527281","1.24672627316177","3.3946313765842","1.73851260444811","-6.02369410208109","-1.30700834811993","4.31352409440077","-0.181689902298855","6.69053630627959","3.02618267116541","-1.20047100271149","-6.72628662075497","-4.34887461336126","-9.00468001389074","-4.35587749077416","-0.573844371845444","-5.2677885570969","2.50794945086485","0.378336942277386","-2.91304981618527","0.854032145266027","3.80267462534347","-6.74630974442913","-9.27661741407034","-0.859681909074374","3.46249011594857","-5.57977913140575","-1.27248492048657","5.41009311219026","-4.98605667031073","-2.36962593769092","1.29816875376592","-8.60250718902813","1.62260640919767","-0.309270449043074","-2.31804283319142","3.58579170505165","-4.93715856273309","3.05222868944763","2.90853514864036","0.847561711271319","-0.691829713672154","-7.6721527601013","4.63255743865906","0.36282609540668","0.638887683485206","-2.81826055138018","-1.59884202171187","6.27242878184824","-2.20643918476824","-9.71659794163826","1.01855977475905"
"Random_Index6_32_0513","-2.9366574673859","2.15192207810319","5.60202535400784","3.16948643998267","4.92621392750164","1.89679174815841","5.016354548774","-12.9790508653476","-3.06848668021782","-0.3509487525844","-3.76367438866951","-1.19493917341682","-0.729233940430541","7.08410211619063","-1.56207519256361","3.18398443434971","6.27565894617336","-4.77066086890535","0.13216997449993","0.97277819338154","-4.4259122075866","6.95421173213597","-2.12165333960701","0.10898878152209","2.23993385907298","1.23136381754898","0.524301792839648","-3.8489021494408","-0.422109990219711","-1.11214724840151","-4.06468560967776","-3.17270771033362","-4.05217138901894","-3.00301610890309","2.87566429677848","2.07516948361027","-4.60479717661861","-3.22217771938729","6.95373167148069","0.0499618019272118","3.40912807600298","1.37609442595776","-1.19830493666057","-3.61936702505274","0.182819234741714","1.15552127978084","5.05493817824682","3.34184519479643","-1.90336383625199","-0.664883737049038","3.47679478950836","-1.34567947031621","-0.774528654082684","-4.44148389838097","-3.57672123489361","-7.30639474444286","-2.11524509004934","0.938300604508809","5.16480027392685","1.21313683273587","-3.34979970627478","5.88900730296914","-2.90183279239805","3.69670133410113","1.14657545137329","3.17630282359247","1.54610568796298","-5.82615257112489","-1.18238242430658","4.38883972998832","-0.275203340682562","6.60240184986148","3.21055127576453","-1.1976191684981","-7.00368065219968","-4.79396243621947","-9.09391560933498","-4.14556271040447","-0.515661852441973","-5.33662660730704","2.35100387848189","0.0616547603909611","-3.2398670745193","0.893546463424387","3.73840091645209","-6.83235844039018","-9.09609762546861","-0.765217113617459","3.46636339487805","-5.7376101126648","-1.26419028542344","5.50705758558535","-5.37233226603423","-2.27079062774105","1.47759173767642","-8.46237406358362","1.64496157729234","-0.567490914188648","-2.24979987324193","3.30361840871904","-5.34888588261053","2.66337766834385","2.85393896280548","0.635694393351208","-0.642184582012532","-7.60685213275741","4.74705926611733","0.141842300375584","0.666019644946338","-2.632542247034","-1.83174123123496","6.25227250756723","-1.96600709588415","-9.64703786705469","0.682613945559894"
"Random_Index6_32_0514","-3.04818595452264","2.12297981596258","5.52612899765112","3.14320670518929","4.81707648446433","2.0453608047196","5.00741918887055","-12.9369699950705","-2.8204694272241","-0.344936815374609","-3.72631802385565","-1.14084463464495","-0.576796540483339","6.75694209628935","-1.39720920836111","3.09680289401544","6.39930830313477","-4.50612968458628","0.336083684904666","0.91091096563524","-4.37936168655222","6.8102173002139","-2.04792819420986","0.0566820582054326","2.39892024435884","1.0647874998852","0.440291133319949","-3.87151588360297","-0.488780700701174","-0.927254343490529","-3.91773122286424","-3.15358166970948","-4.1010588349714","-2.97091108309369","3.02200140985486","1.73114569885152","-4.23272168404927","-3.1447734084007","6.90856037008562","0.0462132374321318","3.32284095718404","1.43758991026996","-1.1297770865286","-3.60219326847456","0.180816362703071","0.99428691777527","5.08809525852791","3.33852736274555","-1.95947135694702","-0.4453087765234","3.52212163499925","-1.2047955195847","-0.789144193768971","-4.43855437189526","-3.54769156183697","-7.07431383726137","-2.00782838877336","1.13757213396095","5.04289131638742","1.08456951349223","-3.04278824088219","5.74901754711989","-2.71838203295993","3.6826762136129","1.06846677626998","3.5213111312471","1.47032128557361","-5.78050727488467","-0.93814095178123","4.36634078645491","-0.134977461196795","6.51686025259027","3.29638839180679","-1.10081859226706","-6.70322768956209","-4.57585478013915","-8.99336113719511","-3.92235783698982","-0.434791535952869","-5.12409668893159","2.43216126070085","0.166514996829798","-2.97430789816787","0.942021525681595","3.63203527417061","-6.55347587578782","-8.97768337915877","-0.823607541863047","3.50191126664061","-5.52137987774349","-0.966140114532032","5.28159333412053","-4.94914212163288","-2.04368037168624","1.42706105759927","-8.23682244272163","1.66779607558677","-0.38605915536761","-2.24800163647171","3.42598644835952","-5.05959769099685","2.94968237876208","2.8582216855997","0.764238845354278","-0.76196447262685","-7.45600414555644","4.73464986060597","0.2252828155604","0.764694887225509","-2.64005984205751","-1.5491660539189","6.24165459379075","-1.9394430081261","-9.42640294600773","0.849182358554913"
"Random_Index6_32_0515","-3.02873067181441","1.96099502177614","5.4378044792237","2.99375057409327","4.70608430037724","2.09034623365999","5.21982631104315","-12.9275186301368","-2.87610893507875","-0.311761816876544","-3.67228645229764","-1.19034103048929","-0.497508842821369","6.81145543272172","-1.31899396451034","3.14787223953594","6.11348511864405","-4.90442556848982","0.231016132931222","0.989929699400235","-4.29449227256376","6.64974609549985","-1.93003860166716","0.0410920619761343","2.23168230509759","1.2942600109059","0.437074731529545","-3.67006396262737","-0.443401528630096","-0.921753780687439","-3.86365083600382","-3.03875871482569","-4.0021261258826","-3.13281097548476","3.17221564149379","1.68210717147463","-4.23426417665371","-3.02509879025761","6.83248058708083","0.16084343669531","3.01901510023576","1.39707300713225","-1.23312006021796","-3.50154299071259","0.0689572312406139","1.02041992053144","4.87566728640972","3.13814956700123","-1.93307954442685","-0.706588092802668","3.49453438716787","-1.33801420830731","-0.634031373209342","-4.37291015796048","-3.48613270479588","-7.05669953753899","-2.09519207033253","1.22190567998982","4.91218297258324","1.24108028909883","-3.17789555239241","5.74523347580701","-2.89736032292121","3.57860099458746","1.2275072442126","3.32885253244482","1.68178030551244","-5.79737427211791","-1.17119282774602","4.20503112544791","-0.0654513333610947","6.45857451961288","3.02926429989779","-1.02224801982205","-6.77091563913036","-4.47762897180251","-9.07919749578821","-4.19610350501624","-0.463490077154601","-5.13302001399563","2.26119289131384","0.272382407245685","-3.0222380096695","0.706865682287312","3.61687453961013","-6.80130524144175","-9.00971070080937","-0.67358113948711","3.37630285045687","-5.55023789870393","-1.21528823082523","5.41848407144816","-4.97637913719806","-2.22459947157932","1.46477775174634","-8.23652500520642","1.62577691544972","-0.260541641776512","-2.26741861927068","3.53002787683967","-4.89114746685569","2.96983651264205","2.69224798098167","0.833747669108988","-0.72050843450591","-7.67434336581858","4.59654395017011","0.308670934140333","0.782937598597504","-2.61930188540594","-1.70719542044927","6.193571310662","-2.07639645830942","-9.60785758892387","0.900101733551621"
"Random_Index6_32_0516","-3.04679971918917","2.00369589312569","5.46158064635133","2.97808490544213","4.85038985888478","1.9843170904595","5.03935277348826","-12.7917796486724","-2.93131905681879","-0.313041636462593","-3.83519649453895","-1.19426111745739","-0.779357362476178","6.93963364725991","-1.46782887222449","3.13715459751078","6.21805885668778","-4.67940932069451","0.38808225960603","1.06541560806114","-4.19239421852113","6.79920709094396","-2.17126921835232","0.0746040854246453","2.200135429759","1.23921005267521","0.484593107965776","-3.84642675535091","-0.339799411992211","-1.14380328469379","-4.00736395496944","-3.11250690852801","-4.03506527164625","-3.04553711280203","3.02079312939333","1.74213948670106","-4.19934105022109","-3.0131073517035","6.93987666948037","0.0359577570050517","3.31375928768739","1.33871032425749","-1.36988755471681","-3.77458009249577","0.0456172196223897","0.813629082795556","4.97216322281403","3.1591563686737","-1.75846299394025","-0.861861812336056","3.63870376029844","-1.39738845725811","-0.703464827258251","-4.49011815771394","-3.44621754432393","-7.27037995639992","-2.24403128783765","0.98318248709005","5.13055055567488","1.25077291376667","-3.29506498231634","5.78769747440483","-2.95820916810028","3.6576811947505","1.08260633982041","3.32658822687858","1.60233696503193","-5.76876685995682","-1.25219547076927","4.37001535851732","0.0516097482789192","6.49733417984419","3.01005752553065","-1.34106233939456","-6.93161892039829","-4.57232500162831","-9.12554681357446","-4.40165446479554","-0.357782606762598","-5.34464279186396","2.31174598178984","0.177304316463546","-3.14753733724756","0.754020534014818","3.7462823263189","-6.78295195984886","-9.15930073978234","-0.777601905099237","3.42773701087703","-5.43908745468849","-1.17985526461168","5.32748049845261","-4.86897441049679","-2.11931561072387","1.51757778910611","-8.41148685545325","1.80434170017811","-0.433895675609481","-2.13319008720643","3.38496210398046","-5.14666103780173","3.00229689401811","2.77947354896224","0.735229230143783","-0.787801477162111","-7.71806949572102","4.59815765304634","0.248336515129027","0.827625731737513","-2.98605519653711","-1.50472356068731","6.15469038237518","-2.11797658667611","-9.77177179274475","0.845214301249135"
"Random_Index6_32_0517","-3.06108715969298","2.24000057325767","5.55864501694116","3.25319047201868","4.8464781836407","2.23662159998779","5.39727602630036","-12.752037841984","-2.76066707905797","-0.290677951696986","-3.64988095400785","-1.09862005740122","-0.627784405764158","6.9034263396009","-1.46183860457448","3.10603547541501","6.37433245171738","-4.58544853399712","0.221488948066549","0.908304865076215","-4.29488521341131","6.81477960923527","-1.9643436527821","0.0544430239400175","2.18618219150342","1.10450672821509","0.328094225367377","-3.69751001737426","-0.823605670242475","-0.986981760328927","-3.85946816864349","-2.96610759432913","-4.16855006031877","-3.22079405005627","3.20837392419334","1.60068690071268","-4.29361142791098","-2.93532521139923","7.01691532312832","0.183334787232601","3.54489083556348","1.46296688014601","-1.25062378059499","-3.51198429665169","0.010715888580873","1.05315381384906","5.05630699338136","3.25165868587297","-1.60635139771596","-0.682241384426552","3.35731179081744","-1.28999401766853","-0.788919676942457","-4.50798402192171","-3.65108327245178","-7.21694368764266","-2.20070832048039","1.14815767519001","5.08408117401501","1.37581427041531","-3.03396258177666","5.88009810665841","-2.63204483393871","3.51440029213508","1.15724957088729","3.45538242798949","1.56199578229134","-5.91977499812584","-1.00866297168517","4.33952072661962","-0.211323822627011","6.49778814377163","3.30064438957407","-0.799478593527045","-6.85333465319087","-4.32035225081377","-8.71385402887431","-3.99885553845098","-0.241817154171764","-5.17892384980109","2.52247511899498","0.257025341669499","-2.9915016608041","0.864363420020912","3.7998959902911","-6.65880914490963","-9.22039226399533","-0.725941608512096","3.35896385725285","-5.57652870514986","-1.11409105900335","5.21060035504933","-5.01223450198807","-2.34904725709959","1.33466433177939","-8.36940304981179","1.57970893989519","-0.227774416417556","-2.42640534277478","3.58954822013497","-4.94268773697318","3.16823278985605","2.9549867022343","0.926330227987094","-0.556156873916763","-7.54405995395684","4.49497622465362","0.28720263883941","0.851152483155424","-2.77187579827081","-1.60615733002671","6.13965178969221","-1.92794957783216","-9.3546340040909","0.986398525954527"
"Random_Index6_32_0518","-3.07217737904619","1.93877506970118","5.57759124724266","3.2488228724221","4.69183782985169","2.17095033169182","5.10016801278978","-13.0706977486548","-2.74143186688494","-0.172058967131984","-3.73887889565196","-1.22780619279133","-0.535623503285047","6.76192549401165","-1.24979471782367","3.0539779893888","6.48342457656314","-4.49852051507478","0.198609843528107","0.832608049435619","-4.3230957152315","6.81186727861718","-1.94494916460174","-0.0554316387915199","2.39862968578345","1.16487355027238","0.387275822288514","-3.73694898131234","-0.676647517911663","-1.03655093149323","-3.90729927341037","-3.16584705163642","-4.06541898617198","-3.00897577576894","3.20625706815277","1.69346242417352","-4.25156292058672","-3.24289647481506","7.01090564921008","0.186884683077023","3.18144759762472","1.47336117438675","-1.30219669264282","-3.4621742497254","0.0468004918504819","0.912755247101255","4.97852085664746","3.24946871643274","-1.68209481776903","-0.522680108193798","3.42135159392569","-1.38551223399308","-0.723719917393857","-4.33649681762266","-3.71466124288581","-7.03395127529568","-2.18695741860893","1.25629443659269","5.06089302781754","1.10141920117574","-3.13346384745946","5.76709578604938","-2.77486177947074","3.57782398438184","1.15567021552349","3.51845992751618","1.58399696069775","-5.74752513070451","-1.29404216297981","4.36279226125867","-0.418455092765326","6.64708251087826","3.01801688042033","-1.36790383872375","-6.96330846132127","-4.39977919514668","-8.99265081595434","-4.01556726290991","-0.323216524234736","-5.17514980312481","2.38098903719891","0.393394224398099","-2.96505707249179","0.902623508687691","3.67995062137435","-6.61767764899358","-9.35010263447477","-0.722751363200552","3.45838069202444","-5.47474310450729","-1.18734572925253","5.22445861671245","-5.13203237177463","-2.19011851637119","1.38954150462725","-8.28477363067069","1.58218783618691","-0.329652135707912","-2.3641124071727","3.59746021819224","-4.91456543325245","3.1552774233073","2.84025004098523","0.869941778809775","-0.494022243105071","-7.34950881730613","4.65278038576535","0.429715055453432","0.7058027676837","-2.6525554989899","-1.68733953851255","6.27853861807748","-1.99651299637252","-9.59446619472065","1.12593108194413"
"Random_Index6_32_0519","-3.01716985863638","2.01974610285008","5.51967558245286","3.11292061872914","4.71573399106614","2.08003800595569","5.21888644334293","-12.9454002860462","-2.81065871632962","-0.282826206313436","-3.68708472000884","-1.26970894710684","-0.503804870286173","7.0998486665592","-1.40349531384718","3.32268320284085","6.30479367363449","-4.67954429321798","0.289251654140598","1.00794135264389","-4.45309196255426","6.92906087905816","-1.94807462887654","0.0181120759964134","2.3460159332582","1.03990781201016","0.36546152191781","-3.67326493131919","-0.666599924848519","-0.843482339693305","-4.00700483405386","-3.01803750741659","-4.23655580802277","-3.31328494165436","2.85731778676418","1.96598977179333","-4.61039284445327","-3.30509003185185","7.08972904131221","0.238163460586164","3.22060255385493","1.65036967466537","-1.19333409060115","-3.37993727839729","0.0165451879357673","1.1825544061949","5.06595628371726","3.11010088765579","-1.66889382509333","-0.801981324368865","3.3887897628683","-1.29713574684167","-0.688684122063279","-4.19822892225605","-3.5896324023747","-7.18959274059363","-1.98559524612162","0.752972533285147","4.90444047302194","1.15622976366572","-3.21883261856804","5.71646351294546","-2.86190522197854","3.59450770879051","1.22226417565256","3.20755041561629","1.48986226474828","-5.93002289693244","-0.97556320262194","4.50296285049064","-0.132730966271631","6.52629331676783","3.21945926890432","-0.882713461641233","-6.84299364191854","-4.47000071447693","-8.85965476816506","-4.20801172723077","-0.428080747667656","-5.2793530551707","2.27509780712045","0.276771790129628","-3.09346131159841","1.0420012861847","3.66677530407645","-6.60654532689845","-9.31440401583988","-0.58640806651851","3.41436822807001","-5.60444540096008","-1.18837521938675","5.39487069716436","-5.36100835292016","-2.27895348839351","1.28096529155831","-8.50236430340919","1.6142775301535","-0.395164561649707","-2.47107700828428","3.1117241609181","-4.99050641616013","2.88136399806819","2.81553363619117","1.01294412510569","-0.746387053884337","-7.72028283941834","4.55583466541293","0.407523764142243","0.522570057838992","-2.51394934263307","-1.84357450654637","6.17454576043696","-2.1127560843329","-9.34254721875093","0.908935446938277"
"Random_Index6_32_0520","-3.15351613349134","2.25256063035805","5.60668771898099","3.18823398221153","4.7733592114851","2.03136414541208","5.05785649000299","-12.9774430435628","-2.81297204867272","-0.309625626339442","-3.79280372408141","-1.24203726795931","-0.659808715123572","6.79907607538452","-1.47970796588846","3.00770751540075","6.18350154087951","-4.753836979184","0.201945825242988","0.87853091678978","-4.29376716745932","6.78538411970982","-2.00805810155532","-0.0323289171620608","2.50753817406386","1.1558302618271","0.428931108708683","-3.82128674937755","-0.511392683106035","-1.15285968257574","-3.90484229781424","-3.06347571409428","-3.93569853943705","-3.03513245626546","3.04536508015421","1.62099651920918","-4.20218493200557","-2.95974047307958","6.92902885834019","0.12144204456554","3.30131742468065","1.32869807782369","-1.29295126411555","-3.53237937153392","0.167368192520462","0.900980296128985","5.12360216159451","3.29365944403189","-1.91368471107188","-0.565233866637667","3.43674061153572","-1.34948882651819","-0.713688832172015","-4.5167140550483","-3.54966876443218","-7.13447296920223","-2.11724507297427","1.057116594851","5.1364169365819","1.2617498372208","-3.10794012324395","5.73103853379549","-2.86244712789502","3.63908352506667","1.02992222077179","3.32509345419332","1.438490415954","-5.74414418285763","-1.08712139472771","4.29936047650327","-0.0367451448730614","6.46808351927438","3.15305033970972","-1.12008325177549","-6.73188206583448","-4.42224212848439","-8.79809048860843","-4.08436217780149","-0.38029295417899","-5.07196306463271","2.43312151222624","0.0744407698530601","-3.09078581713183","0.801590922360848","3.67900068238176","-6.69784528980144","-9.11999296241356","-0.726507595695831","3.42324409651846","-5.60647628006605","-1.12685701300716","5.31821349637539","-4.8744145822278","-2.17479215959964","1.40011901074073","-8.2773360815706","1.66378192578864","-0.353206033534458","-2.1032771572691","3.40130754911755","-5.00730776061203","2.92138935800981","2.86181842162702","0.76777502137315","-0.655486454839624","-7.53457752520374","4.6120340838198","0.166541161770932","0.916789957307529","-2.65662448187897","-1.56497665827558","6.18334227553953","-2.05685997464694","-9.55003461363928","0.868192885838947"
"Random_Index6_32_0521","-3.15153252878076","2.23134402918891","5.57121642021997","3.18447398530502","5.06406907219249","1.92375446226289","5.24057374896975","-12.9034434316164","-3.1270224293056","-0.510930037537744","-4.04328965761402","-1.39051196899538","-0.784610482618999","7.09597247151089","-1.67925923757424","3.04004092563461","6.34931528667126","-4.77577314535091","0.0797589347404398","0.958769115856771","-4.36810326112189","6.96319313519282","-2.31354815747133","0.112295507942912","2.43821842908486","1.03931019285964","0.432667360283213","-4.08201553645886","-0.609923081579167","-1.21999640127277","-3.97320172879082","-3.37969553015553","-4.22486492076203","-2.96376470403552","3.06839744253266","1.62092260479434","-4.1430028733467","-3.13032896434429","7.06484429817597","-0.0306787547381331","3.4877563422644","1.18641674244074","-1.48808789653524","-3.91858426202624","0.229189425214185","1.06771349895647","5.11945622947827","3.33837146265907","-2.00939920400192","-0.431278556300574","3.65758483631814","-1.48980852007712","-0.891690890593859","-4.50949700631147","-3.53609046100916","-7.29011280722675","-1.88951722832619","1.00806343279948","5.25350321040866","1.37165832679361","-3.22203242599225","6.01493645409879","-2.88671152756405","3.92958075682182","0.84477050088612","3.47895739476541","1.60766843151919","-5.90425278282249","-1.17431722421209","4.52566507210913","-0.000143572439186336","6.68280891179352","3.44942521046306","-1.0170614747034","-6.77489255079239","-4.79787934391792","-8.8968534027266","-4.25983873007175","-0.536612713950031","-5.11076864691225","2.62521695736756","0.0227425378782076","-3.12018257628476","0.896818259965309","3.85729195627385","-6.81862774047789","-9.19783908598756","-0.973997723585858","3.59332219195978","-5.67378654748601","-0.973310680977953","5.38213701194143","-4.85998685585695","-2.07064278970119","1.3928560948063","-8.48592123007829","1.73740718906342","-0.571957655574484","-2.22115671146779","3.35971885342479","-5.16353175752306","2.97375635365603","3.01521439204179","0.611012425971536","-0.810383616541601","-7.75756484734183","4.86523477775261","0.144630660477306","0.919554952669396","-2.9477958948199","-1.46293604591046","6.47079055496107","-2.13943863918422","-9.78329022700612","0.770035855624999"
"Random_Index6_32_0522","-2.97071556505397","2.08715207634341","5.55752588845172","3.14287950881076","4.90234064261533","1.86343464069603","5.00736538891635","-12.5795713098287","-2.8627824151716","-0.321618290858508","-3.7023287242089","-1.17941642869183","-0.433835248014819","6.98526750222409","-1.34617231954334","3.27872306345286","6.17704187402728","-4.78354334511799","0.226108887163443","1.04730449298696","-4.21988172883023","7.0387930752577","-1.99461771179579","0.266783282079494","2.14251212957634","1.15349619206767","0.482378718951693","-3.64755114903713","-0.483921429707144","-0.932153933770541","-3.91894194970017","-3.02781427754825","-3.9194656462384","-2.99443207459955","2.94540740978599","1.67188217898857","-4.29931648170364","-3.39569263353935","6.94520972405249","-0.0127828270736098","3.21648075424134","1.37355313596362","-1.19656970529624","-3.54158509099845","0.0199741962454586","0.822755273960307","5.14096236237875","3.1053725836241","-2.18159347069098","-0.570852839454673","3.61737485613475","-1.16202967807011","-0.696951929555393","-4.61096896585994","-3.50633266175256","-7.10814309644919","-2.07690544571579","1.06444551560346","5.04097850165584","0.951625833780762","-3.18718543052249","5.69787909045293","-2.98371346072251","3.7152268876401","1.07493246369281","3.27205761225733","1.56205304127876","-5.72233540859573","-0.959933440832907","4.45090910474738","-0.210127965248689","6.58844058480721","3.15032614399685","-1.03177084350415","-6.97957796462373","-4.40454805132136","-8.97368729517149","-3.92553327921706","-0.545081678032658","-5.18261470781329","2.34340012124915","0.170121591755375","-3.10108232876942","0.871945890935506","3.81381832457025","-6.58495278395265","-9.02729635441172","-0.828070884354797","3.4337414214747","-5.45946040423332","-1.11566975803737","5.35708814308978","-5.07483099696809","-2.21351280163242","1.57346966528714","-8.47794135116283","1.77682350866627","-0.460406700418739","-2.12895380366402","3.37614462498776","-4.99124200564171","2.79392410926309","2.88530532336054","0.784990100589341","-0.888004519426919","-7.45607380570284","4.52862303982563","0.160319724141886","0.710005747950722","-2.65105670512063","-1.66481098440182","6.16018608933955","-1.92675877419843","-9.45365710357779","0.711047600651033"
"Random_Index6_32_0523","-3.1009132950729","2.07315986772065","5.56360458890447","3.14282270177993","4.89671676776289","2.06821511618826","5.1954168965069","-12.9152110089855","-2.83508388304742","-0.368139314118674","-3.80649723444095","-1.29408862488318","-0.554628477804957","6.83853246509044","-1.45067620074915","3.11826774429903","6.24243838306807","-4.78403668230713","0.10165293762995","1.02271895727443","-4.26744791672259","6.8024702603931","-1.94485612925258","0.0473257513469571","2.24752029184632","1.23258443370857","0.500838963964412","-3.78936051927674","-0.51027404920441","-1.0808340047418","-3.89111755165529","-3.10822210066832","-4.0599333170051","-2.91423130946661","3.23278984362397","1.71788782010679","-4.28167672714173","-3.02536547088234","6.97408691460606","0.189168768645776","3.23018199588709","1.32109199670908","-1.15375410082043","-3.61910426165528","0.169260086024455","1.23179219343287","5.27878066015908","3.23780267473976","-1.91617422798952","-0.626826734250712","3.52619688916963","-1.39492916545687","-0.75175257826035","-4.25042888781832","-3.63020950005488","-7.17214637145455","-2.0780290533971","1.33914507971151","5.03901236096767","1.32066508972004","-3.27422933986819","5.77286008417894","-2.96410395597338","3.65242691793471","1.12332934174893","3.47481351372258","1.53989214987839","-5.69130608907712","-1.15561321439571","4.41696144331085","-0.144232756740717","6.44221097454079","3.15448373359355","-0.845798364233046","-6.83620359360627","-4.57831932631301","-8.67753450591378","-4.06957514530939","-0.337325086645304","-5.25871581927479","2.20865072732788","0.163370821291961","-3.09206609961122","1.0536152182032","3.61087236505003","-6.73848434479304","-9.13398587178309","-0.724289308801655","3.43727081980195","-5.36198989546011","-1.18675846320826","5.40183524320133","-4.92009187060509","-2.16668185427245","1.43855932169046","-8.36710577758887","1.70546887269289","-0.395215134695146","-2.19021122949782","3.64781839799877","-5.07208738949087","3.02036756148412","2.7660163338614","0.873547825902611","-0.503335982541602","-7.47050957535488","4.59334619930135","0.260461860102588","0.691044947385618","-2.67426818355816","-1.72384436517971","6.25916813848389","-1.83787686629534","-9.56648042751282","0.892410196901736"
"Random_Index6_32_0524","-3.02161787442181","2.16006499044279","5.43233865147722","3.05351279093886","4.90132655745994","1.89410047935147","4.84263494286714","-12.7392064031343","-3.12499185259033","-0.294327435476435","-3.58127704868813","-1.10259655652778","-0.584561513806833","7.03864652493137","-1.38507263781224","3.25309841773163","6.03745489405502","-4.76589025050229","0.376842045716048","1.10046361116522","-4.50045055017793","6.80967066017844","-1.96611202878674","0.346060697803863","2.11938560820313","1.14686060935261","0.378822239712638","-3.64129806300775","-0.441252016469216","-1.02295433358186","-4.06648633498924","-2.99748896304876","-3.8070146181119","-3.04679178054433","3.01752947911632","1.68832069842783","-4.37095175490317","-3.36940655534391","6.8915962830031","0.120291185126914","3.18988080897754","1.30672811105075","-1.21532731942729","-3.63040895068111","0.18904072824942","0.832784095617832","5.02458777944368","3.13813180095717","-2.1377336955503","-0.742185082015266","3.57243470199201","-1.24416262639142","-0.808524898361693","-4.27291991695219","-3.52980342152808","-7.20519846981438","-2.09530751326072","1.13807775974955","4.96288448596503","0.927139089089586","-3.29378335659398","5.68452745491705","-2.74690020558733","3.74204385943623","1.1697793891366","3.27189473882221","1.52873281124459","-5.74420655571115","-1.01056773321096","4.41943585260527","0.0481108148673239","6.50976026927024","3.13255107281615","-1.06972260090288","-7.09108454727506","-4.53434998157625","-8.81537764288647","-4.15912851372793","-0.581666256863018","-5.34073400854067","2.3339557867885","0.175572510205463","-2.87490898283619","0.806809490836939","3.74711025902873","-6.73244950540904","-9.05084082290109","-0.687469866845312","3.31219033678848","-5.61520013559746","-1.09883380899782","5.46338710174574","-5.02466338786307","-2.14923705234667","1.64833985291734","-8.44958577522906","1.86115213182079","-0.55652507039205","-2.09188360203982","3.53217959483014","-5.06597648133797","2.86057004151009","2.7914778228583","0.695877358619028","-0.806219181433698","-7.68750678328104","4.56701320659818","0.271202689090097","0.678781053998935","-2.50787147041178","-1.68643111208536","6.14325357076191","-2.15532332006819","-9.35181481236894","0.772439412059388"
"Random_Index6_32_0525","-3.00184075314435","2.05184350703401","5.4206560659393","3.07009199183972","4.69279441836179","2.16102667224326","5.24651885969365","-13.0942859401974","-2.68368317762883","-0.374337696253696","-3.72890413184014","-1.21652817756281","-0.698900823622268","6.7019106291536","-1.44116919203297","3.05858168487063","6.314429367509","-4.7053265115664","0.209037265442472","0.837884605547929","-4.11206353976616","6.7103023505635","-2.05032853488232","0.10317480143373","2.16269960134535","1.118660604132","0.311885419634723","-3.83833694037335","-0.579723404690847","-1.05620651956133","-3.87023889115034","-3.13753358257474","-4.12907061174702","-2.81115125669573","3.13783181125804","1.67909800575377","-4.11443999095305","-3.18410950024914","6.89237753746579","0.249647810493419","3.41386500833401","1.39304762008312","-1.37407472927027","-3.55832342444183","0.285530636557019","1.08097561617036","4.98276471361731","3.10033518773606","-1.71484749709035","-0.667213959840963","3.38521167196359","-1.45337378591798","-0.794408229452764","-4.51171793033042","-3.61099613582323","-7.1428139039783","-2.19320500226022","1.21582457849437","5.08559909171375","1.20071215003848","-3.1343906888473","5.76921960965181","-2.8161646316","3.64766835731482","1.10486716595759","3.38973957392663","1.58393136476513","-5.66248578443713","-1.19854974794721","4.3830256140308","-0.341676445100496","6.45530008544439","3.22266994970842","-0.981992589358234","-6.65867016943372","-4.33692151500409","-8.74071851635569","-3.93510942896811","-0.329687087784925","-5.09644556727155","2.33595628018928","0.23327353650431","-3.03079646861858","0.845347880709921","3.63396890247871","-6.59869251026301","-9.23819067743583","-0.786914335008087","3.34900792479194","-5.4444380315934","-1.21637325598498","5.18410333700231","-4.8920478830143","-2.12529396935264","1.30753483555805","-8.13289951190694","1.62180996226923","-0.4116772215832","-2.19468857474436","3.45805215130541","-4.88040493955027","2.87017571160218","2.70293674531109","0.791914422635994","-0.620333279455997","-7.60946998572123","4.50342810748817","0.378282752570806","0.638341735392729","-2.93495274035125","-1.61916756455965","6.15372694794594","-1.92598662248532","-9.52877173949019","0.86243133589859"
"Random_Index6_32_0526","-2.88263362911194","2.20631444793165","5.67687299427946","3.31496893407563","4.86720033987041","1.98167791652461","5.19508342158105","-12.7838515985693","-2.97016588372686","-0.320055661883745","-3.82033537049294","-1.191093928687","-0.857693290019441","6.98617816092124","-1.50575915848984","3.28611252096921","6.24643583804902","-4.62602626505776","0.160105791037352","1.04788396987495","-4.30377727686638","6.90357565098379","-2.06872320578805","0.282758893290061","2.33358607443497","0.975414048809688","0.454815449813084","-3.77955613445386","-0.389399614951991","-0.951373421220677","-4.07773148849059","-3.14099687199866","-4.23500046103376","-2.79733717338872","3.03919223041103","1.59484395731306","-4.39158387518478","-2.99973309883978","7.03699874560663","0.0197162441654095","3.34738267837593","1.42055091292077","-1.18277461691691","-3.49678446128041","0.0438835825781114","0.971115978984033","5.18209269483302","3.28503441333279","-1.97402988746285","-0.531196795004816","3.57317609764964","-1.31852425228094","-0.862496707397622","-4.20623676019295","-3.57030591123444","-7.15370094444379","-1.92937611865566","0.980053186545182","5.22534226845224","1.21027410646261","-3.27028387025617","5.86901826539052","-2.84748490665102","3.53226113045522","1.06248052732594","3.0912071832495","1.56363027940398","-6.01908764223762","-1.26043913296498","4.42277300062362","-0.150145445251974","6.46625789250295","3.13506667447549","-1.06887401362375","-6.90774545697227","-4.56968794370705","-9.11560811085239","-3.91430227667736","-0.311680654270022","-5.08589698379614","2.31334881418633","0.114287230026266","-3.07459303250668","1.07867373742774","3.72274796928865","-6.74340892744677","-9.43834655084684","-0.699651475919833","3.50263018170484","-5.52441739567364","-1.12317393112214","5.69049298598658","-5.09638248652727","-2.25427767879516","1.62202079803512","-8.63326920210593","1.77069821666036","-0.47473658472235","-2.30324544559105","3.40161795347652","-5.24370973987526","2.72201674932256","2.93764421167752","0.784348322805859","-0.716269203252034","-7.46641735074094","4.68637704788887","0.121903400000382","0.890968964189539","-2.58230057311528","-1.62467853320436","6.17259866788159","-1.80546254713999","-9.54771605207771","0.750997567024998"
"Random_Index6_32_0527","-3.0034858068494","1.98375342473034","5.48160698056314","3.00235619458466","4.64955427974252","2.29887774984552","5.57037007549754","-12.9691307242952","-2.58054639766205","-0.140408078094814","-3.60817230330904","-1.10398888833026","-0.421857028085408","6.65078905802561","-1.19173737333373","2.97503446368612","6.17671528961523","-4.49406345713092","0.496441080174308","0.761235405883384","-4.28284040012872","6.57761394651794","-1.95970779694264","-0.0293623739093546","2.15338495960765","1.05219924463373","0.198076336301324","-3.73906987599404","-0.773105055298307","-0.897679243414068","-3.70883383441642","-3.1191659514747","-3.96900019978904","-3.02355070338889","3.06287147131459","1.71344820524931","-4.12681526653358","-2.95221121833695","6.72795701858114","0.0366037553406271","3.229304639003","1.50704875272328","-1.42966568259649","-3.4802775214798","-0.126230988292259","0.896102905995647","4.96897808190268","3.14388053596788","-1.7667162879767","-0.62438853155238","3.34739555822394","-1.27168819678557","-0.603245761602513","-4.52179142231835","-3.49019471850353","-6.89912446462754","-2.16509134866483","0.998572445470535","4.98704160706367","1.29912609579977","-3.13168357413873","5.65298269009455","-2.88412836315275","3.53049286489895","1.24676986999988","3.26317415189519","1.72820111508095","-5.64933876554781","-1.07686233017563","4.19031703951522","-0.137610292749566","6.4384734752013","3.08965039998781","-1.00278670384558","-6.73334928518324","-4.40535773552133","-9.03699227140992","-3.98934813918747","-0.251324300827881","-5.09912785161561","2.28413074548256","0.263616759093902","-3.01610528687351","0.738894940560055","3.58219423228829","-6.57299282515669","-9.11853164769717","-0.745759062705365","3.37267067426727","-5.66476265897103","-1.21220190021846","5.27680460875569","-4.81580993420489","-2.2725807962283","1.12266456317131","-8.42900616247121","1.53905777523156","-0.0963700602919008","-2.27429097941695","3.34698522868758","-4.86848084955118","2.99564987984275","2.73588705358527","0.904901466274135","-0.844833941355871","-7.57280159810317","4.5841936838821","0.457810337476923","0.676769195392125","-2.72908949445027","-1.65877496580741","6.09021834080793","-1.90445988911949","-9.59381370676907","0.844544703449269"
"Random_Index6_32_0528","-3.14346537517493","2.23285213338858","5.65629853089746","3.12026651739269","4.88695329306741","1.77546037273737","5.06084508887491","-12.7736781591284","-2.95858150087182","-0.580872094569243","-3.9025134808035","-1.2718530394844","-0.818285196267141","7.06254723157946","-1.63950298870586","3.16277576249303","6.44552197131366","-4.66273985137295","0.0760711838399759","1.0952106156442","-4.28615652075285","6.94690666639205","-2.30107616078639","0.140585354141528","2.27765173416001","1.12630531705155","0.490503801686924","-3.94584171008331","-0.389603753337624","-1.25548528918663","-4.06069041842584","-3.19996816479685","-4.04795492044927","-2.98722454241375","3.03360695670188","1.58671613845457","-4.32249500643589","-3.28856029968468","7.05752023008433","-0.0252138414739604","3.4057173168124","1.16276814736877","-1.37825996950565","-3.74688669576403","0.192127128526008","1.10653049061045","5.20495866071121","3.24724520370149","-2.05131093750247","-0.65887760003784","3.64505828226047","-1.46721068129085","-0.896738625415484","-4.60627831743129","-3.52697443853439","-7.23145762883958","-2.08627392317275","1.03352442042208","5.12061288795189","1.14630950010285","-3.35029024961135","5.80383589023221","-2.9838437823961","3.81184481897575","1.04774213613581","3.44927389158578","1.42837807758038","-5.79154124060511","-1.10924631911989","4.54177237438023","-0.0129351688425527","6.74048193978093","3.27831287295555","-1.11878797325821","-6.88729918588558","-4.57507839108823","-8.92849355159303","-3.99051415736186","-0.620398065467439","-5.14402741429317","2.50291055929177","0.0079055225123483","-3.21249632692147","0.878178468117632","3.86820296700134","-6.93482016704665","-9.14530920628803","-0.928778103034945","3.41666244670006","-5.51736497849146","-1.20192857546707","5.42145563514398","-4.79726540134399","-2.17341330496212","1.52891424185624","-8.37248878269488","1.70644429702898","-0.576794783421532","-2.20291027876911","3.44761874183972","-5.30249904159032","3.09380541899129","2.86215813580881","0.527382537834921","-0.73023965857453","-7.5060613670238","4.58371484525366","-0.0408819921292573","0.858688632267977","-2.78552426700292","-1.47702148758873","6.29821479492291","-2.07473451095043","-9.67239698445703","0.620015281955686"
"Random_Index6_32_0529","-3.36037297088906","2.17150170126509","5.54370901900981","3.11453913943188","4.74730771046239","2.23569137539903","5.16023745478451","-12.8515796636419","-2.7960676877592","-0.450906885074463","-3.69204155884009","-1.29820842455628","-0.711149471756603","6.89921861257439","-1.50925939296715","3.05372455687466","6.16677718969744","-4.7958913012215","0.128398909267452","0.760477470080302","-4.39278199121731","6.82346888483073","-2.14512320478574","-0.100352588737984","2.39863853306826","1.10475272375085","0.439504304344165","-3.76180243576432","-0.560297670094873","-1.08007314147248","-3.79982288015637","-3.13269408697545","-4.13399291283993","-2.94112481816864","3.08743973650953","1.64208554822417","-4.10953869280532","-3.12449313828645","6.86181142152461","0.111695094226136","3.36892699236761","1.31615549632475","-1.31336322644261","-3.62307683800487","0.107954463481984","1.11450807761314","5.10734779907977","3.46971002979381","-1.61771616296751","-0.557210699954311","3.48457299923981","-1.37735443304529","-0.870114256745314","-4.47149621547955","-3.7259988111328","-7.09744348124315","-2.20786785674405","1.07134493857022","5.12216812724482","1.42300839707062","-3.00144523450868","5.90207801629456","-2.86261372693362","3.70543871787036","1.02807940653148","3.31501202317571","1.53882094227878","-5.88006903149632","-1.16642851337596","4.33205723181366","-0.102077988704406","6.49789257712961","3.3224128513016","-0.958105070791933","-6.78193196492907","-4.46373280684276","-8.89853777033163","-3.93919988317826","-0.290776337722912","-5.17453499536573","2.53962747461346","0.118441640174133","-2.98368842269033","0.859405954237137","3.64271604781319","-6.71744464856979","-9.15992060914226","-0.911896462616154","3.46007439511329","-5.50038270923248","-1.10437063785214","5.26979871284468","-4.80482112166149","-2.30900607294706","1.23317329782096","-8.48130842438469","1.59132921960515","-0.466289672627113","-2.37240557990721","3.37348906623771","-5.05940849545578","2.90694242329404","2.87738627028777","0.7538295420273","-0.558788983676673","-7.54919113917382","4.77089019361399","0.194539583180405","0.813725466690638","-2.83181069274958","-1.63051888538566","6.20097787617975","-1.81227808044728","-9.68225045500565","0.8012011816627"
"Random_Index6_32_0530","-3.30557699410112","1.98752281855018","5.32934899109038","3.10085984153905","4.47607450877926","2.49193857295004","5.1245688406588","-13.1767146411602","-2.50112932128324","-0.0469144003368874","-3.4798135674836","-1.00962056699046","-0.340698283225526","6.85262580930409","-1.04490816414986","2.68557349995759","6.6552485131578","-4.40838242549991","0.430959896150025","0.383726642592313","-4.60960829612648","6.72773514183528","-1.76206399754753","-0.275022300851288","2.30206174499659","1.3170363529676","0.250600744320189","-3.60337160814044","-0.778307690549086","-0.709589528074797","-3.48829056805021","-2.84130269780147","-3.84098959392825","-3.2101721367884","3.39854775951226","1.56256551742373","-4.14669918601503","-3.25241949218312","6.9747254069224","0.281491329488903","3.1160264456477","1.6573585129475","-1.22272988075498","-3.35803224349569","-0.141096872331658","1.0375038334992","4.84025755508714","3.35492076977967","-1.81434317935077","-0.654605917484007","3.29677080454575","-1.17592700524354","-0.459172897344606","-4.73208872161814","-3.64423858198702","-7.05809604277553","-2.4778483435757","1.41269751873607","5.01533306985924","1.06444604807995","-2.95573126717182","5.73953058852927","-2.58112293544477","3.53405623329483","1.26496540053916","3.81658904653789","1.71252323753179","-5.54038375692302","-1.02841641747291","4.10621468883058","-0.407578533491378","6.7322838984061","3.02760060261468","-1.10073754884682","-6.85522236922905","-4.40436137968873","-9.35896121286846","-3.87663606970961","-0.12743172661863","-5.28340585382877","2.508849314856","0.595050706922386","-2.72633378544418","0.520988200168374","3.66188073525869","-6.61749396560168","-9.16859639862603","-0.617066199254887","3.29852033718164","-5.71431204778604","-1.24401793126072","4.99190052910301","-5.15566422067822","-2.55038819129313","1.10325076759155","-8.38638919980504","1.37870211810745","0.00715334373741997","-2.38204775437451","3.68201147773271","-4.7208475028152","3.28626679128477","2.80028377075262","1.07299866128767","-0.555740948899886","-7.57951267093534","4.81943321167727","0.700493060966979","0.736662575756728","-2.652516920908","-1.77871463312326","6.40329559203055","-2.0435867911822","-9.69668033245022","1.26766063193556"
"Random_Index6_32_0531","-3.09882085495004","2.03806368295849","5.48315812952082","3.22815554022355","4.93881835772958","2.01137569617397","5.16467724537697","-12.7875651275273","-2.67893282210142","-0.228824453647388","-3.70517472400479","-1.14230200227245","-0.692649008948531","6.67185657394423","-1.41556972499094","2.88727303380202","6.26941770776501","-4.47202901582396","0.269543923251644","0.7090831522765","-4.26711329960436","6.77795218232189","-2.1112164375219","0.111921352231687","2.33815846964407","1.19874629889826","0.317391177819781","-3.78967779166147","-0.463380482825265","-1.07606059703963","-3.85612634522084","-3.19296290662254","-4.05520160384858","-2.70356403808534","2.9338053989347","1.76456063107357","-4.06982411705176","-3.18286413750521","6.85703410593009","0.0790590640492005","3.51462999612296","1.26981668500755","-0.987574006467104","-3.57297814227861","0.0902052343019905","0.9720160141625","5.0509468848371","3.31121165852848","-1.93783345934573","-0.426973438639157","3.47938579152927","-1.43111638378492","-0.722451789276566","-4.42999124248146","-3.62826344384377","-6.97642635983548","-2.24457744158469","1.00021832981576","5.17249301150625","1.20293991725338","-3.03081333797981","5.75613338572721","-2.76545767593292","3.72538884774717","0.911731667467452","3.21447530879268","1.54954044886988","-5.70912843374986","-1.1237867475869","4.35114238692962","-0.256345952763417","6.49367477258331","3.22327055595154","-1.08500582462298","-6.67105629623798","-4.4554307117201","-9.1809942579169","-4.15027919649158","-0.326670089952803","-5.11104571849229","2.49549680237871","0.0314696299995201","-3.08656225964295","0.801708939208516","3.5262500570984","-6.46323997388626","-9.04865401041774","-0.816212526761427","3.45378845909843","-5.43362349487167","-0.997326750860328","5.20019449906499","-4.84211975089657","-2.20937004877034","1.38008269958033","-8.34704400945111","1.6735662894289","-0.374035133877937","-2.2457625063636","3.2874626680019","-5.05442750315741","2.8094017130307","2.86311138136533","0.62914669595086","-0.626302468400905","-7.37742017694899","4.66502312918481","0.161012171566006","0.920996552009182","-2.92719272218861","-1.47462643676224","6.1905404136694","-1.81824772847546","-9.58998507472772","0.689172657236862"
"Random_Index6_32_0532","-3.23183860929731","2.24033750307836","5.79649568537365","2.99483916831145","5.12878414828902","1.86382708979809","5.25903584688502","-12.9160056285231","-2.7400496147607","-0.280703858670541","-3.79417678177471","-1.23618092550063","-0.733208396558358","6.95449890248002","-1.47595871303534","3.1556956865455","6.29282259550193","-4.85022958243058","0.234923278890826","0.997065775930978","-4.10615089066365","6.81830675915145","-2.17220145270518","0.126758625517167","2.51205675064063","1.20965492699811","0.480687248581421","-4.01819698205693","-0.448525093429174","-1.07022902970446","-4.07347592463965","-3.25798674351007","-3.94944722418595","-2.84622788499799","3.14199346665966","1.70821113009871","-4.38787365087429","-3.07478415528661","6.83977379313166","-0.142073881437315","3.56940717430024","1.30752341137395","-1.54433356099805","-3.79081790954533","0.0805496242694705","0.869952753300151","5.21381621052596","3.25969102754552","-2.1361358509797","-0.591839178555696","3.73209488416998","-1.45167007793987","-0.822490981216343","-4.62045930955639","-3.51737022022596","-7.13169680140802","-1.94712953238923","1.00798872486041","5.1145885963464","1.34554068118608","-3.24896993107799","6.00002386903247","-3.01711604265349","3.86011598935534","0.904735393717603","3.33534584991138","1.58229747341698","-5.92482144839182","-0.979632696187049","4.47767147917063","0.0145015875751638","6.5227295495901","3.28681217005954","-1.3424586887973","-6.75798910331362","-4.65817010694045","-8.92889997794055","-3.79927377735944","-0.428452714575063","-5.08629096894262","2.3854886478414","0.177616520833844","-3.26439191321743","0.624141676271745","3.79090113656391","-6.84755528315523","-9.08685975615136","-0.800561101041451","3.60543552506933","-5.72460604885668","-1.13518794035196","5.50721254057953","-4.7652887963917","-2.27176842706037","1.40090611872026","-8.64654336389897","1.8839574881585","-0.436184731280057","-2.16385117271763","3.40919101595051","-5.32622062628569","2.9972344509807","2.77784387092412","0.459038266318588","-0.757701033702783","-7.50924180405127","4.60655476543692","0.121176985369221","0.789629941922879","-2.79993228454373","-1.47718377417489","6.30326135260826","-1.73337931414563","-9.69517485644927","0.746682648132312"
"Random_Index6_32_0533","-2.98578869299116","2.1960926703607","5.88607859677473","3.19440264177505","5.06847227986978","2.01208165546226","5.12795171520137","-13.044473255322","-2.65127002506073","-0.186502240442597","-3.73131108503458","-1.19043581879403","-0.525778704433269","6.94531022956428","-1.33335443122381","3.21382153322626","6.61484969343294","-4.70609060869111","0.177843198582449","0.994227908505271","-4.25717855225145","7.00139306712106","-1.93331160785707","0.198751648606578","2.37708818270655","1.12303636974144","0.397325089075738","-3.82556169232961","-0.488049871940699","-0.969994940559638","-4.07354201242153","-3.19228078774992","-4.03739797913056","-2.94761420123987","3.26310439453001","1.57818439886505","-4.24155171728647","-3.33174464779869","7.09820191403203","-0.0913266837716954","3.39116369180301","1.44131544003294","-1.38785477218273","-3.53813584483876","-0.0586705855866267","0.912042972371066","5.38762445134606","3.18312167731506","-1.97707483044098","-0.382181383991232","3.66617431785945","-1.30872261344026","-0.69259873821717","-4.61472660647761","-3.58400558949489","-6.9400373156967","-2.24721147403995","1.20441951159726","5.22150619136068","1.25015264938557","-3.28196223194737","5.93580308406341","-3.04196377228653","3.74416439806423","1.11549989510644","3.49197829255715","1.52858819969496","-5.88985337976472","-1.24109605492561","4.36708258113776","-0.239934481156679","6.71659434771519","3.33630347984132","-1.41439658517195","-6.74450922420716","-4.49040475001573","-9.40521879566387","-3.8125304667773","-0.343152054988698","-5.07467925851683","2.46832873024162","0.400732828105266","-3.08295969096097","0.857370407653456","3.99900828767137","-6.75384635103709","-9.02821430923845","-0.768629622802933","3.59767077431848","-5.45531749119436","-1.09379812902209","5.37622295161108","-4.95869274521878","-2.106373911115","1.56841293249928","-8.67763910368784","1.72855710284421","-0.365460328880183","-2.15570852550779","3.64990547703479","-5.09772240780775","3.30908978640112","2.95084085452379","0.680815480957848","-0.767183506812133","-7.37248218708998","4.66934923214736","0.302693958671499","0.944717483873573","-2.76535828329338","-1.60014437591845","6.37113039955137","-1.96426028592917","-9.86702573189451","1.04778768096087"
"Random_Index6_32_0534","-3.14147024432126","2.22972810637515","5.52384945192488","3.136460069531","4.8655903176163","1.97607244374656","5.02074785998562","-13.0657276747875","-2.88329683508034","-0.154100038168251","-3.79674523202067","-0.965485183458649","-0.698799328952834","6.9611436172081","-1.38724498654723","3.06516954994091","6.36336413126507","-4.73816867409081","0.141472427456355","0.925785428467012","-4.27908661037289","6.89184186233657","-1.97146754811979","0.0840186657708652","2.42986909781854","1.0812035693099","0.311020149837433","-3.7384263347745","-0.512057322941089","-0.84322061516835","-3.81839816127234","-3.10418685200792","-4.01435031493529","-3.12907420138356","3.42626307562605","1.67237152336548","-4.40556564110341","-3.04791891603141","6.90149956191046","-0.0616198074288275","3.19454717694998","1.4115046335999","-1.29353964820845","-3.45639686362474","0.166386923725472","0.997558555294154","5.09367953503465","3.36319937994094","-1.97925040586487","-0.479966074174218","3.43445937548238","-1.34117104483984","-0.673849287562144","-4.63310694081719","-3.31675870599105","-7.07520532285209","-2.1341319034637","1.54755076914265","4.99054888474231","0.831420589872138","-3.14602701556619","5.78451750632323","-2.73064962431815","3.74621449189987","1.15901259513743","3.50194479048015","1.52638996053873","-5.79799788231367","-0.882462920848172","4.49389372998544","-0.153023788823467","6.61304835646041","3.32720633995581","-1.29674536527354","-6.85179207170111","-4.55703172298024","-8.87488393807022","-3.97047917281142","-0.402682833719872","-5.12574214686968","2.47272377234334","0.105289301561691","-3.06365508328758","0.799153885753358","3.64853467250771","-6.60881914394243","-9.33531093496213","-0.744763764866095","3.54110146163947","-5.80310756400989","-1.10983961544519","5.37792689526616","-4.89536420764104","-2.30115576618046","1.5051066899984","-8.54609705223736","1.85425357968688","-0.441945181148813","-2.29403199820158","3.76378844759141","-4.94102565818503","3.00640425851136","2.85974449937864","0.71015037356385","-0.919496191711742","-7.47233688672002","4.72694893640675","0.249113487900171","0.925330089038919","-2.59176499491994","-1.57630839951181","6.29492522663021","-2.0707451348607","-9.58952622628345","0.869188940354413"
"Random_Index6_32_0535","-3.15406145894574","2.04136927739493","5.4271324833872","3.05068085037543","4.60122214286169","2.37432641609213","5.35016198981564","-12.7583215455064","-2.61966732729653","-0.150504351892685","-3.5948661403825","-0.950049265012558","-0.376993989132413","6.7333356281088","-1.10252766399613","3.08093475616161","6.41045630233594","-4.38993693038221","0.374935002892417","0.683373976077032","-4.18157624683489","6.71675140840044","-1.73704606126407","-0.0554510797301907","2.0648962849438","1.16195405965684","0.242447237950735","-3.61120311165623","-0.91840657737823","-0.633267581120695","-3.56545109848007","-2.98235152259644","-3.92222778281734","-3.12460708547041","3.21437567846502","1.52915334087478","-4.29478135706923","-3.06884922835512","6.95179052161892","0.387968879956606","3.13906590525056","1.65812917535169","-0.978114407917979","-3.29656296121729","-0.199146555605825","0.755367722421553","4.94202248662945","3.23006361683209","-1.79389413179751","-0.677232803155608","3.2083946733434","-1.19227049697767","-0.644932350317055","-4.33043042798201","-3.6122859868922","-6.91706582660234","-2.27691988165416","1.16883028298146","4.91057766552333","0.955181892921511","-2.97425091068853","5.63204249815022","-2.72320521114366","3.4741853201631","1.22623158330605","3.51513828403236","1.724841540256","-5.70692802491797","-0.905068261490971","4.12763294440919","-0.377294064551985","6.64868279368774","2.98656763662442","-0.892334883994425","-6.49890686839339","-4.2461950442362","-9.1067480317395","-3.96471320462097","-0.0068509694277262","-5.1920972121719","2.40340736834148","0.362648194832843","-2.86634698847866","0.807033844768266","3.57104291543617","-6.59745281054538","-9.14984631645724","-0.543340803516551","3.27466957846055","-5.49146730032611","-1.28043973132463","5.17277278409182","-5.03612661151099","-2.39935371040571","1.3246770283909","-8.22185991487721","1.49368409250266","0.0512756324249705","-2.47800717568916","3.48171327161017","-4.71691423839415","2.93738809565917","2.72531964352592","1.14986365363825","-0.466318210697683","-7.59334084570459","4.55364372136856","0.563121341810251","0.832489055476338","-2.53129683097447","-1.76738317514858","6.14933002523161","-2.14083736496329","-9.46337497011489","1.07919304409187"
"Random_Index6_32_0536","-3.02201800181842","2.08932949552667","5.55430871071144","2.99283996223128","4.8829110927901","1.96162828661379","5.06724434469647","-12.7818421555445","-2.86929433885764","-0.145949333483021","-3.59178637620288","-0.987346659455435","-0.459269503533303","7.14433490951719","-1.25284981601339","3.35541109523232","6.17528895679148","-4.81222896769933","0.466801393191382","1.05784011070176","-4.2227458703753","6.84064180597633","-1.92962594069338","0.227350814216361","2.13962271045936","1.3434453010323","0.533308143528981","-3.68927822268734","-0.415174173151936","-0.867514227181927","-3.97411935941802","-2.97580246899451","-3.81109685548921","-3.13887011294115","2.91130523168704","1.8763746978646","-4.41562028223445","-3.30587609609011","6.9380303505118","0.0522965770222453","3.24019533828853","1.52446912341181","-1.18666311477629","-3.57771624192943","0.0103918013932029","0.965376869021204","5.05767182208801","3.17394467450913","-1.92654572590979","-0.855348157848224","3.75185571842541","-1.0883553334177","-0.536175757645452","-4.34522399412169","-3.3494243027039","-7.12387497770903","-1.95156268567461","1.05604913439339","5.00611608538379","1.17317863633139","-3.26582323368109","5.84891965992641","-2.93693735274612","3.62297301286413","1.25781955097443","3.26871191673024","1.8418591269108","-5.71284482402386","-0.940099523274939","4.404889596564","0.206026147577467","6.46165012272186","3.03277787374209","-1.2012382304819","-6.9790758305557","-4.34668297713567","-9.05287504719051","-4.03798924043881","-0.420743978763826","-5.27313408135917","2.16020126685918","0.172080022824861","-3.15105900595492","0.7120985399822","3.62263393968976","-6.77261823409457","-8.91865574929709","-0.576792258075982","3.50836553226044","-5.74699191168798","-1.41123679344776","5.5256984515127","-5.02626057885849","-2.40561473848734","1.5790457477844","-8.53043706275957","1.84803052844098","-0.391304452778979","-2.10187913761292","3.36280159611586","-5.15575872291305","2.77049426116928","2.69546997529933","0.799652969778969","-0.761127844938784","-7.61205761740878","4.46812868837409","0.25882608279325","0.703349767200259","-2.48973185866135","-1.79634803215455","6.21312364769677","-2.00127479480772","-9.63206588121768","0.744427836071181"
"Random_Index6_32_0537","-3.05155954099477","2.11048422040887","5.58347761573547","3.20016806657814","4.78361064267031","2.28717948628946","5.33583270712683","-13.0632842379627","-2.67215564623044","-0.208970360975412","-3.69941293992533","-1.18255486688796","-0.540790440230923","6.8483808677878","-1.37361410177051","3.0614642620954","6.53786660744438","-4.65021789716493","0.253646626125286","0.803346907174629","-4.32385328488512","6.74717022079758","-1.93317178202182","0.0116581037643599","2.34164128837917","1.20149516002173","0.303412442230897","-3.69969754410655","-0.737106598430573","-0.950477889673981","-3.83102837411875","-3.05062527281465","-4.1149017956492","-3.13040193814084","3.34463898415274","1.62308430725855","-4.24661146357067","-3.09935984018575","6.94759938101044","0.301936831723884","3.29254254428901","1.4986543262697","-1.09473543117009","-3.39133533440998","-0.00806175157056369","1.00800477199126","5.02949485082826","3.25269045249355","-1.74322652534799","-0.580143146989985","3.41885663092121","-1.22714884213202","-0.692674930580468","-4.59645054820539","-3.67400087604814","-7.16615510881104","-2.27319996239509","1.30972849877067","5.11492826366588","1.20852165190222","-3.07950521620107","5.79255687359113","-2.78278845406525","3.55624058706107","1.23942153085277","3.59337322272919","1.64104806183446","-5.81954221200725","-0.90492748933638","4.2512693185051","-0.171647408256459","6.55391661155688","3.12093605445619","-0.962419825976422","-6.85652868163007","-4.40403796577","-8.99351609055965","-4.12705999784602","-0.133375680302806","-5.22147746023299","2.43076268946341","0.215430500944357","-2.98622914045793","0.824435035609703","3.63891273467512","-6.71015852089071","-9.34205300361119","-0.605694603990377","3.42157117496892","-5.55662523045222","-1.18232291222143","5.29180637628177","-5.01022559420329","-2.22830629824892","1.24123440919742","-8.57388825126077","1.47521875188111","-0.0480386580234015","-2.42136213673705","3.67183206783895","-4.87595677088697","3.14447117369423","2.84538681750137","1.07116754726393","-0.59172314880319","-7.62870458179671","4.6012779361221","0.39548746425848","0.791425846382803","-2.64548577561037","-1.70996808235305","6.20617650142413","-2.0521643436663","-9.56499553780688","1.08087155038486"
"Random_Index6_32_0538","-3.1564113905261","2.03206065526408","5.46154077829343","3.07365215338156","4.72409823082447","2.12114324043984","5.1981966589531","-13.0915002719897","-2.78121958729334","-0.311637757858226","-3.74937524381056","-1.22144917993861","-0.672241705837477","6.77320162272525","-1.45569911905388","3.00187697266153","6.42491686774534","-4.54649756266859","0.113672719754873","0.829943425771231","-4.36803985871873","6.85901115653064","-2.05298164921612","0.0946196627541042","2.25242306343578","1.15291110969418","0.276673483954621","-3.7868073339364","-0.720147133536696","-1.00263530523045","-3.84310164326346","-3.17779481333173","-4.10786633358637","-3.12247760822787","3.14537838357654","1.65199171223196","-4.38640858889187","-3.20947222275654","6.99777910290739","0.0885093401220362","3.25816649996777","1.3463630286333","-1.29311035373052","-3.49180590067111","0.0125264735879691","0.969176447831562","5.05433026773893","3.34759673349245","-1.86382669104624","-0.565222142471961","3.2624848365139","-1.3887850490392","-0.774837920807402","-4.3991648425859","-3.55374559437078","-7.1368262076029","-2.17557816895107","1.18730360630967","5.06750844272758","1.07832417784669","-3.18785180512394","5.75770050836027","-2.86170818664166","3.56373626056676","1.07580658760723","3.32636279341917","1.62548401118406","-5.75604631029438","-1.22253672639238","4.31563629135888","-0.304498154993183","6.54244750985804","3.08843367798282","-0.981734380973813","-6.78735219168205","-4.54315960166718","-8.97224624562973","-4.09099481075121","-0.272544461904189","-5.21299050095233","2.39210502031732","0.138034960599215","-3.10847964504774","0.785552431106218","3.65301162354907","-6.70009094041769","-9.2427563523599","-0.752083716779496","3.47457800082367","-5.44442436992225","-1.15511228620869","5.28043844792908","-5.06670976752469","-2.25019994821788","1.36192110809028","-8.45486026502374","1.53887845365877","-0.378233129558225","-2.32852420986016","3.46932132381411","-4.9440182526146","2.87591610178636","2.81704732496867","0.768417188249762","-0.582017773789772","-7.55837410714016","4.64481873685881","0.266232825768739","0.925581874609814","-2.76167138429633","-1.92316979320309","6.22173384283925","-1.96365568242676","-9.60667945947648","0.896075312171026"
"Random_Index6_32_0539","-3.10321784005989","2.06973002872807","5.58337212006756","3.18488002653511","4.79579306053557","2.08466485558663","5.27280014149428","-13.0230432144266","-2.63932090082197","-0.364949264135995","-3.79555906540456","-1.37550307426996","-0.68087612853997","6.83920947088779","-1.55715854324833","2.85638089844972","6.36442328288018","-4.53722384931397","0.209170904739277","0.594671360621764","-4.27711085016339","6.81547114616824","-2.36802266223358","-0.0348380525850013","2.34103989084842","1.14958449098119","0.200278164414026","-3.98289926134552","-0.61157792008318","-1.21742096420538","-3.77168407734313","-3.16545163784957","-3.909257382574","-2.93592114707813","3.05895486812898","1.51715338781099","-4.00680719397057","-2.99025018675365","6.97412562332763","-0.0291624180561288","3.29068199395644","1.22848229488841","-1.37096144170161","-3.58688206023492","0.0115706765934162","0.926529595185771","5.02184017002333","3.43268803944374","-1.90457029923112","-0.421167714219808","3.3569019353611","-1.56132442732584","-0.860548169748979","-4.88222952047921","-3.58635075109621","-7.07645842213126","-2.53662183566432","1.03721018804255","5.29540529048827","1.06707407541669","-2.96458652283655","5.87263057666349","-2.80043917273113","3.63589223707594","0.981601653457631","3.42709747125392","1.51721365280431","-5.77344250804629","-0.919102426303369","4.32057887996801","-0.222633802557026","6.58656415979196","3.05543431286852","-0.94126944964898","-6.75803728732634","-4.55998273012263","-9.02807689497874","-3.83975267166229","-0.255734761088155","-5.0132355201494","2.5152932621599","-0.00217001941904521","-3.12186381587389","0.693951239727422","3.76317314319671","-6.78436126003198","-9.16620841358222","-0.769567008514264","3.52754663974171","-5.31591517376788","-1.06114711356456","5.25356935574971","-4.8482282910143","-2.38015251820816","0.989247564690065","-8.47562553339484","1.46018251633644","-0.291286703333451","-2.32645196101395","3.3085797003406","-5.05563772114966","2.9393701674243","2.91985774073694","0.731037801789742","-0.334628608760249","-7.62093756024677","4.86732252151806","0.121855349538019","0.584161080745793","-2.7264732232116","-1.66050370651168","6.39378349444225","-1.69939864302912","-9.67075729072404","0.974650555894615"
"Random_Index6_32_0540","-3.12947413186339","1.98720697692636","5.27340603712672","2.97379082076818","4.43181900312382","2.38759470719764","5.22784775975207","-13.0181862504081","-2.83127263022336","-0.147194205511462","-3.54167849024699","-1.02821826193599","-0.500091584268977","6.66740165296716","-1.30649807525234","2.90829894980482","6.45978029814039","-4.43175617843429","0.420861343094155","0.621165106363682","-4.6825299619442","6.68282070897959","-1.71189787636137","-0.210812958702536","2.16545043986754","1.39594033189366","0.189597847078845","-3.49212106172324","-0.71212677064629","-0.795714825537761","-3.57074306451341","-2.84093303705062","-3.87092739848188","-3.33548278676009","3.31199708594827","1.54321482748558","-4.33494633534938","-3.02245741772087","7.06775129694813","0.533866783196501","3.06106024241636","1.64171069268228","-0.930126518747572","-3.41845293307229","-0.0717910876557791","1.08063554391985","4.75612765916141","3.32124400894623","-1.5835521462067","-0.68485610316019","3.06422081666439","-1.23100800079014","-0.527259739486269","-4.67221066220422","-3.44969608005341","-7.32665271792721","-2.37082190094913","1.30627320140825","4.90272012761471","0.716761318280088","-2.94106377172629","5.58936074021209","-2.61407467621751","3.4344854916183","1.27539423369239","3.53492770760865","1.79898591074374","-5.86005052672767","-0.91268567330923","4.16731516867341","-0.284777787929166","6.57617728048213","3.12120194116699","-0.94921068453523","-6.7667126731988","-4.62319946983198","-9.03070503240032","-4.2646260928933","-0.195286767629578","-5.49299060463322","2.4110199929327","0.420723404242983","-2.75445286213914","0.82763984899686","3.62052058512236","-6.76300021296801","-9.18908343732658","-0.59320067714569","3.23755349418044","-5.55678553297286","-1.27345170871575","5.21566148334122","-5.20579838781276","-2.5083904874354","1.23419060005881","-8.48039790037845","1.3486204528271","-0.0806124373541446","-2.24239589866859","3.63030010000517","-4.79589795543016","2.98008552317823","2.75982585816836","1.12868575217469","-0.599547939850927","-8.00347714473692","4.62565731975847","0.663881605782899","0.704395922581583","-2.68038287676557","-1.87822603364348","6.19119809115118","-2.13196794463524","-9.40110581486552","1.17115209515889"
"Random_Index6_32_0541","-3.23309144228545","2.33114818521304","5.75984211064559","3.27613733340084","4.95114177922905","1.97697744097176","5.0899258080255","-13.091582653364","-2.84333354250828","-0.469874232348256","-3.83605556142562","-1.43724417403319","-0.720721175763555","7.06155428091454","-1.60758962274446","3.0232245798228","6.57055617170371","-4.59910687745634","0.0990725951972514","0.729135321332042","-4.46986633747367","7.12803629080675","-2.19229739665932","0.172266616444688","2.34822743560631","1.02584031737005","0.318465013205177","-3.83993452158299","-0.57116122404172","-1.06066154517643","-3.88249864011791","-3.31485646629193","-4.334301653172","-3.00420378262629","3.25480965641449","1.45492088955256","-4.3957903928225","-3.19994177767285","7.18765348524879","-0.00308139177449052","3.38894352987917","1.18693473365433","-0.960803549209208","-3.62910755748276","-0.0140474114978756","1.04366192670976","5.45568072089312","3.54957317727403","-2.13207349187868","-0.399363414171016","3.49035658773977","-1.52444373992275","-1.04085430076871","-4.68613058130797","-3.67252222548761","-7.11196294097858","-2.32691739099396","1.32346422179372","5.37860752106025","1.10505416283486","-3.25456614981333","5.86480493206115","-2.75126770607013","3.79946680848884","0.807065076682173","3.56694807898433","1.26819067711737","-5.78340615097964","-1.10245832160935","4.50917118697028","-0.437804362574915","6.95825909265159","3.35852320117461","-0.995700640320716","-6.95796250989757","-4.65036447528082","-9.229623321094","-3.9121864641702","-0.482405135150279","-5.35132792815424","2.61320791865263","-0.0650734882083381","-3.01814027177634","0.914924099113738","3.8427029498981","-6.73239060520284","-9.49686607283883","-0.982689293843302","3.60844239560829","-5.37234730692961","-1.10080920527283","5.40842370675128","-5.19155034005264","-2.30295835102928","1.25918142111864","-8.36838343206225","1.58705957730131","-0.420653127004099","-2.48528459684212","3.62223688954049","-5.15229361080013","3.1026604176774","3.07423644000458","0.679301707042404","-0.71702330858008","-7.58495662788792","5.0058090071823","0.177027234017617","0.899660137643611","-2.75381889613198","-1.6249985660642","6.4780020225745","-1.81931174120952","-9.69514256428092","0.632859168898587"
"Random_Index6_32_0542","-3.15177734578494","2.24632070666202","5.5711898418138","3.23725046498673","4.85395053340721","2.02782874241109","5.36659028235751","-12.6418708832933","-2.74904523424934","-0.424830409908899","-3.8768293724224","-1.42653915849476","-0.775994629302859","6.83147052024843","-1.58593005075411","3.11461604584003","6.31979303820109","-4.63877418869639","0.253595229490305","0.842338600796896","-4.20246034946001","6.95302809783537","-2.2438558022263","0.0683831543079551","2.37873810056964","1.06525284231576","0.313787587563387","-3.89917873461931","-0.578634899274176","-1.14947980174779","-3.90787454967443","-3.20203161772357","-4.12141244519901","-2.90901957833567","2.99031619498161","1.56938277221526","-4.08348403552068","-3.02757278435392","7.03380674858228","0.0629265765533091","3.56153694372833","1.25547993874358","-1.42676283786488","-3.60914229160259","0.259438488494322","1.13905925315391","5.11342471268752","3.46952430650677","-1.8412764199552","-0.411253403650637","3.63195617575163","-1.52628105047493","-0.924708785729927","-4.50957491282233","-3.61896476284779","-7.05985626476791","-2.02411487530749","1.08506418349605","5.33258582980596","1.25679703318526","-3.10107037890002","5.9158364895127","-2.73476332771655","3.80800260003184","1.0632652188548","3.21575743597307","1.45379148252316","-5.86648326353514","-1.12933773273461","4.44202360570748","-0.145894490558984","6.48784521480842","3.28625056118979","-1.05182260087685","-6.71703407064159","-4.47387942164178","-8.92065790027109","-3.75972733565666","-0.368618744705035","-4.94795006721986","2.5878563010575","0.0999481260659939","-2.9570255674105","0.949541256678013","3.91649258503222","-6.66951403847225","-9.36309047097635","-0.795916849223436","3.71457416597712","-5.35040021108757","-0.907240097890816","5.25456778443048","-4.83656771703632","-2.1708704924551","1.46010061872601","-8.39843165081923","1.58315947473064","-0.545623633342161","-2.32735358570612","3.3334618853871","-5.05414296720231","2.77494324121935","3.12057730176217","0.657755555817827","-0.661713698162412","-7.35245182850126","4.85961383796704","0.177031017604987","0.840472935098856","-2.96350434362174","-1.4516127065941","6.4322755466911","-1.90303795109641","-9.49211596493297","1.04752200649293"
"Random_Index6_32_0543","-3.09004863592227","2.11051937462238","5.37255025386062","2.97825038503256","4.79180625150723","2.03466474426652","5.03120431698016","-12.6815243950127","-2.85827447034831","-0.0913556152286352","-3.50673045942217","-0.968077960353384","-0.513271167980531","6.91383278036939","-1.24953864468124","3.16549903212984","6.08308190865286","-4.63550561767243","0.372226888229943","0.975740582042575","-4.22832407004281","6.83563431697694","-1.86589117228482","0.147008935725584","2.13667939986064","1.34577760581289","0.467901906391065","-3.61990092037","-0.656802922276646","-0.862320700103748","-3.98159082128297","-2.99073847990955","-3.98224767374021","-3.06698336428729","2.98346204224417","1.82488916513699","-4.54841036252063","-3.27556280389449","6.88891254028986","0.164239100509898","3.22806593451762","1.59193320007546","-1.126593068289","-3.39264367392429","-0.0593932396455884","0.806689407764814","4.97989957877832","3.12689675661355","-1.86710204297175","-0.780589773931545","3.44620190528195","-1.15413847138487","-0.615168612623869","-4.26666247003087","-3.51183389456431","-7.02766675969324","-2.06865097899241","1.0393299305769","4.92742278647661","1.10933353140355","-3.20723403208758","5.62929241126644","-2.83207465994545","3.55778843880583","1.24129278548913","3.1092846638018","1.76813233420009","-5.53199497685512","-1.04721407848675","4.35726709190947","0.0329669269702387","6.48806457061863","3.07503171541233","-1.11339347900227","-6.94536328015045","-4.35642810500127","-9.01556944035906","-4.02573907524803","-0.327249795075411","-5.29182014055235","2.25255614223248","0.203802805543135","-3.1115508259437","0.800631744557884","3.63107324744247","-6.55445674112755","-8.85435273437229","-0.570498106619921","3.30334594268262","-5.51477824889933","-1.30078447403878","5.27966550861736","-5.09524398593396","-2.43956396332007","1.4684416074598","-8.39617396603175","1.69977485892045","-0.394867768075437","-2.24038231764624","3.42743393137661","-5.04965154655204","2.68996972906075","2.74902411480124","0.803657249412427","-0.708475004855058","-7.4100033406964","4.4456521642143","0.336450919243696","0.798902174714236","-2.4282630700093","-1.77819471463628","5.99256112937496","-1.99470116817485","-9.48352791491252","0.768949175920687"
"Random_Index6_32_0544","-3.09010944879163","1.90165028137964","5.44490136609739","3.1339499769708","4.75591256945959","2.16013621662089","5.23976921669996","-12.8874661324303","-2.57834250497501","-0.349127217792001","-3.65242041871107","-1.2442424172475","-0.660152138042543","6.74279005062731","-1.48561502543459","3.01119883033014","6.33682522220335","-4.5983569586944","0.251928110168051","0.694359195072213","-4.56756569694198","6.7233865950263","-2.05595111767724","-0.101193510554038","2.4419548190712","1.08583082599641","0.331812495556656","-3.79398982914523","-0.676761920486668","-1.02872356720935","-3.7044479388625","-3.20531144345603","-4.25704182147828","-3.27632084559448","3.17328426976474","1.67901685148639","-3.9453991235637","-3.13684225216046","6.90723466431836","0.0583342336435444","3.31579087438101","1.37098634614127","-1.31403767354963","-3.53991795712552","0.149442356242822","1.11899363475927","5.03037287218289","3.50070317923886","-1.89880902408969","-0.479783352696549","3.37816684237452","-1.16485217441054","-0.774955091636077","-4.44005057933997","-3.70789068690888","-7.01447069832658","-2.27610034933648","1.29134664585259","5.09016662128478","1.10212733640297","-2.88657165254234","5.84405513841733","-2.67154507191097","3.51009038436535","1.02057882643369","3.43897302765405","1.59232187644381","-5.74597058661478","-1.0100827378293","4.32527196128738","-0.148527455864678","6.38123711870444","3.12652981981545","-0.945733454283179","-6.84883392727835","-4.44211994673377","-9.21102411929131","-3.94312280909325","-0.228872980347093","-4.94579899854886","2.47614392188064","0.274223835242275","-2.7742013894278","0.765801623647293","3.62594151846564","-6.64531030227087","-9.23371772890311","-0.735412677923512","3.41744426422921","-5.62364028899238","-1.02659510497937","5.24053117745512","-4.988309397266","-2.38680919191942","1.23795688375194","-8.61266737489427","1.55182495674341","-0.468305864864091","-2.40389084416647","3.51776969731269","-5.1012470689183","2.95871916694104","2.8417992133558","0.713916266875132","-0.682429747918635","-7.65772098454102","4.81441714902387","0.252602222351875","0.649731340298547","-2.76735573480938","-1.72078378045468","6.35582031176389","-1.76536946187521","-9.66855252550411","1.01462140760905"
"Random_Index6_32_0545","-3.23752734101069","2.29816229738173","5.72798786905046","3.23076565822438","5.12697043814199","2.04926431610371","5.29689480462444","-13.1249432125178","-2.98167856990721","-0.454375480722333","-3.99887778438362","-1.36283930850098","-0.815849991397141","7.00384307651937","-1.57806119155556","3.20020492799877","6.29713974213672","-4.73918119709347","0.23546332809151","0.847334894601162","-4.24294907721929","6.9644645871345","-2.30621666213546","0.131011905854225","2.50010957983907","1.22320889498671","0.416988278219357","-4.08900439642837","-0.461516189453684","-1.18190599657112","-4.05469489713228","-3.35043012088518","-4.16377398014608","-2.90927015233853","2.97138497613306","1.74185020290097","-4.34076265961269","-3.067457638578","6.9597058082853","-0.136211530802819","3.58572514604181","1.06446378301495","-1.67196809216581","-3.78260698179626","0.338757015115594","1.03244994473317","5.25706064389138","3.41560196605675","-1.99763405376743","-0.461652271321802","3.68574114356955","-1.47645715081213","-0.931974066226645","-4.63848366919348","-3.50403664832877","-7.22123626168154","-2.34355019246439","1.05322471828752","5.38550703047077","1.39018872401303","-3.30550047086494","6.10513398896971","-2.91458983353751","3.96426231425046","0.981379012356702","3.36080454432491","1.61403881219767","-6.00081602436274","-1.13309567753155","4.5098482087204","-0.187841952564567","6.67545491361639","3.23325882432739","-1.13190356680408","-6.91080192680055","-4.56484743471382","-9.0550008214021","-4.06586224137679","-0.62163034702459","-5.09492830485571","2.42463659311772","-0.00997068342135318","-3.10036844413068","0.854776965626619","3.84764355048832","-6.7855839851256","-9.34276174831443","-0.875269234213502","3.63257010722898","-5.55881161131871","-1.04494209448862","5.41207236348578","-4.89843733934615","-2.31348838518528","1.37043094414089","-8.35567137422625","1.78889642142722","-0.519088972914433","-2.24475759260627","3.32146350956407","-5.3825653168371","2.72447640308839","2.95919107466617","0.581405438998588","-0.783481016292637","-7.47274898313845","5.00131936294293","0.209950857961205","0.89612262494164","-2.77785575303648","-1.61775034442762","6.46277132450393","-1.97244906204421","-9.73344068433593","0.625489339910973"
"Random_Index6_32_0546","-3.01564604223582","2.05242212544899","5.59654526888869","3.14533464862666","4.89891225873042","1.94885219390732","5.304260304048","-12.8896601503751","-2.81937363560181","-0.28146748336196","-3.742277302448","-1.27230991920995","-0.66142381517299","6.85168765090235","-1.43595738538419","3.15963142931044","6.31321918156918","-4.67132515402426","0.153923216377217","0.761326179002713","-4.3794079922849","6.88162438849572","-2.16044279470434","0.0791200289154012","2.53031227386758","1.33473575660534","0.337275983542988","-3.92342643412046","-0.193132229490253","-1.12030492137062","-4.14962306499064","-3.23148627985735","-4.14587687202464","-3.15378557396308","3.15680789098067","1.97854194644769","-4.17585747919834","-3.27298436636122","6.97059536969083","-0.116511926279578","3.26151985879578","1.40491590686492","-1.55145910260638","-3.77845095031464","0.151007941844772","0.897049802816283","5.16214032032273","3.2642171232426","-2.01758176853699","-0.659320522487708","3.69015326742161","-1.27422503842719","-0.795132028644022","-4.55039291775034","-3.62807298410128","-7.32279554511527","-2.0568324448858","1.17932331138077","5.02799733984983","1.32483797126905","-3.33430425372299","5.88073727358871","-3.06585667385131","3.61041015240928","0.960797129429096","3.47120697005098","1.62494536539063","-5.75359188922354","-1.09252709096952","4.3038375209134","0.0663367662071955","6.4874502064182","3.21132017214277","-1.2091838740472","-6.84561945456402","-4.67447243783775","-8.99766907893043","-4.16516705730743","-0.38642885343661","-5.08124365565475","2.37403989683434","0.16119968851735","-3.17927155503337","0.923571294136137","3.63686875115412","-6.87678405024809","-9.0761691616802","-0.871129866283903","3.4711071214808","-5.63024316876841","-1.23597091464193","5.4456668244327","-5.16255208568688","-2.01949289723141","1.40396551021107","-8.32086369213395","1.68393628220573","-0.486880955169162","-2.40469154265666","3.56950531398855","-5.26189951608004","2.98460380419065","2.71346121275473","0.665565652693638","-0.521965914387012","-7.45996803188801","4.67587066967426","0.240214136699934","0.787143029212298","-2.73059316491196","-1.62567763328379","6.18038630870743","-1.88815834202856","-9.7215039747725","0.814045979348977"
"Random_Index6_32_0547","-3.02754256525039","2.27560826621668","5.62365472540031","3.17395653736753","4.90319639254808","1.92298588594182","5.07969312413856","-12.8293109975063","-3.04292701688201","-0.363786549015096","-3.7619727075387","-1.21850960788011","-0.784456057619203","6.97687784546675","-1.41301670785533","3.32400297450811","6.30017984927664","-4.75124068764962","0.102365550278545","1.22442715105407","-4.19447881236782","6.96815405205506","-1.99708532814812","0.259373012300673","2.18801155054565","1.24639541788071","0.414454250726197","-3.78791493868747","-0.45200900398071","-1.09859234867156","-4.17879666542979","-3.14060997044353","-3.94984884407637","-2.94027803056086","3.11099783042665","1.71415407032439","-4.36148386120833","-3.32748458664318","6.96605519918733","0.0126415672664321","3.33923611831596","1.4204382677461","-1.23291155068718","-3.66535274149928","0.0900738254245574","0.834924306292343","5.1917703635973","3.19166416958044","-1.94786226111178","-0.660264179773866","3.80491968162167","-1.35926241270253","-0.73564561549579","-4.39875618622568","-3.40568842675842","-7.22265696829462","-2.07424314897877","1.15774687632041","5.10523845312728","1.10165522579874","-3.36815319234242","5.73611568776238","-2.92115853179835","3.75594682785892","1.17022987663125","3.34216719028179","1.54914276943724","-5.84480512546374","-1.16409142978901","4.58146548758716","-0.0462373567705157","6.61129917037215","3.04833442298097","-1.22414552680398","-7.17929932270649","-4.46792869538167","-9.15646698798676","-4.1416827775743","-0.535654845696837","-5.40185492989161","2.44267782856067","0.299488506251422","-3.08439644737234","0.891375308979435","3.86507006158623","-6.78867745236904","-9.10320101513078","-0.712572671859609","3.41735773796649","-5.4651726181136","-1.24931799316852","5.54171127311068","-5.02569651187311","-2.29876702060141","1.62189964872797","-8.58115885386958","1.7805208566097","-0.501348317029934","-2.20233558283792","3.55436175111426","-5.18953507809825","2.99752808469129","2.86037630140684","0.644802224448124","-0.687499763316888","-7.5882439548304","4.55250042834797","0.30927991457355","0.667049131729636","-2.7169007387298","-1.64660288957295","6.14018993374132","-2.18972586791695","-9.72888438784623","0.904363623198249"
"Random_Index6_32_0548","-3.15042406067875","2.23659816648946","5.61099633353146","3.31036830980302","4.91617225219058","2.0873543281743","5.19930948881164","-12.9246352875568","-2.68886086119217","-0.325759678001962","-3.67541895535409","-1.27109459598162","-0.509966797610316","6.87018500501212","-1.4569804262631","3.11858990224729","6.02981804737679","-4.71601551105061","0.197173316397252","0.954404074125478","-4.43308116073684","6.82858971533047","-2.07891394054261","0.137949584263293","2.43386824259964","1.07025291954382","0.527090777399348","-3.7578480037514","-0.742663869749295","-0.991260387622794","-3.90879660744879","-3.27250222559009","-4.31979999012111","-3.02423910601595","2.93924780350781","1.63925485891971","-4.18788856383716","-3.17593071070693","6.77629162333991","0.0651825518702898","3.46402729943596","1.32244488225243","-1.14648931414262","-3.43577100200229","0.235048787854545","0.9893234846097","5.19946394183016","3.32860766905469","-1.85401452318972","-0.519292068395277","3.52119640818377","-1.3427598417508","-0.916372937563924","-4.52297892844324","-3.63624505245925","-7.05241627252978","-2.16257648976381","1.08364541510721","5.18327175648219","1.31306643142919","-3.21640535141061","6.01850814108166","-2.86930766500321","3.66205051576437","1.06366884652469","3.05780781154284","1.57599547527304","-5.8839752204941","-1.23926990990227","4.41502500007504","-0.297896896341004","6.4283363621672","3.32662897941651","-0.74718599824046","-6.70020754025788","-4.4798169731715","-8.86504482854219","-4.02089383620182","-0.344792972832704","-5.04744275263407","2.38188756548322","0.0495902796765624","-3.03279331020409","0.910873825846131","3.51993380920516","-6.55692080238077","-9.27519296242802","-0.782307881858448","3.46287528979343","-5.68121489574407","-0.987920966797309","5.36828151427287","-5.15527973060773","-2.24507281546619","1.44658985391258","-8.31827846993854","1.68086106834499","-0.393936959793644","-2.4769210111841","3.33134079367938","-5.05384083874023","2.69179244402114","2.90478991917063","0.834705671741554","-0.637991162272342","-7.43975055618459","4.68476237966652","0.184999351900729","0.88811267108824","-2.77355408498013","-1.73446068687373","6.21679991836041","-1.74868760424438","-9.44729247659393","0.600301879350143"
"Random_Index6_32_0549","-3.02309276693965","2.22021295671284","5.73776146297473","3.30100821747703","4.97595498713502","1.98330471740711","5.10713633242364","-12.9459137466188","-2.82943452597969","-0.426895179066776","-3.81216941275204","-1.15582233594556","-0.613978811898558","6.83429001158749","-1.51128274234441","3.12147776246902","6.19007371855225","-4.64219975877364","0.0452116964208833","1.04083857031606","-4.27920293590002","6.96096071173037","-2.08593823535498","0.19255619976977","2.45321116189496","1.13535954837117","0.485247192413922","-3.8752000437593","-0.627884692166905","-0.97561937758961","-3.919270803022","-3.17610930179844","-3.99022428545119","-2.73937313206093","2.86433165130652","1.6790296453315","-4.27546016848233","-3.18666674613191","6.99669635028572","-0.0221627202945183","3.4285316600586","1.43638045971411","-1.32561348691255","-3.50225773154736","0.187314921564977","1.00027323086849","5.22992537021845","3.46201087918798","-1.92910617665147","-0.393788307448316","3.59644858556682","-1.38561450849887","-0.760150251224039","-4.57413753658544","-3.48061010325621","-7.10164134769675","-1.98745490538241","0.914556272327424","5.26484043739591","1.2856914542927","-3.24383028958683","5.83670304966341","-2.98923130837053","3.77669286281054","0.986273717083946","3.11794434746005","1.57253692523863","-5.71224186729025","-1.1127028842711","4.59718349073304","-0.148035925901013","6.52877142986499","3.22096224364458","-1.07664662284372","-6.83605503701554","-4.59765109511825","-9.01743668462159","-3.83007742358403","-0.517949294339459","-5.14349379001743","2.45826405696309","0.0858163374967307","-3.23275060828766","0.993373677861495","3.73566429709008","-6.65950525676438","-9.17279728161365","-0.742876684400121","3.6007427301933","-5.56679334782725","-0.998605364662102","5.52042544591493","-4.99597366007774","-2.2079266909204","1.53442802438543","-8.39016879951666","1.87156009602372","-0.411299728570954","-2.22333445092391","3.25116569262324","-5.20124040033485","2.69913749156803","2.9050668010232","0.710078803398736","-0.751981427726336","-7.53499119208075","4.72255159801115","0.141601981278482","0.724882679833467","-2.72328439772954","-1.58407383054336","6.18446448904686","-1.83751765898096","-9.61622548239487","0.765728739062146"
"Random_Index6_32_0550","-3.00239677645708","2.02399154690243","5.4360540150644","3.23297455350909","4.7345951902151","2.19681413480873","4.89929488289151","-12.8657583221269","-2.6671290438259","-0.125391262822915","-3.62298921356532","-0.989884165972164","-0.53682096411958","6.6359542732003","-1.29225781951003","2.69643960360963","6.29085892695386","-4.43453401186314","0.2483485516176","0.500359706631789","-4.35684981481447","6.52850553634306","-2.04663398392281","-0.178874782215536","2.54966677673073","0.984459019855352","0.0753838605338912","-3.62141204504268","-0.725700345346003","-0.921557856440691","-3.57712773953358","-3.11824155791453","-4.07967574261992","-3.16690944736583","3.11722584246482","1.36444426451365","-4.11688953042442","-2.80078670181299","6.81301994145179","0.115664434016079","3.19863323583821","1.34136584556926","-1.20754368962575","-3.37406127386458","0.1150383349721","1.07689084879884","4.88246877567607","3.55253295355674","-1.63740988818723","-0.224627410702154","3.37954195665986","-1.26670725282725","-0.701392378098434","-4.44463236936413","-3.67789990229037","-7.05652863193473","-2.22639642187907","1.13999202425195","5.09411615849762","1.09799403967817","-2.91932309649866","5.79826612948845","-2.52170322440818","3.65435918782863","0.997719940705851","3.45952834174469","1.5312723959641","-5.6147572201342","-0.983034441078034","4.19833127035743","-0.482867697881728","6.44887941455375","3.22409059705692","-1.01859285638994","-6.61613917220954","-4.21862830532647","-9.05789408430013","-3.88509142347396","-0.229267972465736","-4.87694816311351","2.63593444044024","-0.0873710205712653","-2.92370928175084","0.768341466384567","3.57303608443207","-6.43285748249179","-8.98045751376203","-0.674383999436685","3.53559916548926","-5.6132253381659","-0.929345366398189","4.98195785572929","-4.6798825843033","-2.44232910674675","1.00817469973034","-8.64608205998731","1.37546889320031","-0.170338348525282","-2.46775135677831","3.35701460263295","-4.88820933219313","2.96091763143335","2.90722935460003","0.844217572791289","-0.576220101108021","-7.42041703041474","4.81951207947198","0.268900736756259","0.941550925798008","-2.74433068495939","-1.62198752341712","6.36934421044586","-1.88039185565281","-9.49508769336289","0.810938733605297"
"Random_Index6_32_0551","-3.35362181739326","2.23614590327549","5.76162249288065","3.13909331665707","4.95079780003519","2.11539955013932","5.37403271200332","-13.0067201330277","-2.87739199231759","-0.449534140295822","-3.98183650722578","-1.40663945142363","-0.583726017886737","6.90674716193289","-1.54814611912201","3.02724236928297","6.56968888475698","-4.80339095998775","0.184941986719212","0.956357663312195","-4.28422143439927","6.97455900979621","-2.17031001467575","0.0771597658423552","2.50942299469984","0.923126415052925","0.461706064547506","-3.8721962298623","-0.512303653776191","-1.07997130527449","-3.76861869282648","-3.32139265652367","-4.14859201979774","-3.00729340975181","3.31270574907362","1.50265783393197","-4.16986008930132","-2.99092539277825","7.11209542775285","-0.0287664548951228","3.23926485418162","1.38779022129415","-1.43567240680243","-3.68255920910531","0.219879739959719","1.35902960699192","5.21661867805434","3.49649300258806","-1.94828591589002","-0.533752130330391","3.39916716082464","-1.54994896799017","-0.878023867389442","-4.67155979459746","-3.70710982881911","-7.14512305943842","-2.01014530621615","1.36152981762515","5.20443233588569","1.34085469256614","-3.37981748449365","6.06175020465562","-3.05389175200106","3.79736132980771","0.87336745297449","3.66534716207257","1.5760599150658","-5.95531908551186","-1.08823729487861","4.49584319866904","-0.145300490662357","6.82251279255696","3.33069513492503","-0.989425973958957","-6.90464258138673","-4.57744408055343","-9.04514569911176","-4.01300028847172","-0.571833735504887","-5.30818569526315","2.50286535696417","0.18013651679805","-3.10029419903411","0.95535049124195","3.73829656904007","-6.96227291930983","-9.22061582365034","-0.90353404557145","3.65587727741909","-5.59574057336975","-1.1603525705375","5.59930060109479","-4.86010977013252","-2.17909464937994","1.440350857581","-8.47592386855846","1.71237858661856","-0.473413812782276","-2.083598953228","3.60418104790704","-4.98034170977524","3.04288568881073","2.78924971380293","0.715930208717075","-0.73639939942573","-7.66348369351092","4.81167700495673","0.335523178130255","0.796124244728525","-3.0873215064802","-1.51501920796907","6.34721551838071","-2.12512947800294","-9.66911159371388","0.902182373134085"
"Random_Index6_32_0552","-2.96123035723066","2.28815977107506","5.73220482158771","3.34896543857342","4.90105633906503","1.85388427594025","4.92284425700651","-12.6437268204968","-3.14291388435637","-0.457612852651682","-3.76609073546508","-1.25586858965787","-0.808596739769573","7.04919770570445","-1.54210411058392","3.21797616874217","6.3330073626904","-4.86098130721122","0.200730926822788","1.08744058009313","-4.14878657393543","6.89337541028016","-2.00258390929086","0.19719563190754","2.33515784565258","1.06489087967667","0.488554103022262","-3.82957100739768","-0.324154499730447","-1.18268702011261","-4.14864527139027","-3.21725549975185","-4.04531354927731","-2.89638406527867","3.13168863824972","1.57565051990325","-4.36558039908032","-3.10075810497055","7.11984890847174","-0.0458665713234901","3.46236871096647","1.2237315863901","-1.34375471090813","-3.64258902919452","0.323454999274089","1.10363552939926","5.13148161318671","3.45234248521381","-2.00941407712356","-0.512714886224036","3.67095617161418","-1.35678051804907","-0.830999038868824","-4.14879192558002","-3.68713464148871","-7.24146149168207","-1.91307698498883","1.12576151035676","5.14707990444213","1.13524788094108","-3.46243792944813","5.9608121721134","-3.00584995811624","3.85774641726441","1.03902317693205","3.45630455830348","1.35181819508646","-6.11182453706172","-1.09119828108411","4.57838410351962","-0.0605702296450674","6.66666102182215","3.27934612319085","-1.21202697728621","-6.72480856541665","-4.4510566163269","-8.73727067111027","-4.12597694691347","-0.655409330266411","-5.10936010068463","2.62009589049806","0.072850821795508","-3.21998918784762","0.973639428323752","4.02693010022446","-6.8875264885557","-9.0560701140787","-0.87419208488541","3.49965810959081","-5.54364843967133","-0.899539412907411","5.37534324772018","-4.81482945154364","-2.0045623114018","1.55199624827343","-8.72341630893976","1.85987175225142","-0.612882226490132","-2.25543290109071","3.5242293817379","-5.20280000060123","3.15499920781352","3.07783167806171","0.552165185146035","-0.882668959175785","-7.47601895766883","4.66059065701782","0.125526970819072","0.814552815263413","-2.65019378627084","-1.58433992087196","6.38490589977128","-2.18231032868615","-9.57575022499631","0.782763899852023"
"Random_Index6_32_0553","-3.24453735068334","2.17041363675199","5.42022006173234","3.06805299375119","4.90103556986768","1.90573260240641","4.96494620852232","-12.7441116293965","-2.97895584866252","-0.192079226511895","-3.74136199103482","-1.0752315696771","-0.631728976965556","6.87456093879563","-1.54953836306009","2.93275508157567","6.18239275895947","-4.74484403174608","0.359775596323522","0.826454495249742","-4.4142653357944","6.8058347193057","-2.17158745123852","0.179706528432278","2.16325883300021","1.27220729472113","0.397770276608919","-3.86133356666156","-0.556713797457303","-0.999513233437496","-4.03817115867965","-3.21949314046462","-4.05042002559039","-3.02788453809795","2.94655399979554","1.72302747920816","-4.35480097966314","-3.51683364339113","6.83544133421379","0.00766198702443991","3.32035247125196","1.34467377477716","-1.47029287283451","-3.77148142347325","0.161580065405642","0.821584885215306","5.05902307197703","3.20684623799127","-1.96754909710611","-0.691038241574204","3.63444439007769","-1.25894940913266","-0.715966797605032","-4.37241851610672","-3.46110934556611","-7.12472579114006","-2.10577693180946","1.06960890751907","5.11306474701412","0.970471701309682","-3.30590958927703","5.73626217303948","-2.90865700218015","3.78455198761953","1.00303937757424","3.2860276092447","1.73578293913051","-5.66136165733372","-1.04961573303611","4.48160158854476","-0.18057118910446","6.4970709136344","3.01939233593291","-1.17923194944876","-6.99365036375024","-4.71349539637727","-9.24670803025368","-4.07814625051556","-0.645033061537608","-5.32675006475396","2.42214036135579","0.250350417688788","-3.30891201656391","0.835324980607396","3.98120834826527","-6.65053385989583","-9.08379928969343","-0.822132361344816","3.57593746391475","-5.77080044053674","-1.06128312602778","5.32586783916048","-5.05140445675708","-2.28610933558648","1.48715961952977","-8.65178833010657","1.81424298726222","-0.580229974486228","-2.25116693629165","3.34234627059497","-5.04668265032824","2.78016040307074","2.87686671060811","0.56829927454573","-1.14844541715655","-7.51607787969345","4.59976392339999","0.170980248456648","0.935734599189313","-2.79618308303737","-1.7339641588849","6.26453636739847","-2.31734234693108","-9.43607449571497","0.90775280250949"
"Random_Index6_32_0554","-3.16777438072791","2.07037288547649","5.55510196421689","3.19422161797215","4.72626384942168","2.14927798842381","5.12256652914327","-12.7644664076534","-2.86686785463783","-0.166893289451821","-3.66749435894372","-1.00583171528443","-0.476046168355765","6.89786103696887","-1.33522436921156","3.01128151049333","6.21854678207652","-4.72512637063024","0.469483112765336","0.874490019211629","-4.40059700400561","6.81869132168995","-1.90764398750079","0.0190337442016863","2.30015811964987","1.24690473835113","0.394654405105419","-3.66887485759032","-0.616794491744877","-0.907192255295082","-3.82681334408673","-2.88408844214752","-3.96859557184948","-3.08149024114655","3.10896859034274","1.8052725017381","-4.24396813807444","-3.15607842091294","7.03707642400538","0.23367002061197","3.20968102227991","1.4727320277107","-1.06106685457451","-3.40920237635459","0.106834304209263","1.12718119051457","4.99734624704234","3.32731995800705","-1.93166795980571","-0.668160692919591","3.39663495981894","-1.27115594497748","-0.593188894888654","-4.49852169575059","-3.62052354448871","-7.06378840405777","-2.25362956336549","1.11336605682936","5.04971201872527","1.06390316570346","-3.05614166207526","5.79101065768392","-2.76055725539095","3.52921183410231","1.21283200392673","3.39253536579593","1.71799405752415","-5.61434599361414","-0.858856342875245","4.28476798917635","-0.211673946838253","6.56476937637807","3.23301971721199","-0.883065146436419","-6.71217890508165","-4.40253770067087","-8.85299468575148","-4.08503730082649","-0.288256406612366","-5.13166197772553","2.41310779732395","0.216047845934932","-2.95724773768859","0.778264823304064","3.58952205016779","-6.52877206528043","-9.13153292718782","-0.732996174406588","3.2767707210382","-5.77372516622577","-1.18010531577138","5.32063316618036","-4.97878726622687","-2.23024841945458","1.3805046592595","-8.24365275723578","1.72405638663101","-0.370270742020787","-2.22776054953715","3.47142758131081","-4.95743545621285","2.89317893323592","2.80235906285609","0.90860298267155","-0.586970403603291","-7.64121715462287","4.60072789717131","0.35470124480128","0.807787768785604","-2.66050047950295","-1.80810046559377","6.29390306656809","-1.98968881517906","-9.46298921259927","0.84398578031041"
"Random_Index6_32_0555","-2.90887784423518","2.01162748903105","5.32309741737169","2.92005582061655","4.77148654649744","2.30491355382476","5.57801541919287","-12.601751487451","-2.65968955124326","-0.166264443512864","-3.50989678942533","-1.03933361790532","-0.365038035977525","6.7519363773444","-1.16921821298777","3.14258484490993","6.00020490800344","-4.66599490975833","0.536196930150822","0.937554354293014","-4.31658947466333","6.62120970285108","-1.81222980972378","-0.0435928952526989","2.03439085285926","1.19091230199124","0.195839104015505","-3.77327109679705","-0.721310444272509","-0.884707529821096","-3.83547982515829","-2.99287136354295","-3.94061016547451","-2.7931154268871","3.13066245727124","1.94879921538182","-4.21286362020859","-3.12581529210872","6.71826817860126","0.249092903943219","3.13127948562347","1.60217159870357","-1.37032894662065","-3.40163521701046","-0.0694547391528607","0.840987305003223","4.91920023763972","2.87847071810721","-1.6887611637497","-0.900239480616094","3.5886139190997","-1.24675545796142","-0.625255735970939","-4.40893038451952","-3.25277642688415","-6.96354256010623","-2.18748605573574","1.02624785252611","4.8788072310574","1.17620444636362","-3.2148891442931","5.77805849021887","-2.87293186725963","3.57290987004002","1.32185012161951","3.15022808818404","1.92822053742388","-5.74758502296761","-0.929555125090255","4.28235565252515","0.222339549729644","6.28282175412086","3.05715830127543","-0.896900534963834","-6.74638341497923","-4.30319347623756","-8.78557335671544","-4.0533785746073","-0.289023325244437","-5.18447989080035","2.22443368182989","0.463531590432183","-2.9506434337889","0.6000582002324","3.5590066825702","-6.51605716446844","-8.96553051262356","-0.678298371711866","3.27612452925262","-5.67140216924307","-1.44298065410505","5.33838126027583","-5.05654548680503","-2.54732428119161","1.21698899698852","-8.60699360878385","1.8572991997428","-0.1977045897545","-2.37734928807835","3.51439145385429","-4.97857655995406","2.87690129108616","2.66483663593946","0.941305531082839","-0.758467287861466","-7.73130323497012","4.36473397218039","0.608012037933758","0.748974353956601","-2.59864027702123","-1.77894803814047","5.88009431879621","-1.98256936116403","-9.50831470254615","0.879815088071671"
"Random_Index6_32_0556","-3.15145681506022","2.04541557927652","5.47454789433862","3.11619199903855","4.64283609012039","2.22052029249292","5.13535285281216","-12.8549742300385","-2.74185004208953","-0.230676301804377","-3.69798720215367","-1.13373291362956","-0.564128719997117","6.75790665855204","-1.34576190524593","2.89166339136123","6.40202410353163","-4.47774070552007","0.225109963744848","0.801014676853683","-4.49848613443693","6.80538857072227","-1.95010816095977","-0.0982452586375851","2.33916207054961","1.13931626940574","0.328350003152911","-3.68940382539338","-0.69776871590872","-0.900337278878353","-3.77784982422311","-3.03318596490559","-4.07869641351066","-3.23915555399593","3.31364894700281","1.65086375649366","-4.22800663872453","-3.02883844500223","7.04726001548785","0.24491053846514","3.30704510996207","1.49442810160185","-1.08430496918056","-3.51838231037744","0.113731657880866","1.11654514085652","4.94350328454871","3.36953941131909","-1.6877317590696","-0.476347993493934","3.31156483942199","-1.27275011292969","-0.750896448072118","-4.41723674499046","-3.55344561502544","-7.16703547766239","-2.06877132370203","1.32914017196443","5.0932163730461","0.905332293004786","-2.93665417640243","5.6860252231156","-2.61857194922333","3.55271348500849","1.1498739804437","3.53276459720834","1.59250885075966","-5.80587490038888","-1.02002974149322","4.24225571871065","-0.324787215086296","6.67467585035861","3.23393650666194","-0.940798438738154","-6.67579242668664","-4.59284911567939","-8.98191771097416","-3.89901906633423","-0.323810315438299","-5.24678347081217","2.47987454751531","0.349519040166539","-2.84332926746872","0.990862923607435","3.75540940152016","-6.55243240502112","-9.15674326302338","-0.684297286841969","3.44128891252509","-5.51213921415676","-0.988588995127516","5.30354372790482","-5.14904090155862","-2.14289985117116","1.31154665213541","-8.3393531939426","1.44740013312785","-0.36362146886143","-2.31207989606471","3.59625746404388","-4.84452641229143","3.13040736183538","2.79144725774665","0.911388003410707","-0.623716222926195","-7.61581667298176","4.79489025846222","0.391647340998399","0.605325563931221","-2.69574527338925","-1.74280495406503","6.27771574632322","-2.06063189050826","-9.40391784729797","1.1083914067488"
"Random_Index6_32_0557","-3.34092423622871","2.48140035813022","5.65244113058491","3.50413779705955","4.90283782007138","1.94947892124292","5.21720996977819","-12.8674733274073","-2.92525401092046","-0.630385373162856","-3.94010867453686","-1.55364268569534","-0.980105952922728","6.92824894002647","-1.71852805820606","2.91921250443536","6.40649535740917","-4.71989587304885","0.014825002647828","0.856773841030363","-4.36990702844437","7.02370461055382","-2.3110384219401","0.0254419618662146","2.53316915257048","0.86889887537359","0.172960405657005","-3.97446892878629","-0.483892286701339","-1.31375386451963","-3.88461244555074","-3.35313365173217","-4.33301746440986","-2.96658984882892","3.25700651249875","1.46692669358578","-4.17483270475578","-2.89940928204371","7.08069072231688","-0.0739820248020973","3.66305144100556","1.02463065135476","-1.50078478605737","-3.76725447210991","0.35656151753683","1.05762932316114","5.25615584184641","3.48257307061798","-1.87953930305003","-0.350476394631359","3.57696253017796","-1.78762501629914","-1.10265924145422","-4.68681220451604","-3.70589571725221","-7.29502513447346","-2.36314085907939","1.36027815878743","5.35732261556713","1.34827038409532","-3.2541055456087","6.04796508673956","-2.79798100312954","4.00401753310134","0.664670948108662","3.52069706414729","1.47577731942932","-6.05492173904162","-1.46170151924054","4.60568938696171","-0.126594939067741","6.66453750213824","3.46086465477651","-0.785462197708722","-6.67986286772087","-4.65784430668617","-8.57718871276903","-3.94582542328096","-0.628732160260379","-4.91918155686224","2.74664749728313","0.0895244073687303","-3.1083166584529","0.976605337086658","3.84039769819455","-6.74586541483074","-9.09140903324149","-1.03698261224743","3.70016472250609","-5.47107375524983","-0.83056120830137","5.37171905376331","-4.769559000984","-2.0607816260251","1.36394540397616","-8.28355368309206","1.68592725574849","-0.504330676008878","-2.4137893488877","3.53758906035805","-5.28870872188412","3.00196187202624","3.08227975816465","0.69027594690107","-0.834784196072039","-7.75123357284271","4.90598337111664","0.103873850754193","1.12671576819396","-3.00291228529248","-1.43050818110809","6.38142820831607","-2.11900340424399","-9.76263338300356","0.792838750712637"
"Random_Index6_32_0558","-3.24612918330456","2.27591785098324","5.59452536290499","3.21407238761741","4.75557118516995","2.05058401733876","5.17794428088882","-12.8619751940311","-2.80475310748895","-0.523905595894765","-3.81741540669489","-1.33522975859565","-0.875569761577058","6.94734496192823","-1.62488809246974","2.93393981304685","6.27198629960992","-4.71744013343303","-0.0694808159433091","0.829467767813018","-4.39304757062995","6.88545159877823","-2.12085928124131","-0.0746321967497865","2.4542555554218","1.06078786674228","0.243208272606643","-3.74696046898146","-0.692880370660823","-1.1979292605599","-3.91184051274074","-3.25613096715966","-4.3267840551278","-2.84381050520876","3.14020643708418","1.58559349001726","-4.11188946447746","-3.00354706308242","7.01456733000314","0.144469826808722","3.4568635786467","1.26976924019445","-1.46394407139657","-3.54913906068475","0.0546354185026586","0.991461567633326","5.0801974445746","3.3614509996728","-1.70842264227826","-0.527799275870825","3.56141020402236","-1.57221245693144","-0.958386346870206","-4.55750755544763","-3.75690208860883","-7.17554182486006","-2.11146695741265","1.11269227379752","5.23998494456565","1.34249668993593","-3.07812339108144","5.86871458589907","-2.84239822666071","3.75744668738047","0.976072427187492","3.33680893165861","1.4625606558926","-5.80977767265733","-1.43783370065882","4.35265323385018","-0.246873926298079","6.65372477970813","3.31077371024693","-1.10400357727486","-6.77201793191988","-4.43240960702805","-8.79417550072944","-3.80191007902202","-0.359698704088633","-5.194986118263","2.53576768675475","0.0191780818589368","-3.03199022623876","0.840829950664421","3.89441126085559","-6.62928977008111","-9.35603853890032","-0.892289920261443","3.53452704536126","-5.61088016120164","-1.07013937163274","5.25760256497414","-4.95145388746836","-2.26681436999076","1.13921419775168","-8.56325176515572","1.54798380797872","-0.28699020277124","-2.42026754828584","3.41161917746557","-5.16599053965508","2.98893771546898","3.04709570456925","0.87899724258133","-0.845403757031517","-7.59629105910907","4.79602168927008","0.105570786077398","0.805321416111732","-2.6317597337436","-1.54852640679977","6.27706098393003","-1.9470308872273","-9.69268386259133","0.920994841148115"
"Random_Index6_32_0559","-3.22420271431563","2.15254804327888","5.59598785702246","3.08148175139288","4.68196772630089","2.18057153286158","5.23939952542648","-12.9082924304677","-2.72442249878212","-0.346596593705452","-3.69229625648051","-1.21568158864703","-0.717497952263422","6.85547889976773","-1.39586739265555","3.04856098828487","6.28980204326986","-4.76044497312219","0.232197667688435","0.683537581580711","-4.18507468534939","6.85473955415623","-1.96747537372675","-0.120843793283164","2.18577187863337","1.11208653751368","0.209075368231231","-3.75897208407338","-0.756287079594747","-1.06305777967824","-3.75362937354257","-3.07759647284777","-4.11830087672677","-2.93921020421848","3.1920223169189","1.61784549539149","-4.3118562104911","-2.91970801037329","6.95892157160834","0.0746376670778306","3.2766167518645","1.36259856544821","-1.30182836030729","-3.52476197708727","-0.0188861744420342","1.02467813002324","4.9492649097989","3.29322347557925","-1.88144234452614","-0.664244457900379","3.39073734721685","-1.48957012328447","-0.647620576047941","-4.42545711221199","-3.47211998580053","-7.24291145509745","-2.20038245959399","1.17425376889892","5.02640004731767","1.03676404190378","-3.12743135656176","5.82148586174376","-2.87867973329758","3.65661858860945","1.06273731029414","3.45186547610625","1.4690839009542","-5.80511116864312","-1.2084312457184","4.39769531162524","-0.248156740628105","6.54580971473716","3.22323280128054","-1.08521676744707","-6.80719072008278","-4.4085651660021","-8.98908416012791","-4.00021750494716","-0.353496346423966","-5.09503989383861","2.40258547446089","0.300406890159129","-2.96070394277076","0.815017325113151","3.75496676826486","-6.75945052855307","-9.24625085419495","-0.700577704899046","3.483712121558","-5.55834642927279","-1.24094633135914","5.23445743033936","-5.07473066579792","-2.48748399972722","1.29752510607722","-8.5235800474068","1.51132105909856","-0.365169333192887","-2.36169084496147","3.46338581190419","-5.02784465070213","2.89324349364273","2.81825159816523","0.873234812387795","-0.613387288026147","-7.72935727774452","4.69525102365389","0.252402967327907","0.793576364584651","-2.73302488322363","-1.66635597356874","6.36250558994479","-2.0823959453695","-9.71836586040195","0.956619847801441"
"Random_Index6_32_0560","-3.05948761879137","2.0878895528522","5.50814960272105","3.0836883236599","4.82429321839508","1.88047748476581","5.02559904320389","-12.8085998683179","-2.84743821605617","-0.246471184125136","-3.67116463296995","-1.21520762722703","-0.662548394412027","6.8310484210421","-1.3655645432466","3.08603923098452","6.20621508289554","-4.56553495413897","0.242809988096482","0.870489777194179","-4.25850736932125","6.79721362675337","-2.01202644037889","0.0975240441906493","2.39902226114612","1.25029195841929","0.373351959786363","-3.67118887586846","-0.47182823444259","-0.988157319790719","-3.92145072287241","-3.12633957794445","-4.0551644415956","-3.0796276268441","2.9652168939652","1.72101282990217","-4.15961336421442","-3.19088695128648","6.80131178788893","0.0218041476741879","3.23059691844665","1.27418343701659","-1.14300940293681","-3.53024520980196","-0.0149456212524943","0.946546804222677","5.05535706163113","3.29819612996472","-2.11734868075469","-0.53355514665707","3.55505092347454","-1.35220549825733","-0.749554657124569","-4.46123481517449","-3.5789344050352","-6.99092322712559","-1.96522535848044","1.02684527765436","5.07296414776447","1.08608813905146","-3.09944307703749","5.76576145470873","-2.74832444273471","3.63449485858638","1.05957418107853","3.26306193302968","1.60801009897825","-5.75074719500261","-1.06926491015503","4.31304210564647","-0.164995836970902","6.55052675581226","3.11309212119724","-1.16917094325212","-6.84413276474651","-4.52192900037229","-9.01111888801923","-3.95289727079868","-0.420357402146194","-5.04491498223168","2.37131738084247","0.0872086162532123","-3.08863998611407","0.724351532325987","3.69663559743642","-6.676473655446","-8.97074251129982","-0.65283270831405","3.51478452009962","-5.41347115178779","-1.07583073206649","5.24887021426313","-4.92811314089641","-2.36732385935027","1.40838988821647","-8.41696261219627","1.60099396723602","-0.401511443486338","-2.14818456474014","3.31126427004129","-5.1625610899771","2.8474426982963","2.8250358293289","0.64177784354925","-0.602975655900328","-7.38159250354279","4.63311182082062","0.0925985827232499","0.89823964457059","-2.65665318958035","-1.54351294281243","6.30277143260724","-1.9691601773406","-9.53944417573082","0.709098378437476"
"Random_Index6_32_0561","-3.14113596742834","2.16312386228391","5.48494933716883","3.22717603884137","4.77852437217128","2.18242276713206","5.26431558781542","-13.0035344719407","-2.94594072414947","-0.368915906029464","-3.75941392931416","-1.26253447194649","-0.641266147180318","6.91496831143656","-1.5517409317983","3.12200395080684","6.62509896804962","-4.486384895758","0.185446406897297","0.782251740992716","-4.48839976404922","6.92479585131077","-1.9386830025445","0.0459674826982914","2.27536752757827","1.1026665042735","0.387192686175376","-3.71766297028691","-0.512697885026093","-0.899869268042142","-3.7687698610081","-3.08772867236926","-3.98892698291876","-3.06252676800505","3.24667033493054","1.61419548418026","-4.39519400386932","-3.07216681526171","7.16250523949948","0.141684798930185","3.31854726076809","1.42260632102301","-1.12532604110041","-3.44794730723154","0.032339978028933","1.20459108629397","5.07507919569756","3.32132364215239","-1.94258305473406","-0.657760850498725","3.44105558331519","-1.41420402541105","-0.720283442001446","-4.55426863897743","-3.54093894458986","-7.34339156445958","-2.13086728796314","1.24258358514677","5.10967943844073","1.1508751579699","-3.12687059067253","5.7884277297217","-2.9019335572585","3.65832352922168","1.14367294927886","3.50416113447011","1.61378183931815","-5.87855757475514","-1.10199884113454","4.47039506670821","-0.249828962008777","6.70375492432921","3.12142723099068","-0.899748105113593","-6.91381144382385","-4.58563535010496","-8.96462437335233","-4.12988930628729","-0.370455045166634","-5.39175457724925","2.43892261740304","0.3599040716138","-2.97938184134484","0.935669670296261","3.67624934256692","-6.78215792552956","-9.18561598818498","-0.785069860693793","3.46421109390549","-5.49988502196424","-1.22257778496375","5.46645471172324","-5.00459665277314","-2.25702917964721","1.35040587478359","-8.36546611647814","1.52791795184899","-0.37883243020703","-2.23639271259375","3.56668483882301","-5.01871248704319","3.10784814088752","2.85805991885931","0.815713750268732","-0.633181123021922","-7.71168907107301","4.73180518792504","0.35642362649595","0.767117649686562","-2.78878067913381","-1.68522458546602","6.26503162658658","-2.10577831825498","-9.60471893567602","0.976937660214669"
"Random_Index6_32_0562","-3.31886998299954","2.14667591885091","5.3437405502785","3.03829322022448","4.78250577700331","2.01995033517658","5.06353043718272","-12.6035038063989","-2.97386140373388","-0.395198445372647","-3.71049752627288","-1.06752092123371","-0.590657875751598","7.09673600365889","-1.43327320648574","3.06846737020337","6.55180783417395","-4.65468118161959","0.277121594685698","0.916458704764733","-4.26991496668304","6.84066235404687","-1.96846846961777","0.247687127494713","2.06831465574142","1.14135945084419","0.466326259710152","-3.71585214537322","-0.747739611732468","-0.974509886517201","-3.89778308748178","-2.92628588963481","-3.87856905472508","-3.24844992262924","3.220346029171","1.55534177772894","-4.33925478409614","-3.18349182363669","7.01753721301847","0.0042741398395279","3.22860215755836","1.40356971988593","-1.13553327452586","-3.66234503722479","-0.0733991895833592","1.08044056350655","5.05714612234284","3.27421293167989","-2.04645567955193","-0.705894245718915","3.46513635080232","-1.32672487661937","-0.571425746716358","-4.4910854524749","-3.49150351377319","-7.17463984681802","-1.96269334242269","1.26756029435881","4.99488606238667","1.2559877634853","-3.23639561342854","5.67725900916708","-2.93236427475436","3.52207434338945","1.10713616107194","3.64318392616405","1.6742415068371","-5.70478231216663","-0.931748982278884","4.31608510307492","-0.0237128433800436","6.77233521838222","3.18002970643701","-1.15851788931628","-6.88370263626956","-4.48914844401728","-9.20388662417186","-4.01351824156206","-0.5331934173195","-5.25738856720778","2.48730065170894","0.223296826537712","-3.03054223220664","0.825107468558514","3.78199829903949","-6.87095778404987","-8.99543500280648","-0.761592110625439","3.30478762973526","-5.49855805397484","-1.20250123711366","5.42063764025441","-5.06565924647058","-2.39060268968375","1.48311652846839","-8.35080808535546","1.86371365624248","-0.51699799465945","-1.98831925911356","3.64043223939873","-4.99730066363314","3.23624906994659","2.85018934450075","0.721869526942636","-0.800996573456814","-7.649675421888","4.62231950198086","0.231471093828917","0.807761445958684","-2.64082063055902","-1.84127447875578","6.28794884063406","-2.46699583232968","-9.54180928086925","0.814443547130646"
"Random_Index6_32_0563","-3.22565202260219","2.30613726302377","5.68749834088974","3.20160656431653","4.83906223812455","2.02034875176767","5.02765292091602","-12.9783763709996","-2.83669071530451","-0.285679066748259","-3.85786797221953","-1.17896481514616","-0.704166548879618","6.8362884674691","-1.48229670707798","3.12119965957565","6.01597988987281","-4.71942764333166","0.29138429292745","0.954222940446501","-4.27334857273745","6.90747516521633","-2.20502487597573","0.341662071953027","2.47549663737771","1.2467997885608","0.329993680294402","-3.87470169502173","-0.406598010406787","-1.08032946371533","-4.00779066701791","-3.25079519674648","-4.21975657161269","-2.93102118187092","2.92298541618072","1.85967136575677","-4.18654592408115","-3.40720691319838","6.80686641755985","-0.0229754165523316","3.44797796073718","1.30423345505426","-1.42366819295661","-3.60506682202753","0.0540150284186401","0.789579721479856","5.27776325239886","3.21927633976419","-1.88132574404902","-0.566982636854635","3.63985795884442","-1.2720986048847","-0.873906220775508","-4.56855405521132","-3.42872064470355","-7.18640181853351","-2.07619985635419","1.04328076986623","5.15227068229704","1.18151819584096","-2.95214694396844","5.93777185728677","-2.94910775797884","3.68052808213916","1.00559827685363","3.00556222341663","1.549036186238","-5.75801393041948","-1.08290978291906","4.45349635321229","-0.0544543721772707","6.41988482617525","3.20989926201959","-1.0667471816883","-6.8774107465582","-4.30259925572432","-8.97974858482084","-3.9413615267692","-0.354818595802169","-5.2227029480048","2.31354123909268","0.113847666246738","-3.18247925401265","0.934250287819959","3.5752624617627","-6.65301603001963","-9.24124964567795","-0.842137546555772","3.58039943222039","-5.61307915093124","-1.10584789464846","5.45351502231169","-5.02231886267874","-2.16189790626586","1.49716973327855","-8.2677068298283","1.68220712442563","-0.396417834733142","-2.39336495790347","3.38754520146921","-5.18781557388232","2.74646318246327","2.79428440617928","0.757427361380811","-0.646015327363525","-7.4555458268571","4.6604269657902","0.1413887923518","1.01367325579699","-2.84680422736889","-1.451177685726","6.14607256329723","-1.87570187173442","-9.63746625593861","0.680916438024103"
"Random_Index6_32_0564","-3.29461558358306","2.23894236133774","5.55070601210727","3.26929638985762","4.69553390880266","1.99492186408392","5.02351549385064","-12.9102785705674","-2.82922543147444","-0.371030455487091","-3.79746380827036","-1.28219580848449","-0.837848554908535","6.98973620813725","-1.55402382844094","3.0737747901564","6.54003668461899","-4.4210245886139","0.127222196468079","0.879863427486156","-4.56193837889725","7.01673690023114","-2.15869536337848","0.000478294374806097","2.28625820383411","1.17157828366958","0.517571315063421","-3.89963939766389","-0.486693261151713","-1.08305850131721","-3.73928050338895","-3.26075036302746","-3.94344561943251","-2.97291656602002","3.2969115595846","1.48829011258035","-4.12824894108781","-3.13414672800269","7.07923293955149","-0.0140201428089659","3.31119836186661","1.21977613587608","-1.01771602337283","-3.56056214131641","0.216372121598963","1.11642686362933","5.02630791917854","3.45480917334946","-2.00157565525158","-0.593926528778435","3.5061378445864","-1.39710484371643","-0.85856545472474","-4.64326534943235","-3.69142432792715","-7.19994707299037","-2.17665462868393","1.2037168063574","5.2388790145215","0.940791039137422","-2.98222724791769","5.90388556119579","-2.65086869633995","3.81670235723691","1.00069302615786","3.50016777598567","1.64297643413237","-5.77404436669897","-1.20905661040725","4.50403642474789","-0.093270342151177","6.62476208084542","3.38833808063063","-1.02126148753686","-6.81937262756426","-4.99573005724899","-8.97615986486457","-3.93015586221055","-0.349562739303424","-5.21712996833675","2.62693566078576","0.121242093125457","-2.93495784170182","0.960946680028715","3.74925313514241","-6.6834097730917","-9.16678708060989","-0.696273448635547","3.53258979943445","-5.49580673542924","-1.04787643571407","5.26338386263392","-4.87512386627014","-2.15765293304029","1.38088196053505","-8.35500811589776","1.68173079481985","-0.436853123781915","-2.21354557514044","3.54133794105307","-5.05822069544458","3.12628989867706","2.9889178805416","0.660951267715095","-0.677755234089323","-7.57999363379294","4.89681992974444","0.162432159661049","0.938939585332909","-2.66564264814855","-1.48920596813482","6.45142678266862","-2.11245993779935","-9.49673049213717","0.802765621425314"
"Random_Index6_32_0565","-3.12783137473703","1.95560601114295","5.39021676885886","2.96596623687988","4.77892445760632","2.05545024854095","4.95845410833698","-12.891518671399","-2.78673243029949","-0.267009969341332","-3.74015364888582","-1.13639000326585","-0.510215515657691","6.68778309025939","-1.36516963485767","2.89899703361412","6.26116325969793","-4.52672505442332","0.237508520506758","0.700207746913539","-4.34858909771458","6.60360540913723","-2.03216052297885","-0.00124638595047195","2.30028776459416","1.22484042802461","0.315679731192155","-3.7523298402772","-0.62310811074685","-1.0452476061956","-3.78420238128105","-3.12220040154599","-4.11630918781065","-3.17535539549077","3.10115575957593","1.54391250674314","-4.14524019547555","-3.10652132192169","6.79682952724973","-0.0299090129675115","3.18917518642106","1.27169564343198","-1.2663517645142","-3.5540764594697","-0.0982271646353958","1.07359909975407","4.94183382285859","3.31430620611313","-1.93696011056818","-0.509912462218352","3.43041381257345","-1.26170632239082","-0.705246216953418","-4.31722377716917","-3.62727290056537","-6.94126397165862","-1.92730481735071","1.14487906432268","4.90600270434566","1.13575838890594","-2.95454946233487","5.74964474772033","-2.88805476357357","3.54704480166984","0.986401235806325","3.43082542932064","1.52674588315642","-5.67144647016707","-1.02896310045171","4.2928824301142","-0.153346774647424","6.52844254729348","3.25987307346924","-0.989637853544812","-6.78904347463966","-4.50007473141319","-8.85232086644383","-3.76479411352355","-0.285700810873222","-5.23027511647297","2.35818707377316","0.241743445178602","-3.01583540528782","0.713953097610479","3.56828508041388","-6.54977962072839","-8.92277993175285","-0.711279195874559","3.41067202795718","-5.55177909872623","-1.20296878699802","5.302992592391","-4.82424389729094","-2.29627563797058","1.29520235899577","-8.30146196862161","1.67515377275689","-0.383480548565428","-2.16972858101925","3.45198204390863","-5.02069792876343","2.91409261793921","2.74610917749882","0.77013354350916","-0.632828953720014","-7.41650304942591","4.59999816217834","0.207828717376803","0.728992267373129","-2.54401466437029","-1.7055686653467","6.20310572762181","-1.73566805398789","-9.53115151693327","0.789765462114753"
"Random_Index6_32_0566","-3.40773255062872","2.24601387300984","5.68638094584937","3.07183014787585","4.8630206884272","2.1835986378803","5.31663362882936","-13.1533067197501","-2.72482571522745","-0.231053787918691","-3.68882192398026","-1.16462411177869","-0.436058556266197","7.06896782789388","-1.35632128169991","2.8136375907301","6.5588264095505","-4.80998017064828","0.286061228902179","0.648671327024041","-4.33933862973752","6.83475856261873","-2.00053819017092","-0.108426547237753","2.46413057117621","1.2791198134891","0.248315745657728","-3.81883638483437","-0.625421541898011","-0.996966794226582","-3.74795010463027","-3.12330697036258","-4.11943682280599","-3.03218779522244","3.63507006146509","1.44343186088306","-4.02772666460794","-2.98487428867835","6.88728747161508","-0.0158826514865289","3.44253514778868","1.34519700677422","-1.31353858223402","-3.69662754901608","-8.95347089135285e-05","0.881707064343303","5.22886824177851","3.46624992373634","-1.95471436698848","-0.573194599809353","3.63383543544815","-1.27085003711166","-0.626841021268522","-4.77923086932742","-3.66334264522625","-7.23538283279857","-2.38713469435504","1.61131427036947","5.24274979001027","1.28709744856189","-3.2584502229445","5.93925554882905","-2.82283102424781","3.88929480404989","0.978065822081223","3.94916368072325","1.67587560490065","-5.83598641020997","-1.20925623029745","4.28991886309121","-0.254212405644485","6.7160280893679","3.36477813804921","-1.37514095660016","-6.91086828938372","-4.37680108758599","-9.25818805174279","-3.98913861684499","-0.425205343532647","-5.13578642400099","2.66536433508321","0.141987167988956","-3.01496715958014","0.678823371963934","3.87642113348364","-6.87095056704065","-9.35101086048462","-0.866141148156434","3.65703982070375","-5.72840140445473","-1.05057596046172","5.17303327522974","-4.79825300522923","-2.36444249344918","1.27226045341087","-8.42459365579043","1.65256493095065","-0.322214614889379","-2.38684592864161","3.95361948188409","-5.07443990816569","3.47134257893967","2.95592522966215","0.67756950707437","-0.722158979794945","-7.68448207504871","4.83435673844262","0.331835681334353","0.911066148896338","-2.81655682309277","-1.51647924442233","6.60160123149294","-1.97377569267126","-9.89464945448087","0.88420369181663"
"Random_Index6_32_0567","-3.10097753957613","2.09764305076149","5.67714826622715","3.28588850399263","4.94285356677496","2.04385581704358","5.13221309955405","-12.9210892913764","-2.86039788344091","-0.249033564372392","-3.77533527554106","-1.24535425279614","-0.649900967125037","6.8678216853684","-1.31411135138945","3.01559203552854","6.43135303453385","-4.59146073456504","0.127045817224347","0.789740923052062","-4.41409605583346","6.88006312895814","-1.94865389145829","0.0388589162481232","2.39620407708147","1.11680275258019","0.377459988910538","-3.68928423573762","-0.54780094336701","-1.00163269952746","-3.85841338228554","-3.25005933229626","-4.08887914683849","-2.98083949387905","3.30515666296464","1.56844793123036","-4.13834743405456","-3.32755660650519","7.01333236952529","0.16082267571416","3.29059186732517","1.47322014154663","-1.20889357532024","-3.43440608132832","0.0260378561863603","0.865907532405342","5.14477842679321","3.35856564956603","-1.97504872959998","-0.513072086826516","3.50313767640258","-1.47372366074648","-0.886774133219753","-4.47809500098478","-3.74139382458921","-7.04850622074533","-2.09319668032141","1.3002846568188","5.04233095395757","1.02142678910158","-3.13665612325896","5.95679190162746","-2.80193828446457","3.75322188761991","1.03493115565812","3.63951621776448","1.34696759108199","-5.82318618639477","-1.07794481076171","4.45516021190949","-0.365545418679179","6.84922650688776","3.23118964079493","-1.24219662746198","-6.77250724099285","-4.483751164682","-8.95259326412713","-3.97211658565078","-0.458556812655902","-5.16345442007947","2.50949079859848","0.261840860832935","-3.1250903573619","0.811577375109839","3.83722007610298","-6.73133738512826","-9.22423170542474","-0.872034394740805","3.46478378699578","-5.5454456931613","-1.15261335802202","5.26260179056221","-4.91394323656778","-2.16105738698076","1.46353130500482","-8.37050948922201","1.66515240837418","-0.382648119804594","-2.38539529283764","3.64998525614447","-5.07558544502959","3.2410131097068","3.06458367597212","0.765458494055736","-0.646957819019498","-7.5244523765403","4.80125339666694","0.257388478095676","0.880431938414985","-2.7482717312327","-1.65789644640379","6.37805544808544","-2.03158923122634","-9.51477548697777","0.923210743169182"
"Random_Index6_32_0568","-3.13786556919682","2.29044420256037","5.75435505231567","3.31790165547667","4.93959933723062","1.90321728830289","5.18119079098889","-12.9479033398132","-2.74481815106739","-0.509027045495871","-3.95152959451154","-1.38308598169049","-0.795925133701212","6.75152012946324","-1.55534257034796","2.90766541463292","6.13083708762725","-4.82672534597375","0.0622489738732543","0.795140951743037","-4.24596578760966","6.85381184394019","-2.27911817206945","0.0246168438842252","2.60246704411933","0.997713513227478","0.314523793551539","-3.96438894659069","-0.444767193890215","-1.28909201785898","-3.969687833453","-3.24643313098912","-4.34197064779602","-2.89556545064927","3.00619904116726","1.5766884492444","-4.01124749911315","-2.99863829107018","6.9053882642974","-0.0736225472080484","3.44676745842653","1.14684487082384","-1.31094499426027","-3.7347224046893","0.270457733395906","1.01246587413695","5.11406043171258","3.44957118520067","-1.88941264953155","-0.421620443986207","3.59439014520716","-1.66938711276744","-0.976951255097813","-4.51375444523145","-3.66324305403156","-7.08190058502969","-2.13394760393096","1.00023644511462","5.23164178962427","1.26937048982008","-3.19761599160555","5.97309948871588","-2.84353743183271","3.82211975175249","0.918271052919152","3.31136674697491","1.39674546762757","-5.78975364287174","-1.33782189857343","4.38665397453147","-0.180607709219633","6.5160477617875","3.24976118525588","-1.11235344498164","-6.66324266643382","-4.48268765406706","-8.77950671716522","-3.84066986677215","-0.456607277993889","-4.93240535446909","2.52512292172744","-0.0102035423035226","-3.09162517450344","0.967876745485008","3.67633862426215","-6.76435983678503","-9.27149518639923","-0.912138348002847","3.61996196417255","-5.47109272348434","-0.912435259242878","5.32789150329386","-4.77619574945551","-2.09204480956456","1.47629599869174","-8.20743117418936","1.68063262753594","-0.492386501263882","-2.39632466783632","3.2807942051057","-5.05216836122504","2.91499531245155","2.9986504020935","0.694811264870095","-0.739746877728729","-7.44885868139757","4.78937096359825","0.0552248086864576","0.9380467290518","-2.94728934192782","-1.43912955019196","6.43776113198475","-1.95624372620729","-9.61067946543472","0.694071712109562"
"Random_Index6_32_0569","-3.23995224499517","2.33924771793109","5.64882455648041","3.24706535101191","4.83926795667581","2.02435080440189","5.16849311898184","-12.9667782728904","-2.80323424116114","-0.413514464258638","-3.83599459198391","-1.26931058072899","-0.69594384236236","6.99439488683496","-1.47142725424363","3.03187043501472","6.33885033873321","-4.63345285529416","0.0934072449997692","0.942780658874161","-4.26225745213195","6.82169645614104","-2.20556912305489","-0.0101286346041392","2.40602512484532","1.03865286213412","0.276844306863291","-3.89064040599713","-0.558277866683831","-1.18375753579073","-3.89500960452459","-3.26102307712004","-4.09704791717351","-2.889418037332","3.27828092377421","1.42710180711042","-3.99524984804513","-3.08073654755879","6.95494185453908","-0.0292178237499775","3.37672266726544","1.22240996015262","-1.22941265922314","-3.75900997842675","0.137679119118597","0.877421201144901","5.15405606184383","3.38953843034118","-1.98879139254212","-0.470733751068139","3.58934144605625","-1.41342909364259","-0.823930881974081","-4.72208662757594","-3.55487871140331","-7.18929537857167","-2.18828764134033","1.27474777617518","5.21714050101076","1.17606873593614","-3.10758705643642","5.80881687286547","-2.86389564166993","3.8554397982065","0.880474598501973","3.46867702986735","1.43004405998877","-5.65692242204673","-1.17033200666998","4.4841168389009","-0.102048776949689","6.80826010214545","3.34939122068112","-1.20169909049516","-6.79338418999378","-4.29446419991657","-8.90840407877361","-3.93404362821532","-0.471942453889594","-5.02073348063171","2.57871315489521","0.0214371036619403","-3.02453290237931","0.828383004517799","3.76334796101238","-6.69754389229757","-9.31011161077593","-0.876439901352679","3.52164937415353","-5.59098551983197","-1.04876823125245","5.30459094249942","-4.69918535264447","-2.23173708944555","1.37376902267669","-8.21636328366837","1.7016965036369","-0.396009433517277","-2.21133174520646","3.62238604582858","-5.0318676226886","3.08190377406078","2.89041516639685","0.681366282321953","-0.585306928909444","-7.55698018309051","4.72728180286542","0.156682285685636","0.84257840008728","-2.78011917647848","-1.40674748933258","6.42625825253771","-1.92259984688931","-9.65938921826774","0.776781825375077"
"Random_Index6_32_0570","-3.04129864219827","2.31530832923687","5.68271734033942","3.14239143246549","4.97094637125303","2.09080757480154","5.36814487835858","-12.9444520216274","-2.84020332061585","-0.266820478355538","-3.84638865061464","-1.24620013526842","-0.52777717494893","7.08779530695013","-1.42988962311807","3.10649427754566","6.29512034751686","-4.75959497229326","0.216692365914657","1.03252937163398","-4.32058440083473","6.75125930058327","-2.06117026563448","0.0794638634188861","2.41474007634076","1.13933239714489","0.460641223667696","-3.93609727499488","-0.605183054908934","-1.14748690814504","-3.89165034881496","-3.12017268121706","-4.01061686163187","-2.8611346946539","3.28933235575946","1.67802005983283","-4.02502602987473","-2.99089144141638","6.98658872287814","-0.00870634008588237","3.28372919996275","1.3417602515742","-1.45220927058531","-3.67132118724571","0.230299360237962","1.03778192079985","5.14474885209821","3.32586134116593","-1.91491364575054","-0.638839553810859","3.80429335240332","-1.43966158770754","-0.766381531147442","-4.59401276502233","-3.26427231179033","-7.11841910471781","-2.20543930930267","1.13151357930527","5.20966772254569","1.30649357969248","-3.29830361697332","6.14169951504754","-2.99739078425966","3.78720365421806","0.894859753252253","3.4314540596183","1.7399433818495","-5.96647463712039","-1.09735633142529","4.53250241896151","0.0942732063184972","6.54721232576778","3.28850934468642","-1.02195285079346","-6.81930533996807","-4.44903906461107","-9.07273832634401","-4.05150734841725","-0.530048077247924","-5.10627869732031","2.39143551633109","0.130079950302197","-3.28285434962658","0.803424900158752","3.68301996630844","-6.70926855418679","-9.23249905657081","-0.83692992421079","3.59255355338299","-5.56675136418462","-1.21892888253448","5.48893242768186","-4.68040627000455","-2.24402623638184","1.543951723934","-8.32576727225529","1.93110699766209","-0.508133368844103","-2.18668077697335","3.55415964369849","-5.27931276320006","2.96388390936403","2.88876818937144","0.709715749638113","-0.711434379062199","-7.78956146286361","4.71766880658885","0.16687972774838","1.07104813769758","-2.79283722537223","-1.36221259456492","6.27412074760973","-2.10500053622875","-9.97027016885714","0.731735349046069"
"Random_Index6_32_0571","-3.01976276414839","2.19669800368081","5.49625604898586","3.17232797798971","5.04522815478755","1.64553598223319","4.86029211402665","-12.7317692532202","-3.13394331538562","-0.434832413101865","-3.78166037098322","-1.19728903865193","-0.696534814876268","6.99669980269858","-1.46360914664906","3.42249180529707","6.28036139284687","-4.84750034874535","0.12316615431353","1.1829861712359","-4.14552967922674","6.89293135607147","-2.16517808010241","0.296185283618061","2.30561215964465","1.16004912837322","0.677843422117051","-3.84209327331683","-0.230881040312707","-1.02008297002417","-4.16319961156102","-3.14992261794656","-3.87040848583174","-2.87476412447599","2.93415859155682","1.72607633471515","-4.42972472847181","-3.32031994935799","7.03867703165739","-0.212632845537103","3.43802473125132","1.2838659902158","-1.3073169223529","-3.72042197958841","0.180062465305526","0.909031147347949","5.22485708615107","3.28160176752578","-2.07697135641218","-0.584538940390783","3.63098165466156","-1.31209408629162","-0.743181473236108","-4.23897864014599","-3.32455040123866","-7.10716290993158","-1.74616088939558","0.957002617013665","4.98421843595227","1.21967450173293","-3.42836619617582","5.85817410575791","-3.01136256584946","3.84674538459244","1.03863932052101","3.26429906107184","1.51063312303629","-5.81722840577447","-1.20276749257838","4.66843354153702","0.0248256027497391","6.51957443098379","3.21700242530028","-1.22061563505836","-7.03020977017937","-4.56536649411035","-8.99313685786827","-3.91251177091759","-0.618275884898867","-5.39294391952903","2.32638437597807","0.0890008550896557","-3.16248677758938","0.963124783724235","3.73362359226316","-6.79800102262809","-8.89510418747797","-0.820127956163515","3.46394227506225","-5.55281992457271","-1.30126513844227","5.48678235548871","-4.81893773983776","-2.10398164542337","1.83566618804364","-8.34190300527027","1.95867363414311","-0.6852667001623","-2.00920930120011","3.33853590751408","-5.29517252059053","2.85151852840343","2.75580162331299","0.46869937336155","-0.997857968064435","-7.32848248150675","4.58741063268938","0.0275732502590682","0.717795523361813","-2.52566010095772","-1.59966967922623","6.14923819679989","-2.16577979256639","-9.75799833607674","0.555632399624338"
"Random_Index6_32_0572","-3.01391628247863","2.31200477540669","5.73400014242422","3.25193753476076","4.99727397453983","2.05207679675624","4.9137901340066","-12.8282374633448","-2.76036095161002","-0.33115728662776","-3.78896716496098","-1.26935605038929","-0.739879947976924","6.80836948288293","-1.46624189487824","3.14401755423476","6.29951250760062","-4.63147926055674","0.193661521568951","0.921933167690566","-4.21263649719638","6.85199348156069","-2.10205971208955","0.198603817192678","2.53528297607612","0.978602974022117","0.446102197978344","-3.76874970779016","-0.422364410729972","-1.05405526339891","-3.82549270224362","-3.25125071047704","-4.07724650927336","-3.06091401605232","3.12809051542092","1.50275204960601","-4.14683015946216","-3.11120699563905","6.95398289341747","-0.0168270186949815","3.29045888180449","1.30693493784497","-1.34397314227707","-3.52974699137688","0.229474052760496","0.883235463435933","5.18227516486524","3.41416053401597","-1.95816570930253","-0.401321215915407","3.65873891841908","-1.51971499887114","-0.848668795207536","-4.82439273770281","-3.70646696936588","-7.21704736813639","-2.11969924551587","1.19852297466853","5.16769590866589","1.11927644343436","-3.1489604820897","5.8433209665539","-2.8477467826186","3.84681575176877","0.87422953239801","3.44354911340685","1.44412552133867","-5.62101809482286","-0.934751105854498","4.47956388207642","-0.165165875564268","6.66521253733802","3.30314714724529","-1.20174740306081","-6.84284136826983","-4.454611416757","-8.79610101346459","-3.84342329601139","-0.566455503425719","-5.07317902456532","2.6129688740107","0.055022130738899","-3.09892135597032","0.854653418676762","3.73028561849923","-6.63985148087908","-9.09805916955379","-0.931414776617554","3.59527118834154","-5.58368534858052","-1.00788280382563","5.39839935095288","-4.76181454828835","-2.10828556580965","1.36436101497033","-8.29861137898","1.80105808417886","-0.373998013783597","-2.17755394153845","3.47473503838207","-4.96936599046038","3.07674136596709","2.96726768246249","0.776398200298257","-0.762035011551465","-7.50703463049414","4.73991780022872","0.137854819861082","0.874246765903271","-2.81463376798394","-1.53312137614117","6.35476359502155","-1.88659548486224","-9.60826743805147","0.815779754435137"
"Random_Index6_32_0573","-3.06952075265755","2.06806479581841","5.45317606447806","3.11868314034301","4.55012706941987","2.62377499945192","5.42835274439567","-13.0748592040841","-2.64501801705585","0.0193069327081318","-3.40598659728017","-1.0513416371947","-0.314764847828796","6.85732988347531","-1.08371916427435","3.02170033741489","6.29206986350833","-4.52358649759156","0.495432623039073","0.648153800680255","-4.55481314389003","6.69544293350078","-1.74481947555713","-0.0605434589969758","2.04449750567051","1.3104670713923","0.249411303217569","-3.48705651394237","-0.847390960251042","-0.622682430573645","-3.57230928329711","-2.92734351788519","-3.94874260563061","-3.14175003971186","3.20550691213267","1.76381198913737","-4.27387456668482","-3.39183309313781","6.94221877691425","0.441763692898402","3.26334714658426","1.84736577411457","-1.11239645188274","-3.24197502705189","-0.208481442830362","0.871659550228698","4.84108818391245","3.31818080606879","-1.84432464540525","-0.71602845726344","3.28945167609021","-1.23556633734032","-0.535308133417978","-4.70664067665712","-3.827482903811","-7.06511240429424","-2.56485656688131","1.11494057267652","5.14625529648403","1.14685776391391","-3.0570316011233","5.78241716049287","-2.61595329287063","3.53346564381132","1.35601916850572","3.41319528496204","1.78136314396001","-5.68874636533818","-1.01155463969714","4.26463298774447","-0.34877991365469","6.65321379564966","3.02827809282466","-0.844162269274731","-7.05309023808257","-4.47743131383566","-9.14992266416264","-4.26441110606042","-0.137596966703495","-5.3673441866884","2.31213646121062","0.582150946630785","-2.78810682801266","0.636155716872872","3.60858371150132","-6.57128220483255","-9.19484037638039","-0.64207370298921","3.34228346312866","-5.83366954081804","-1.25615279732991","5.25473851201621","-5.05366453720969","-2.43492933557681","1.26655314254072","-8.55415180076667","1.51482617254423","0.00984589451355143","-2.40925768762715","3.44872412817297","-4.79903783066702","3.02103720215054","2.77653342089788","1.24792271804902","-0.444592613739475","-7.8882546361447","4.66087192911711","0.667517201160883","0.635054948600955","-2.6319832404508","-1.96527862802887","6.22486452564867","-1.96239616924526","-9.63869833224778","1.23294656639314"
"Random_Index6_32_0574","-3.2598305586888","2.09751008581174","5.53098924488807","3.2393443000878","4.93877147163472","2.13833423175366","5.37937042460868","-13.0711457837301","-2.71455154869017","-0.306167905627365","-3.84121276854665","-1.24707635846936","-0.649661475528357","6.73555493843797","-1.55862956050669","2.90689517620081","6.36711579039421","-4.57837702638495","0.146328321417396","0.657509707888943","-4.43036157393254","6.80515398479168","-2.23155545106818","0.00473335372071888","2.45417208930674","1.23008779235488","0.128114516619929","-3.88578187951933","-0.589174745720291","-1.04204931895436","-3.88136311171347","-3.30553139658008","-4.12937234403656","-2.90263846491747","3.02966456509285","1.75029196333332","-4.28584544939328","-2.95844245831594","6.98429845681614","0.0465334888511157","3.40731417925316","1.22240308939688","-1.44071576453655","-3.58719051972921","0.196444250420238","0.767130400050318","5.17581060734287","3.37203864807189","-1.9061685539763","-0.502598195991654","3.52985487246245","-1.27540649016579","-0.85103144639276","-4.64982101024366","-3.59977043363827","-7.11243665082872","-2.21089610005077","1.0811270466765","5.21304270352794","1.36541378886947","-3.10320679922224","5.94199655683379","-2.78685439516804","3.82869469835084","0.945470658971584","3.34945683560965","1.6034272041934","-5.63399297454197","-0.919005678193808","4.30862926930943","-0.269795177851845","6.75724661436996","3.3241289085822","-0.938568105173453","-6.88788717015432","-4.55991347085526","-8.95880426744767","-3.91894005444046","-0.337125449773559","-4.96537648936659","2.47493425379774","0.0503651102470049","-2.99314193608988","0.697652932866677","3.62739256997997","-6.53762112352381","-9.31233063253624","-0.926260464094406","3.42567629776366","-5.70615000291432","-1.01070708496211","5.20914930098029","-4.95455399364887","-2.3987903290465","1.22992192020497","-8.47775823279466","1.63516308102659","-0.328348874439583","-2.38829229086235","3.34904800279188","-5.01715272312686","2.8130166182728","2.89795047245847","0.777039700079959","-0.619687856254894","-7.58699866755813","4.89222335046968","0.254163699965879","1.01036516701366","-2.72179962698648","-1.71820997682476","6.31840991409643","-1.64706802714541","-9.54994396030202","0.740468384760762"
"Random_Index6_32_0575","-3.07984494061827","2.09168459496595","5.61357699670229","3.19690855030052","4.81203422888385","2.00623098542545","5.10329716708603","-12.8715873802817","-2.88773287699121","-0.278918833208333","-3.76852077101457","-1.20959869262698","-0.772301289572788","6.89022690034981","-1.41684550681321","3.0717189975114","6.40747411833775","-4.65733467852503","0.170747546710158","0.992862592517893","-4.4201251661569","6.80450317325244","-2.02039589974015","0.150800605641196","2.23937186631066","1.02241030596655","0.359070279866945","-3.71643793698261","-0.607736729658428","-1.16072800920705","-3.93644152665654","-3.22386743609086","-4.25578704993125","-3.03591660494358","3.21486378134347","1.45636198849312","-4.21460548497029","-3.1911769671026","7.08293245476353","0.0488287930506996","3.27657994165032","1.34768509679281","-1.26002627912333","-3.67468402849354","0.178087342310353","1.07670055323537","5.20021104520699","3.32593700117756","-1.80041260231657","-0.577337774552156","3.48422160356126","-1.41188396373829","-0.813277891820701","-4.50162541364626","-3.64765401521452","-7.18422337414049","-2.22616068110824","1.22361959158874","5.05408008850508","1.05993459451607","-3.30585064932589","5.8872620382301","-2.85965754579067","3.68123419422351","1.02221424856425","3.3436774162938","1.45095912208155","-5.81926905472284","-1.04149984491569","4.5421782630513","-0.157656201130902","6.67441777039571","3.17003188531578","-0.943514342698729","-6.93208461800853","-4.5713452564032","-8.88858436152223","-4.00739081083173","-0.400583218339219","-5.20644007535524","2.47298624134454","0.134032581492093","-3.04223464450076","0.917537917312244","3.64886928315621","-6.83112288507944","-9.22996047661669","-0.769312695854961","3.46753228530356","-5.50540102514193","-1.17344276296203","5.4360818097535","-4.80952765477831","-2.14692253148836","1.3784179392844","-8.35632477869892","1.63030859566708","-0.45953992836269","-2.35057864728992","3.61261677027892","-5.1132768533403","3.01361442062465","2.90767159085969","0.724815595513249","-0.612945963980311","-7.43606674730161","4.73184419358403","0.315763678213932","0.731285085453552","-2.8148635632307","-1.58185367954538","6.29551529055902","-2.09077073549586","-9.54326480815881","0.762511210654916"
"Random_Index6_32_0576","-3.08579382533509","2.18421063453777","5.77200055899674","3.19803918277815","4.89266569444012","2.03266129310467","5.00702546519581","-12.7597890595115","-2.80236383291028","-0.317966337835889","-3.61427668574672","-1.10076149406444","-0.638385065119423","6.77822937844929","-1.23855561969872","3.05547034829773","6.06091516700874","-4.66088589353621","0.259073907824515","0.852291534681549","-4.28211686209635","6.86684527771594","-1.9287217861471","0.113272561399501","2.40082190779762","0.891893340782238","0.35205952110619","-3.69711697175626","-0.645628623986563","-0.946772644513939","-3.88893377774513","-3.26442499675236","-4.10739469194512","-3.02540772965397","3.12375924270165","1.58295661444021","-4.20688776961147","-3.02203854374549","6.75308056569397","-0.122647301066638","3.34097764656832","1.41272380690586","-1.27987513432476","-3.50333098698555","0.119064253711934","0.742983641553259","5.20639274978026","3.29000078299819","-1.9773200620923","-0.55095329326279","3.60214470657285","-1.34322631742064","-0.819403923440171","-4.48806773461739","-3.749425296612","-6.96288961784517","-2.10641171057487","1.25112951621933","5.1674571434805","0.995664896566694","-3.19246247756705","5.81990039155344","-2.86468579326752","3.71578604040431","1.02943144448454","3.21884629331411","1.48742377203159","-6.3059356964943","-1.07176203045634","4.44464719816006","-0.233946763425675","6.4223575410306","3.18543817769514","-1.1219276444085","-6.92619032131078","-4.54812259800199","-8.88112138304435","-3.9288741397508","-0.3980486536539","-5.01580578560532","2.35185442791809","0.209220583916821","-2.93671792710359","0.717844982647895","3.61129558225231","-6.63534905754484","-9.11028248435791","-0.828929048855953","3.47589366783109","-5.60285849114661","-1.00639794367058","5.29484575383574","-4.96591592251574","-2.25907671462741","1.38618240678067","-8.35375139609491","1.61978096871113","-0.33831980299201","-2.34321187486218","3.5400644280578","-4.94948641308724","2.82563683812864","2.83047464043094","0.760688611816284","-0.923074302821006","-7.39595486443269","4.67857212122922","0.352793141467481","0.902762814198075","-2.85354631667675","-1.58786998451865","6.30874545125212","-1.85628957039878","-9.57952459316979","0.927936935863008"
"Random_Index6_32_0577","-3.26288775119015","2.18124396493058","5.60774695478985","3.12711604194057","4.86846907779154","1.94960149658305","5.08199326606997","-12.866322688384","-2.96639302243282","-0.43735952849197","-3.83694091611766","-1.29453391969312","-0.654351009216648","7.02913296389577","-1.4758287281697","3.02856395205915","6.56214398700838","-4.67784693331953","0.135774053191617","1.05425942498146","-4.27445933126015","6.8880652364166","-2.09458801530329","0.203412193573423","2.23357863968667","1.24235198066835","0.57337102616442","-3.91496883113833","-0.372463281127206","-1.15471591787001","-3.96757469256046","-3.11808666671047","-3.90978219641517","-3.14832398440215","3.28036898403355","1.61016234597197","-4.17178804587317","-3.14974091274699","7.11767318097138","-0.00142724495000968","3.21715017594947","1.27017346239735","-1.1357155438016","-3.65193931375507","0.135398232552103","1.20977352036927","5.07723376090626","3.30926361161893","-1.81894538311498","-0.577670604469993","3.58791319710653","-1.48110762658678","-0.706351916723241","-4.43788243512542","-3.4914880821551","-7.24895836415688","-1.89060012526601","1.29241505980621","5.11082057788659","1.19260803715073","-3.37440311907123","5.80425320674247","-2.96930403551327","3.68067106903172","1.05148821476695","3.57189372349218","1.62601961056089","-5.77630282196436","-1.16585073399689","4.55800153624536","-0.0292325752042551","6.81631383660079","3.29042025301705","-1.06375242759832","-6.78224446270059","-4.80193114358421","-8.94782573917179","-3.95631186571305","-0.525686988471752","-5.36202685141183","2.44490626024352","0.23930936494081","-3.06773711222031","0.971352779595508","3.75178791684537","-6.86490414519193","-9.33958175412247","-0.910771970853051","3.54794034820055","-5.42579499027187","-1.14954140453893","5.54764537325557","-4.92404123245654","-2.17953927665009","1.56127689923277","-8.44877425589262","1.72162339323022","-0.500850643489644","-1.96598005709173","3.6533269862137","-5.16840684809659","3.11042402371842","2.75524678609476","0.705797668653759","-0.786022186645202","-7.6119835503924","4.72942403078443","0.132869768304476","0.6749356322107","-2.78842339787692","-1.61714840249345","6.28796957304757","-2.14308508056971","-9.70893632955486","0.890505926385151"
"Random_Index6_32_0578","-3.206598123","2.37050406348909","5.8119211869315","3.30719720109419","5.03914376294438","1.71242438547649","5.00376749539062","-12.8618745533753","-2.93699608001631","-0.490263247916697","-3.99306992318555","-1.34868091833352","-0.821900686633315","7.03809949470328","-1.61629722554758","3.22087916261458","6.29072296211021","-4.86615218792385","0.0516723427464795","0.95937992052891","-4.00510688184566","7.05966953630989","-2.32771415852438","0.325254234439249","2.57987767572855","0.983318599941211","0.511086301480853","-4.15186925474427","-0.314813690960564","-1.27196290011736","-4.23686932277078","-3.3927193495233","-3.96625339229419","-2.74740012207469","3.03688103975318","1.66843134494151","-4.2264967048653","-3.08045885072834","6.97500462709666","-0.332707559869867","3.53067226109474","1.10158957829143","-1.50752008969913","-3.91862672016331","0.294411486690118","0.921713030675384","5.3519236725204","3.40414993035376","-2.14595413099318","-0.312921104807784","3.73620456531997","-1.57909218842973","-0.955996136170957","-4.38498118000047","-3.62392407271832","-7.10397586638107","-1.8259083486917","1.13535188235943","5.23630543160317","1.2303608477524","-3.44173665291383","5.96411045138173","-3.09747857109124","3.85976945222342","0.887494440274156","3.32605133513651","1.36919880187787","-5.9168647265539","-1.25316854021336","4.63876530256165","-0.196668797150032","6.72081552207377","3.38682621678805","-1.3207713189171","-6.84269472459681","-4.69276470186154","-8.90706886723745","-3.77310923430569","-0.686966879695504","-5.14856217184095","2.54509967539436","-0.0119043840212278","-3.24292919939584","0.928199937892372","3.87489354038333","-6.83642148961138","-9.23321459617858","-1.0865517360028","3.68605438842953","-5.43275779858085","-1.05182000507931","5.47543030268663","-4.82707725314815","-2.10575669926685","1.63508610392934","-8.53115725049495","1.78671441324316","-0.720287765465395","-2.12809857905435","3.44318712498501","-5.35351011558943","2.99036401452026","3.04308989880032","0.401277201783187","-1.02052798194577","-7.32182721003066","4.84469186948526","0.00890009665894037","0.960419518326018","-3.03780433663284","-1.40480034310009","6.36001140756184","-1.9292286195982","-9.65677186768525","0.616233102350578"
"Random_Index6_32_0579","-2.95292056511096","1.91645517127546","5.38164803395386","2.98897152447859","4.64771438210486","2.10060436844301","5.16068550122515","-12.9512623191068","-2.84129385220881","-0.172480878438888","-3.67999637792534","-1.08972350944111","-0.512186607779235","6.82523309457671","-1.33550312856965","3.14477358806845","6.28047211045982","-4.6538799897056","0.344087060615695","0.877516726301709","-4.3882519463301","6.75180344164789","-1.92747819962204","0.0297436426319955","2.19015527284218","1.28228838660733","0.462972792916485","-3.60280916619087","-0.602335047585564","-0.955518594889273","-3.84576402818657","-2.94382727930126","-3.96300454203153","-3.03672461775877","3.13211630147971","1.79248833436615","-4.28271613239427","-3.17488546015945","6.92511995139294","0.225848470867841","3.13221727116431","1.51267873399915","-1.09310193216676","-3.47186055439439","-0.0107548263723696","0.990390630994573","4.97000077218837","3.15312757321679","-1.81951921222594","-0.701883499299399","3.35591197136174","-1.24312784152371","-0.616487567634375","-4.41846650408828","-3.46980032269568","-7.09063024082456","-2.27294732595888","1.17485588269054","4.92878803614219","1.07528280387379","-3.09379976585745","5.61373531759747","-2.84493583283309","3.50936685606848","1.30166218713029","3.38201777564205","1.66065972379993","-5.64984185793897","-0.985150278893176","4.30627678814527","-0.0577896590016899","6.53250026343743","3.00925643620876","-1.01493099312647","-6.9365832829061","-4.44387788970815","-8.95848213231129","-4.18177673732299","-0.338620368266339","-5.29167399972097","2.29135878674357","0.233858467375357","-3.04471630550163","0.818258430833091","3.6707150880301","-6.68214266039079","-9.15881328551226","-0.638964846590871","3.28227326624483","-5.55745701026405","-1.28519190560015","5.35215047412828","-5.00895973649011","-2.26906518354092","1.39228890984108","-8.34570135205023","1.64540456892948","-0.278751390352852","-2.33205792738987","3.51473329765784","-4.94676132567921","2.98877349540772","2.74528878064994","0.863035009190174","-0.604389265245555","-7.57578959677441","4.5675325224987","0.294006801708781","0.564005239190539","-2.63789787378188","-1.76809523652055","6.08644844305321","-1.96427297321733","-9.56119148909403","0.923464337477809"
"Random_Index6_32_0580","-3.15156022086772","2.10110436925322","5.57580580190182","3.10314456592481","4.79317492157597","2.03842465818056","5.18753444165056","-13.0430507561015","-2.64990672050967","-0.208504896980677","-3.75868717775444","-1.21854201240103","-0.634557814058553","6.79914495041758","-1.45837363568121","2.91360246981072","6.30684713864782","-4.63961759787677","0.139111759493729","0.820130283164992","-4.2766918642166","6.73285544346853","-2.11622355726789","0.0683325774476635","2.36192878485711","1.10377922626392","0.321195351925141","-3.78971323246813","-0.519638943875281","-1.00915251484183","-3.7536378221372","-3.0814704025268","-4.02746743825609","-2.90227122525414","3.12619142908616","1.54546792905861","-4.10907424893915","-3.01803339410709","6.92105149117331","0.0703559102374524","3.25815843917709","1.31206894854028","-1.29798863943281","-3.55329578085349","0.0119655658292974","1.01419472890613","5.06580868922305","3.33849226788806","-1.87976163514901","-0.548561633288314","3.47881278091013","-1.25900456287701","-0.715266254576045","-4.60876236013788","-3.54905675342147","-7.15073612262995","-2.41313183503742","1.22084181069589","5.12508847482451","1.29098345436313","-3.13687947475825","5.81428094149184","-2.90930667975456","3.62153483179419","1.03577890194702","3.47490829834506","1.63293804773802","-5.72227483907076","-1.12266715613168","4.30095554304084","-0.125232751758233","6.57057902309251","3.1512873828621","-1.07820464133829","-6.92189155368495","-4.51360396292409","-9.06011982890595","-4.01531970939024","-0.330801664076875","-5.04228199389775","2.31889526383449","-0.00437545340455746","-3.28258716488551","0.829056410422466","3.60309943866159","-6.56182632233116","-9.18872004386061","-0.669700572366478","3.47164171768793","-5.52758401012715","-1.16264940906889","5.36812628044954","-4.74996026429876","-2.3225016347532","1.35369869311667","-8.42702467175612","1.63121975119116","-0.240269109091016","-2.34762166765985","3.43876899721991","-4.98536600086105","2.9622281944759","2.80689756703226","0.755125449787884","-0.574564917874041","-7.54140088122795","4.68653285391943","0.126333966166282","0.856749048137118","-2.78715905852782","-1.58450555143239","6.29412625152277","-1.93433802632466","-9.64704040283702","0.713342797772977"
"Random_Index6_32_0581","-2.99182560383188","2.20000974244758","5.55427585912947","3.28903602866949","4.86764867494728","1.92275576074915","4.90775607962662","-12.8040425867675","-2.96751174487879","-0.401832845496931","-3.71407802035415","-1.04160798342104","-0.678630186292134","7.01640186381066","-1.4586511793364","3.27514780666692","6.35464432874282","-4.58679556827063","0.26770465349042","1.01091600277356","-4.26408493864478","6.90001182708541","-1.99603274830822","0.0610335078361183","2.28992794450902","1.1340841372605","0.396786266739821","-3.66483760493738","-0.521717696061838","-1.05959174791415","-4.09442889979249","-3.11378850168793","-3.94420289647373","-3.07214717398673","3.01893145113365","1.74002271693757","-4.31380455743016","-3.26035022483563","6.96404802415728","0.104297476884435","3.36416636686255","1.3757387642036","-1.09275006087805","-3.66838307351775","0.072112475829174","0.728112794164603","5.14611480825124","3.32474768857173","-1.78228042541236","-0.671518677914002","3.65186360407185","-1.36717503761422","-0.916764616301043","-4.4224427838397","-3.52820530620542","-7.23371368405186","-2.08293444094993","1.03529046101219","4.98492941625518","0.91321165352259","-3.26864231097247","5.76925353425634","-3.04767476491207","3.70572166384763","1.09242831322474","3.30440435095887","1.49493093250342","-5.74826221329183","-1.06349600041069","4.45613716981445","-0.00384765452064734","6.7701099232924","3.33620646051353","-1.15693896406987","-6.89182542138564","-4.44985678741024","-8.94909433652104","-4.12650322601671","-0.473048377353158","-5.21332191527941","2.37498940554613","0.17936220809015","-3.18570062387141","0.912181009228428","3.77909730632445","-6.83609768329377","-9.15689752624059","-0.79932685539857","3.44701021501435","-5.65459518381611","-1.20957078522395","5.40683682609478","-4.84051676119649","-2.22114067331508","1.4748564332491","-8.52491827393598","1.80900109701562","-0.461694024585282","-2.27186001266396","3.45990561857044","-5.19721647049486","2.98653744632405","2.90235736265144","0.701255198172872","-0.668829306033848","-7.60966697324074","4.70073061720342","0.229790527557773","0.770165552641857","-2.56377675993324","-1.58297380929583","6.25812501996908","-2.01652343149117","-9.62029210735345","0.783480673194538"
"Random_Index6_32_0582","-3.37681140307262","2.34376891305912","5.61018500334997","3.09392761662866","5.00193511000842","1.91400358915175","5.21225367249265","-12.8572853917951","-2.79234648460777","-0.514892961283659","-4.02336144449686","-1.5261326697719","-0.805215847143971","6.99502608154838","-1.65533423865726","3.06781179974798","6.22554319177052","-4.76355767552136","-0.179422067948106","0.900911722060134","-4.10717200727441","6.9633189782943","-2.40551676226239","0.162856558666623","2.42665209606601","1.13264126441649","0.583139063740233","-4.04288518924429","-0.419530577832014","-1.14202977451706","-4.0080908129044","-3.41813769327136","-4.12219369274008","-2.95800627791049","2.96926788580635","1.59904718075834","-4.11931544007615","-3.18109428724654","6.76064349845119","-0.133777196907226","3.49011572458808","1.11085326920689","-1.34542020274393","-3.82120695850041","0.203556984757613","1.0485037067414","5.16559300740647","3.42304211941692","-1.85105873831466","-0.432687339272822","3.70124035374869","-1.40523198483115","-0.886497177334961","-4.52207934313352","-3.55195918238181","-7.1872549859018","-1.90234837404104","1.086163946431","5.24940064755399","1.49639298857253","-3.27309103450443","5.9536486537325","-3.14097275177238","3.86601344427391","0.751767641739111","3.30466889043959","1.61978502317776","-5.87411216208298","-1.40861971644036","4.39560123490344","-0.102104090605561","6.67045322080629","3.34888273171464","-1.02422732877792","-6.82919629860559","-4.68858728606775","-8.8600625669272","-3.81092816416581","-0.602455511558543","-5.08882967180734","2.44270513334893","-0.144602871715358","-3.47061285091583","1.0455277132694","3.70216001382901","-6.73283088197702","-9.16514891242469","-0.875937520591177","3.73336961071646","-5.50357856489174","-1.09640312110282","5.53881241100971","-4.82547328046802","-2.30257991790102","1.51907879774694","-8.35444376216378","1.90741982489549","-0.596709740929305","-2.01918003690036","3.31814643073433","-5.23400325962027","2.77631268704212","2.89138352477852","0.526280502499084","-0.713503364910699","-7.45715108615462","4.81719912164798","-0.137624933801815","1.177835649878","-2.82210271587249","-1.58148847676465","6.31948676448373","-1.94036244061796","-9.80328129571358","0.612500212450724"
"Random_Index6_32_0583","-3.3067810894773","2.28757906884476","5.46995127767169","3.13465602709094","4.96258045222767","1.86583184357034","4.98809774765733","-12.6027054784027","-2.9466755730532","-0.353017470334403","-3.78515989405111","-1.1715462179096","-0.510278941011747","6.97985313485476","-1.45813535519266","2.80307273007838","6.41445957540379","-4.8267494146404","0.242142597914699","0.728524112435872","-4.23947016621038","6.86586451081934","-2.03481681077144","-0.0203367023283987","2.43777433864023","0.980837105407729","0.384797521818391","-3.78281116974484","-0.498087626868422","-1.15684961351446","-3.93734965690387","-3.13437210123212","-3.92503562997381","-2.87164060273805","3.28784851373762","1.63033249852022","-4.09348469584702","-3.08096322490741","7.01581922097322","-0.156835643580895","3.42502655096975","1.20065553680535","-1.50323382209945","-3.76716238038895","0.180182466970455","1.01779389571049","5.1337947422844","3.41914685923674","-1.90212926858889","-0.503416702232433","3.60966447868388","-1.47362391936481","-0.785677934253207","-4.49728053013709","-3.67235266785449","-7.07626913065495","-1.97107882089949","1.24603276361224","5.14922474712885","0.967668551117663","-3.32198606072187","5.94728814405944","-2.7124641260859","3.93062514952597","0.94390271724558","3.53290141367694","1.47476888309339","-5.90214280017728","-1.19355740022932","4.37773827946929","0.0598418605533826","6.80513948261572","3.2577490543224","-1.39501745725485","-6.67666843921955","-4.51013764737759","-8.89299450420575","-3.84378147101552","-0.741273694529265","-5.09444429094838","2.60544985631456","0.171830265861797","-2.93057272358388","0.653357954558621","3.92007342520041","-6.75791676443421","-9.02643205392741","-0.850811735073925","3.71100588009599","-5.84235796548167","-0.953207251674325","5.20243308607975","-4.7024607688779","-2.33952446494854","1.38186777214094","-8.38094412227445","1.69174607896787","-0.555319744519352","-2.21697812654609","3.59709395568435","-4.98150407686154","3.08589754014422","3.01755230230684","0.523236357622507","-0.952388421321363","-7.48313419475349","4.85383232275309","0.142330677906939","0.908516771807779","-2.89862289685651","-1.37695381805193","6.40084799383311","-2.26367619213018","-9.61973607089512","0.744873371242583"
"Random_Index6_32_0584","-3.24695780195555","2.21780274378246","5.63935321668327","3.19519334791317","4.83667948333962","2.18361766937612","5.03254645601812","-12.8417153962507","-2.85594044199876","-0.298567875597958","-3.64019411690113","-1.2165260767398","-0.549647160790949","7.01151632082666","-1.16830086853618","3.07717753843562","6.28523975061724","-4.86137723935212","0.34723252390164","0.915788619027577","-4.33075304174557","6.83980738755444","-1.88391445678059","0.0978655464647805","2.27641617390757","1.04880776485842","0.392932920838087","-3.73520556430607","-0.691611331988025","-0.881972072114494","-3.82918530007601","-3.07674783527815","-3.95664972010662","-3.06535960180588","3.2147704526386","1.67301504220242","-4.37126088046974","-3.19345127012283","7.03085843966962","0.179231808870757","3.40292347643125","1.51529865647084","-1.19849732378442","-3.54149919478072","-0.00360652349210415","0.883958529283153","5.13355194673534","3.29505967851641","-1.94853407271049","-0.566469162578344","3.52963167764913","-1.34790338112504","-0.652499615652354","-4.54948098658625","-3.80293331728055","-7.14833067215436","-2.27778188633744","1.22141034634327","5.14658300241428","0.95696047031627","-3.32062377406115","5.822159319514","-2.8623030964849","3.71770409615429","1.17567734745698","3.47279004090426","1.62531076511323","-5.84049241013784","-1.23791806929","4.35029987521075","-0.291762926184683","6.63595272584074","3.08748366218294","-1.1920312052359","-6.84682943303911","-4.4480522348419","-9.0610680761063","-4.1180694129344","-0.360883955052946","-5.12566370939125","2.45818205230884","0.442795962946989","-2.95452578806541","0.848049876370529","3.75554917440447","-6.73568012665674","-9.36462638605323","-0.719983935515487","3.4942628292834","-5.61780327746059","-1.08241932168106","5.29337889144455","-4.90134218780661","-2.11386222457578","1.53111004491573","-8.43611582482269","1.71448198381193","-0.259639194796586","-2.43260888910185","3.67085916037909","-4.91015902361537","3.20880538884987","2.94667055239708","0.950850117184828","-0.744618224915646","-7.62841845181126","4.59261098591421","0.378179059344005","0.677848285128171","-2.77068995387814","-1.57901633829113","6.3054278206462","-2.24673558201751","-9.62284662603491","1.02245856915894"
"Random_Index6_32_0585","-3.25548314226652","2.11103859316292","5.44395091331629","2.98625890866728","4.81722067136498","2.1892875920448","4.97767158676574","-12.9313368403682","-2.79863367789831","-0.0965863107670778","-3.54469123726704","-0.997398823303165","-0.34664863370334","6.88101387282937","-1.22705834437461","3.18810120269212","6.24165516303324","-4.66866866631032","0.406538591284729","0.882823924934515","-4.38923271838246","6.83832348098296","-1.79735150681954","0.00983809389234037","2.05253201182406","1.24718023607322","0.542016155313004","-3.54635595209047","-0.609525656138986","-0.822568136170652","-3.85557985169687","-2.93553966113192","-3.80627005170278","-3.04405281395214","3.2063673117732","1.82731103879311","-4.29475771573979","-3.30350854184678","6.93886358266475","0.239953714717255","3.14336597639038","1.63686721015563","-0.955135486156298","-3.42774095528874","0.00957623413492237","0.866162721327179","4.93297023401266","3.0806152410878","-1.79027639405578","-0.807043089231484","3.35269645907072","-1.06962534575539","-0.507444704190601","-4.5507534074429","-3.50568111215912","-7.24165898938693","-2.39354163503285","1.09927439035552","4.88665545299977","1.08707060591061","-3.25676945629523","5.63562106412818","-2.97424587157255","3.55054678238023","1.23374597022143","3.28392648843018","1.74015515675429","-5.70465606984538","-1.03195130902155","4.31705827036547","-0.15175253560391","6.57909322754409","2.94694339792848","-1.18459411594299","-7.07778185077833","-4.33148110650302","-9.08645534978435","-4.16969115736886","-0.395259271507661","-5.28599189715461","2.23217332004274","0.395253237802415","-3.07351034402748","0.806297031357791","3.5546361264507","-6.72494762258946","-9.18512394905577","-0.612627031081292","3.24772067896348","-5.62245689558228","-1.35444420304309","5.22624791121939","-4.96954913867637","-2.33350016247131","1.45001590212645","-8.2140700044691","1.725603404665","-0.25882862320224","-2.34578574992166","3.55059338304225","-4.85378083844833","2.95401597540394","2.68017434246286","0.998613977266656","-0.599395511093513","-7.71352961684599","4.47032450982886","0.453758909863585","0.556149545188913","-2.58930973470558","-1.81111529026198","6.05017087008628","-2.05008331595982","-9.63170920489043","0.960099256035497"
"Random_Index6_32_0586","-3.12664244073863","2.04337253084545","5.54107550898292","3.07746771141995","4.79212142332075","2.01026426276598","5.1606379313073","-12.7400757673844","-2.78298436915293","-0.2349114725157","-3.68783242005275","-1.13649108838672","-0.479342992750708","6.78919054100279","-1.45146041954092","3.11227489693","6.25537849833864","-4.77153866129687","0.257699069596397","0.842712774242601","-4.19608311623263","6.73040105200395","-2.12581116723956","0.127740774863243","2.33668589369509","1.11949763914934","0.441521195977313","-3.73132729657696","-0.513461842840881","-1.03551174133202","-3.7444670725661","-3.07332779910498","-4.13324810053121","-3.08196369924544","3.11511004467626","1.69108402490579","-4.13771597006114","-3.10027207745623","6.84444146213696","0.080430887434733","3.13902224698944","1.35543912615499","-1.3152978294104","-3.54420862527563","0.0506988799194306","0.986529864757474","5.13681449879118","3.25148569159165","-1.87675154576488","-0.572760784160316","3.48597249191083","-1.33827132890269","-0.741716935007505","-4.38527178011995","-3.65165624373116","-7.055815300676","-2.06502186199273","1.13332941001614","4.95540714577096","1.21008381413864","-3.08133213288066","5.69698299463699","-2.90059849516074","3.57131245179488","1.03149548482426","3.32936315268088","1.52794807432242","-5.72917580955167","-1.10705206752994","4.34317091456788","-0.207704905695056","6.50692602996574","3.1975094693327","-1.32311944227529","-6.70730897326866","-4.44871830650308","-8.92703027653392","-4.03315451084947","-0.340808913428815","-5.17634851023449","2.41929036235854","0.113710882365107","-3.07348828172331","0.743153029074542","3.71038143668682","-6.55850961059408","-8.98627422856578","-0.661081261912697","3.3644609185518","-5.55178514260623","-1.1704062195148","5.29966412679488","-4.95322752929903","-2.19472993142932","1.32916405527794","-8.28562290412292","1.69047417123226","-0.341694044808183","-2.19166453426841","3.35963649015028","-4.96445813843528","2.86603893899112","2.85755007596156","0.772249982430506","-0.800228892787262","-7.34453490852212","4.60630130695384","0.262757266838343","0.765483696489346","-2.63672438339541","-1.71150032104018","6.17568473327505","-1.95171666833324","-9.45129059282364","0.820278412812845"
"Random_Index6_32_0587","-3.19413576633603","2.2253896522848","5.72532891102135","3.21071624793776","4.90693953966304","2.23800916434236","5.31550778712429","-13.5298121582689","-2.87605167099903","-0.364274633037098","-3.89009496310253","-1.34137657809939","-0.621653400674989","6.93666316511906","-1.31449614538272","3.13225684924721","6.39429376941635","-4.90655601870467","0.25262936640925","1.05012276411623","-4.48576669489152","6.86646174044425","-1.94268840670647","-0.110393044773261","2.40086882038303","1.12134301944852","0.363318577963129","-3.85431069454979","-0.512362859417074","-1.24711127099991","-4.0072296876949","-3.25022701197403","-4.3344758778975","-3.09862296181204","3.29803477377506","1.76954135299287","-4.21704854901291","-3.15962566601531","7.0567158623467","0.0839945153843645","3.24805213770696","1.50311973098512","-1.47669517760608","-3.60896807710992","0.189191560737654","1.08801857181035","5.03098390701226","3.23856703331067","-1.73522929955904","-0.705646611437717","3.51653764313613","-1.58256599992356","-0.919778363162575","-4.36955522047142","-3.82748732275175","-7.37851455995712","-2.3899001448137","1.2593785474777","5.20174268569363","1.24024460949484","-3.40952215386902","6.06897715945067","-2.93030415817342","3.75235941204534","1.01261396583814","3.43199321206541","1.52470625899355","-5.9319223006986","-1.20425135354742","4.49437944112966","-0.141300086928952","6.65679615433599","3.1981326159634","-1.18107732212867","-6.71078232834771","-4.50115621677727","-9.05955896423829","-4.31298552189204","-0.471962485324165","-5.30238369155346","2.45426133789797","0.458628938099234","-3.02043911682084","0.81971535122502","3.70285007850255","-6.74061253049642","-9.45889508046852","-0.862859075795714","3.62519668760698","-5.4407837479421","-1.19081920314478","5.51392567688717","-5.01964928554812","-2.20531735989415","1.45522388054646","-8.5098588086037","1.77597222545695","-0.381267540063521","-2.36446506496543","3.69826788393391","-5.19749181673399","3.15865640014006","2.88195064904205","0.925430267249754","-0.6594307733517","-7.86383387483521","4.6954087765027","0.47330337578578","0.753686656729439","-2.83923036823925","-1.6288635921197","6.36424123497931","-2.16523824043975","-10.0616710355645","1.10074721859413"
"Random_Index6_32_0588","-3.15360518565303","2.06031358287213","5.46752521260491","3.03777006046304","4.73191702224976","2.27712886608075","5.3412464519285","-12.8310113710144","-2.74122355562161","-0.259589789447501","-3.72153951408523","-1.09367704361597","-0.418749837559883","6.86820517134792","-1.39881418448342","3.09060633199585","6.45569237933767","-4.6013778989616","0.236640965146967","0.830702237195922","-4.26117460213175","6.86023678176575","-1.9056984640153","-0.00914685900483803","2.15957980452794","1.2179529138964","0.406160233035823","-3.74175864963605","-0.563582942850374","-0.914634482541642","-3.67785381734154","-2.99785274099991","-3.89877752953121","-2.87233796206934","3.30659481728825","1.662742340699","-4.27341984255966","-3.10420825317016","6.96296682020315","0.273014637436679","3.23797605127152","1.5959715530349","-1.12030357123028","-3.59207791502725","0.0121458456838203","1.11776208051092","5.08079863931878","3.36873472251656","-1.55659850137901","-0.654847170100325","3.42685449542762","-1.29553903959019","-0.633618051949139","-4.40389649305825","-3.51699204296371","-7.0922747367849","-2.08230473845838","1.46785070563679","5.06565457301307","1.26952299273856","-3.17954422357745","5.8184925798917","-2.91497894235311","3.54094610861981","1.20858474848214","3.55686179890236","1.77046375790944","-5.77541168745053","-1.11141650923311","4.31647459819644","-0.0517399906776282","6.7031223202481","3.19318404402451","-1.09276144790915","-6.87826818627402","-4.50523517614495","-9.08698323333708","-4.04199481057263","-0.352977529696556","-5.3770068143795","2.33325806058456","0.466414455474794","-2.93904538911824","0.916348880672845","3.66637585131323","-6.77086256247393","-9.20170010635037","-0.794193082230158","3.5093329904127","-5.35648396176448","-1.35040431720913","5.381650610849","-4.91650355096407","-2.26602091486606","1.39000445597858","-8.46374432460607","1.69483792847193","-0.243233644481891","-2.16199989383127","3.5896306887226","-4.92759024249537","2.99444684375096","2.74095959852652","0.937669595040032","-0.497062757551295","-7.613687386748","4.62774379078994","0.474478257092166","0.771014686156319","-2.65075870214588","-1.71500475936807","6.18052602346143","-2.10606272293019","-9.69600841848182","1.09415191307913"
"Random_Index6_32_0589","-3.04503347694489","2.04762967021474","5.5538415716116","3.18266388581504","4.86067564572288","2.18670513229207","5.13892503110422","-12.8429928917687","-2.77125114046921","-0.223634662791777","-3.64168856727533","-1.14282924912216","-0.505555265395364","6.78272663794521","-1.32700364449505","3.08359964581625","6.32370466789674","-4.56449784030634","0.266060176457029","0.799176953527411","-4.29678118680771","6.86825983679509","-2.00176615366585","0.0435383974836622","2.15837175818787","1.16296943312681","0.332837825141144","-3.71849995837777","-0.731662344281912","-0.889698243851506","-3.8878824630547","-3.08540682039986","-4.14984827636365","-3.2148318695427","2.93605042338363","1.75822431511924","-4.43048048694027","-3.24981693316329","7.01276774168694","0.206450534390086","3.29483937586845","1.45184571933509","-1.133364060847","-3.4482506983163","-0.122094272989077","0.951185630324841","5.09165418316867","3.34023921772663","-1.78899752799169","-0.719590748956408","3.39993909436114","-1.27197118758877","-0.699001936364622","-4.37528524971659","-3.62924716894875","-7.01609580871598","-2.14041343001453","0.936371099469418","5.10514097574397","1.28964032730213","-3.13577418177649","5.77855302904545","-2.99866207175659","3.5378412711665","1.13118128512762","3.21711654571848","1.61858409526875","-5.67950922264614","-0.949848486154784","4.30883364720805","-0.212645920463754","6.50340282431963","3.06956341876345","-1.0053139103488","-6.91793682068649","-4.4815618552143","-9.23989379302467","-4.07960970111284","-0.161426277397934","-5.25444085485204","2.33306925415267","0.244493760777419","-3.06917791863888","0.802722866868216","3.62118013387704","-6.63378013402839","-9.12904819335653","-0.71305090762403","3.34404601492315","-5.44944073041005","-1.21926852709791","5.35291311497113","-5.20521183203883","-2.46355546442499","1.32094708760631","-8.36287289581712","1.61768185493423","-0.306862413256386","-2.39477304564652","3.29144526996251","-5.05074784806654","2.79403213739387","2.75142177465111","0.871276762570025","-0.538335708195436","-7.42815516026654","4.59139139825483","0.336154005508083","0.729906098324418","-2.74350870083789","-1.81921370328522","6.17725017775054","-1.95748606979524","-9.54985717328165","0.836061252991573"
"Random_Index6_32_0590","-3.01998418116347","2.12238594128266","5.62714570502686","3.21745978516093","4.90871227970976","2.06869105156799","5.32051950195236","-12.9841397885353","-2.77379716990984","-0.299054207175862","-3.67119708563548","-1.21489774691233","-0.604143247305527","6.84439860941982","-1.44802600947058","3.06059262932033","6.23354239922233","-4.59193780891594","0.209231868787291","0.874783324730093","-4.37574842782151","6.84154566475885","-2.09764167643823","-0.0945482996066381","2.37314756180384","1.21253928964987","0.568519559459631","-3.72700960214221","-0.63294736115267","-0.98046566606033","-3.75030959303202","-3.14727741060108","-4.18168792422166","-3.07589158124085","3.09774202121616","1.82641900054977","-4.07334967069917","-3.05682563865251","7.06545017252778","0.236325780642428","3.3014055732162","1.39302122971924","-1.16221810254171","-3.46998083063234","0.153037394206404","1.1111507512388","5.04407096493746","3.37256279436763","-1.80482412509944","-0.60317246807489","3.48203633700079","-1.34297633096389","-0.813406734780197","-4.19081655188466","-3.55583191763907","-7.17853758634435","-2.07018900090565","1.19005085888632","5.07925557649027","1.27507105423779","-3.03350382636432","5.77220601540591","-2.88501672510813","3.55303669279148","1.15501136945898","3.34775463169371","1.68321117890543","-5.74123749706511","-1.16318397458148","4.39495805050335","0.0473411728105454","6.48752380536674","3.32649187203165","-0.922950749684855","-6.6324656394918","-4.4325075197642","-8.90227411070479","-4.01558567512321","-0.254604983263773","-5.28315330137165","2.38359888568365","0.0505476806575267","-3.10911402657715","0.975318503861722","3.61162962734552","-6.61536855199606","-9.2231188657983","-0.662163512518288","3.40176655398445","-5.5312336812684","-1.06342934296625","5.29999331619561","-5.0863240548814","-2.11403477081815","1.39994266330185","-8.31894814155628","1.60815431093178","-0.306940778086564","-2.31464382963537","3.40843555249192","-5.09041185021787","2.91950202116707","2.83743154135718","0.812591451304615","-0.629066462725152","-7.67713936479396","4.6917700465222","0.092587074618875","0.981808366931979","-2.61418094630532","-1.72718013480274","6.30405570220846","-2.05651822972766","-9.56978778388592","0.803106297320427"
"Random_Index6_32_0591","-3.05552372211935","1.96961743626714","5.46219156815306","3.12396167397893","4.79357418396249","2.13027337105514","5.19604951895048","-12.8758643246002","-2.70598450728281","-0.15439611234609","-3.61878075258455","-1.15978751399363","-0.445208972426602","6.84403720070063","-1.35735664889865","3.05523898968814","6.21030918058844","-4.65344286746198","0.261216729776607","0.753083160284718","-5.05515350240989","6.81703926571437","-1.99326504375288","0.0283983945223119","2.33861501672283","1.23030395938332","0.32841919011849","-3.71985822299853","-0.69170678839196","-0.953673215818697","-3.78850804446786","-3.05466092363504","-4.36802342210344","-3.1061949221836","3.01750190135556","1.82700911556241","-4.07683777778963","-3.09702474419927","6.96416307188163","0.125285641938708","3.36203062876976","1.42027769448596","-1.15774363930602","-3.53201427033083","-0.0233353018257841","1.00568676187608","5.07558018293974","3.24898366012995","-1.95541575734012","-0.549178985410169","3.51087205621267","-1.18426938041231","-0.859338957627814","-4.51040020661838","-3.76518516322318","-7.07071381969947","-2.25325534426226","1.00466549842003","5.08663347959262","1.05178279702059","-3.088352807761","5.72447641352849","-2.61925024462541","3.67596329490797","1.10534910636083","3.22941572398813","1.57812443274222","-5.77290627311565","-1.22221698963067","4.32076390290215","-0.316657390078328","6.53456676335151","3.08299876686638","-0.884710336369724","-6.91190363982629","-4.3164607323841","-9.06581781099808","-3.94458077223335","-0.227704753191329","-5.21584234506028","2.46899784989213","0.148498794054209","-2.90479815550133","0.744795845896877","3.60091220949933","-6.6098929771556","-9.1532843365429","-0.726332723189205","3.48037739835339","-5.59872481354503","-1.08259094632686","5.27818497132634","-5.14423344694543","-2.44114836937287","1.35542016804164","-8.38222446842324","1.59022810164541","-0.283790891275861","-2.46529510006276","3.31578455956146","-5.07969390937918","2.91014773809257","2.93443367241569","0.868985951749247","-0.719028621341828","-7.41928794261948","4.66011986547111","0.352233373290375","0.813288640149207","-2.75588657899489","-1.71945850354611","6.21169811921094","-1.70468577892613","-9.55874988017067","0.852639687886456"
"Random_Index6_32_0592","-2.84401932053894","2.06889444295704","5.63739474104241","2.85821904793733","4.98434268035906","1.89711896885701","5.06934861928898","-12.7258210292852","-2.8419509787397","0.0151867022080671","-3.60570857081239","-0.866264789348824","-0.444482989888295","7.09353842599526","-1.24163221535283","3.31536178902056","6.10362214187757","-4.90196491936606","0.582860534074512","1.09543676240872","-4.04262424869229","6.86342672387499","-1.96722686485417","0.353290519689705","2.05884135277353","1.55333621648182","0.68791394517921","-3.75992664536832","-0.422568995937218","-0.858791079841801","-4.19757918472994","-2.97713219245425","-3.71561972779897","-2.91594883308208","2.74029692920496","2.17523357147151","-4.41536588309368","-3.54610260423481","6.94441189495588","0.0247605189017369","3.12861458108259","1.53423363679014","-1.29520799959668","-3.58973477283904","-0.268147096745369","0.419264611116598","5.18183153783898","2.95780952744426","-1.69138464532423","-1.0979002791282","3.57895598751255","-1.1287597547078","-0.539684815506837","-4.3715251070869","-3.10127665056847","-7.07392252307738","-1.88138119354304","0.77750616733119","4.97234003306766","1.31929563897574","-3.1700494676345","5.7841775700117","-3.27052740180285","3.4625973314177","1.34735110906911","3.09372766664392","2.01876424051803","-5.76125166225447","-0.925654086081506","4.41689553421101","0.2367584526311","6.59003916362565","2.90737773515441","-1.23743447600584","-7.02478841477008","-4.50192235437789","-9.24467929345678","-4.17879956781446","-0.366688969501008","-5.33094655851654","2.05829056149365","0.319015574269585","-3.40186750964435","0.621813888246077","3.56442907305975","-6.82963453743057","-9.04512801431169","-0.493597781338363","3.33137982831718","-5.6674821266724","-1.48656278743497","5.5474548211969","-5.12295566845685","-2.41382650263826","1.5930447614718","-8.31315334818612","1.77623715666843","-0.319188196692228","-2.00000113643727","3.30170846769904","-5.14628304811042","2.74525459395731","2.59013863619918","0.771539602107213","-0.726195868597853","-7.50372449784095","4.3882806431339","0.238653035011962","0.920793464057442","-2.4317285998693","-1.80169694124925","5.9484170786286","-1.79988122459975","-9.82485398685623","0.562043308018908"
"Random_Index6_32_0593","-2.92927748556265","1.96418104664644","5.45845699509629","2.95252053419749","4.79131281230756","2.23173052506096","4.93157218211103","-12.6816874785433","-2.68893480567574","-0.0637926559199175","-3.28647281633875","-0.787039212369953","-0.30230614942107","6.80491626257333","-1.02261967599338","3.05555937234017","6.22927532793908","-4.58851270163198","0.717271263936691","0.878127766810367","-4.14871533742422","6.65486919913362","-1.68439607838652","-0.029891461668364","2.10918168728844","1.20890056538007","0.27920233446519","-3.40387301876215","-0.639425676274361","-0.534513387572282","-3.73484754007298","-2.7946127867492","-3.73046015311185","-3.24150263806804","3.12914473473986","1.78432261369866","-4.48513611242107","-3.22935267368767","6.86400362832201","0.218514473843583","3.14977345732123","1.74025289497307","-0.770439671481381","-3.25538653932286","-0.115680513647242","0.798109487698618","5.05741098770141","3.11387715030422","-1.8962641188769","-0.941874741484737","3.3761289112601","-0.910088667747613","-0.351279882782585","-4.4339581020632","-3.38453929648537","-7.10753378826458","-2.18838166389112","1.07418287563635","4.9190099992149","1.00495483656631","-3.33893574417898","5.73665316189111","-2.8411448475527","3.52104064062009","1.43291873397877","3.3432296034604","1.70099676877241","-5.50118456996957","-0.803153403178605","4.24546228198374","-0.145713703781003","6.3477240280401","3.0691647997612","-1.19174039622789","-6.93822359874687","-4.25010592694182","-9.01524048886222","-4.0447129996489","-0.313414304890077","-5.27994256457583","2.16874489934668","0.412777679199202","-3.00242466660785","0.514497804467717","3.49139246152032","-6.55113028169493","-8.86382127353222","-0.445327718969792","3.3995682420631","-5.60541142635175","-1.38271912114338","5.22119029089985","-5.01260099615857","-2.39949873445475","1.28782983496258","-8.36961693419286","1.7132788463466","-0.0808600797447895","-2.1609884153751","3.57757311073859","-4.88808444965137","2.86328142363987","2.66877265111595","1.00496253959865","-0.564409726828034","-7.45784915375971","4.41077418897273","0.489117373335603","0.797821450557724","-2.34514707660612","-1.82293525374629","5.98662858886589","-1.87210332949843","-9.48819059526948","0.907491368996067"
"Random_Index6_32_0594","-3.39695132856264","2.25778590300681","5.55562712959419","3.17126998650101","4.82077321254452","2.04691871888729","5.08117584695554","-13.0365467355865","-3.06429430366341","-0.270229869293265","-3.83579713983521","-1.19648714426632","-0.615481562702712","7.12435960595906","-1.46473559778619","3.14403143180763","6.48081849199965","-4.77598218479097","0.187830606341232","0.870497117347118","-4.46410731338956","6.92901727833774","-2.01746505434119","-0.0136076682160432","2.13763230634679","1.14446435191562","0.40034614666351","-3.75693883467798","-0.430626890717359","-1.04932001574577","-3.90552930970527","-3.11151055759785","-4.05374728444344","-3.13829526129418","3.25948318604731","1.49712270114283","-4.18313765711628","-3.27437137016182","7.17500019499568","0.0479279390841883","3.41315467827577","1.30923372184491","-1.25497083548969","-3.85919042288617","0.187325772831029","0.996590704318794","4.99408460685211","3.46346013101229","-2.04572125126125","-0.620703348684793","3.53055969648178","-1.42647509324905","-0.681655303176021","-4.58499623834264","-3.75933659527678","-7.26816418168436","-2.17823648426138","1.32047943861738","5.10519474551341","1.07974039896381","-3.23476178332055","5.98741060768268","-2.87716996351465","3.76355960690038","1.0740880513158","3.57756518551005","1.58227989527034","-5.88382506965899","-1.12284684953522","4.39639779925677","-0.146834136277814","6.80401908320323","3.31857765129632","-1.18492668896077","-7.04894948053482","-4.89977012435596","-9.17887037192906","-4.37124313796552","-0.452164271534821","-5.3434720300871","2.55335928959485","0.250234939140109","-2.92706293225532","0.82466393737623","3.77781490778458","-6.91774571443506","-9.49915643835345","-0.860905805661131","3.45513188146246","-5.67559750200868","-1.14304992544749","5.39712655075172","-4.82571026112146","-2.20870159770415","1.46225231773854","-8.67997433709351","1.67506913867814","-0.416002765069705","-2.23606392694144","3.69070995710838","-5.21068186922831","3.07872151065679","2.90039104346373","0.72936743256612","-0.791918013594756","-7.8794025759671","4.71680575865098","0.250597410226071","0.899134861516796","-2.91671906966975","-1.61993243486613","6.43792611315003","-2.2349138113018","-9.90137173762855","0.809367457323818"
"Random_Index6_32_0595","-2.82711759108496","1.89713210811995","5.27088429557059","2.95510900796436","4.56003221672522","2.43811153344211","5.07418641590958","-12.8322543854973","-2.60632482096423","-0.0454884992288434","-3.42311480312341","-0.801147046883342","-0.158481762712412","6.70266744732495","-1.06682059354631","3.01313654927181","6.58265341225944","-4.38767651840607","0.539062412889831","0.589489844851878","-4.62988535337938","6.68468719296815","-1.56153515463493","-0.344945854390143","2.12243144439739","1.09089359727213","0.0265724948369332","-3.3625810953649","-0.752416998936912","-0.464899625563063","-3.50324929535453","-2.85466822189111","-4.07333998560524","-3.25819798675888","3.33697588812939","1.74731096949299","-4.44563656742528","-3.18567281876734","6.97243547890463","0.455982213173683","3.07571017753431","1.85681478837143","-0.913504666844777","-3.07718165506136","-0.0812285972587047","0.909451433139141","4.86277366322011","3.1476689749996","-1.73952982632518","-0.748303050938487","3.15296642553462","-0.960789167420758","-0.429089244431315","-4.40605303647477","-3.60146309529393","-7.02556581553699","-2.25177616213044","1.32055199877141","4.85397249716706","0.891283804719457","-2.99285388729359","5.635086089563","-2.60502663913372","3.33563051709618","1.38652806878745","3.66036673296545","1.66794943912259","-5.56862930786681","-0.835281232947539","4.14584274664743","-0.129176267083802","6.49500194879106","3.00384191407463","-0.950699062062889","-6.67957959865478","-4.2893604530622","-8.99264850386165","-4.09255685946554","-0.13491736211967","-5.28455783261061","2.35831791727349","0.526568240042089","-2.73854906239155","0.602981789643853","3.48268920335389","-6.46157646569708","-8.96968537165889","-0.461890912736858","3.22519127958297","-5.67402007006339","-1.28477610172054","5.20028526739975","-5.21151663451708","-2.46108208521686","1.09800325526052","-8.60936527606295","1.41836175846048","0.0390554624600303","-2.64891954246045","3.72027268661307","-4.72267832991393","3.23069187522803","2.67107586475477","1.14373200762477","-0.494308727101125","-7.55782243907227","4.40031069385673","0.728480102770699","0.638398719049129","-2.48359624378687","-1.94414757856041","6.05141309661962","-2.07066822673173","-9.370027450444","1.22164503292082"
"Random_Index6_32_0596","-3.13418171608458","2.03455130188844","5.55740145493736","3.14134259444013","4.81381742389337","1.96980212090224","5.02293280633824","-12.9679301800553","-2.91096887683001","-0.32943867971304","-3.73325303577367","-1.20214679931052","-0.590833587834319","6.97712172436875","-1.42657423331938","3.19510273542476","6.39013834216696","-4.71909736409951","0.188736049847906","0.984442731982103","-4.5130368403034","6.86407123986308","-2.09994803457421","-0.0042228630478602","2.30840853564946","1.13007989021637","0.484984445499934","-3.78614196713126","-0.448212810353847","-0.98990843661069","-4.04232127712963","-3.13297655805576","-4.11999001655999","-3.04567695052824","2.96382112416962","1.6863593817564","-4.4224082973768","-3.22919136033658","6.98960689830768","0.119922360486907","3.39332782131137","1.44044693828441","-1.21328875483591","-3.64546444795268","0.0689771217920056","0.975364917848324","5.1556249585671","3.36478997558672","-1.96103205162626","-0.597354050449836","3.48467900465771","-1.3085000748751","-0.731354916807204","-4.32318941025799","-3.54998435766719","-7.3868979298079","-2.06436714408178","0.925370333169061","5.10667935168978","1.2054626709768","-3.21699950972432","5.85858912943959","-2.8586664018561","3.70016647541836","1.10886699571306","3.27739880507807","1.55987783171879","-5.96997796288733","-1.31404639551018","4.43991094698366","-0.196860663117997","6.6517869047651","3.29506395479239","-0.98851159775037","-6.93452408352587","-4.57575598821123","-9.02099348833615","-4.10357119721287","-0.422975294320086","-5.33647292151683","2.43392259018868","0.146294990168056","-3.15869561637194","0.978701571700561","3.7897696297428","-6.69068374241302","-9.07835709793816","-0.778006363366057","3.5240622219154","-5.57442622766837","-1.09115174324826","5.41726095462251","-5.10862812611056","-2.21363809173674","1.53649038337488","-8.39001096278935","1.57161882038581","-0.457140321269379","-2.23926034350154","3.36151139859749","-5.08599006548194","2.90418323999958","2.86150642442027","0.685728681858231","-0.774504608570986","-7.68583827651556","4.68256706938108","0.10297084641592","0.713159655582509","-2.67751652450658","-1.73195777811224","6.30887224322892","-2.07401030547512","-9.65897401633024","0.840930535464361"
"Random_Index6_32_0597","-3.12228242213131","2.31423094780516","5.59821103774037","3.09602809302229","4.98611802358326","1.83339926284694","5.13035141158317","-12.7293406677966","-2.84213832252163","-0.30528249887382","-3.7559868818974","-1.23205788287049","-0.643322172128452","6.84668550607354","-1.53876192680476","3.15928586936189","6.199251494952","-4.93225233967908","0.246916027682185","0.979131829521535","-4.17976160338664","6.89888550453889","-2.25705558389291","0.307635098376153","2.2258997817982","1.35984597366973","0.423336741165749","-3.86568764660784","-0.377048088803041","-1.16785023928711","-4.09494021020953","-3.20866832316159","-4.09536027270111","-2.94262607876247","2.91756548835977","1.76858653349372","-4.29856299366272","-3.28744624931235","7.0162659524331","0.01798193787784","3.38917045535924","1.27943304444973","-1.39108507964802","-3.77322459331392","0.180996495303806","0.817727184076592","5.18337202267796","3.1785908807947","-2.0106001953439","-0.682746881339818","3.66670343550189","-1.34407086173738","-0.819038781051004","-4.50914899051555","-3.45880442263192","-7.04634233097932","-2.13087719331484","1.01199460662546","5.11819703272557","1.14692705225949","-3.41057410672433","5.93251875797887","-3.04660727090948","3.75017763747295","1.00593813560982","3.15806880734477","1.61560361070021","-5.84937195527234","-1.07783802753804","4.53278602647692","-0.0489254627098923","6.62642885358097","3.06222085421738","-1.14150726253808","-6.95795467674497","-4.45250763747413","-9.24958783459107","-4.09069541542519","-0.54361340291987","-5.40426984706915","2.33159276688419","0.036712720006329","-3.16269153641027","0.785224061968274","3.80703632776437","-6.78484779806569","-8.99526520410069","-0.802168955185803","3.60872532081589","-5.44368170331127","-1.25483228914241","5.43916983356306","-4.87021433679173","-2.27507490326764","1.54192077335326","-8.43861634801689","1.94813507345637","-0.552664955388586","-2.08296560400847","3.3298433084128","-5.18521623112399","2.79461723628674","2.86220640444018","0.634396936907478","-0.873528680807387","-7.52486925426102","4.65431118133961","0.117152256282643","0.983530595936158","-2.74017471778617","-1.51610000141846","6.13958522004702","-2.06128987670326","-9.71616582549437","0.661846091662171"
"Random_Index6_32_0598","-3.4468247280008","2.28439699479622","5.62259706446851","3.09021470130276","5.06296607552273","1.99407454701192","5.1305325437869","-12.6154278317253","-2.68131620278077","-0.477932768304347","-3.89292390650733","-1.42374386178998","-0.661208293490683","6.85256791758949","-1.92384374300275","2.9555768563615","6.13179169827155","-4.83773991557621","0.104058661164318","0.837583703060523","-4.35662250384993","6.8057357895148","-2.23143386878641","0.100502330962703","2.57559166532529","0.92230091089758","0.230219155202565","-3.93952178300637","-0.661910356840938","-1.18006417498999","-3.92961902410099","-3.34974363885816","-4.20540753002945","-2.78554037571326","2.96644122064651","1.6592853286712","-4.0715534629746","-3.18542025735275","6.80595201739039","-0.170850514522657","3.50715578321088","1.06619119714626","-1.27660383021953","-3.75042516091963","0.325411834035984","1.14569788411702","5.36606836670281","3.2449559673625","-1.93017336899657","-0.464920015236613","3.61757001555104","-1.54419494474118","-0.973482080577587","-4.5603155571159","-3.5972085287505","-6.88697604585498","-1.79185941350453","1.08155645752569","5.2150995657573","1.17271015961385","-3.30163400942805","6.01692179051293","-2.85297612615107","3.7633301872393","0.849355263193771","3.32043394471926","1.59984693061561","-5.88757062558438","-1.14819593135606","4.41071407564845","-0.0734887987805537","6.45027652269467","3.35847106519622","-1.16504414980957","-6.69329551927512","-4.67730748907227","-8.85544574255113","-3.75473375609653","-0.614480310812406","-5.08261075595941","2.4348248461809","-0.0261596382960008","-3.0840160977332","0.581149991204453","3.75758948773486","-6.7460080728467","-9.16416160686475","-1.14178495052498","3.54014793310164","-5.76043285134972","-0.95632896982763","5.32610107623829","-4.65476099103542","-2.14109584891122","1.40419804007792","-8.34700849575503","1.70174531764718","-0.621058175480318","-2.20799718144235","3.36677948616715","-5.11279711338827","2.78710026702757","2.95053061188022","0.488832050735429","-0.868424652057147","-7.39923857480629","4.82865167692263","0.0622756342180518","0.84124698127789","-3.0447741320121","-1.4015824505636","6.32131201705759","-1.93608353363862","-9.65759321912066","0.646123640472023"
"Random_Index6_32_0599","-3.03650786083349","2.01961915530901","5.45523402827642","3.1573287725816","4.73024541087535","2.27985013970586","5.24966809334872","-13.0484090979587","-2.78078505902727","-0.179771219148507","-3.64685214584704","-1.09428575400381","-0.626110449919032","6.87148567488949","-1.34909048269819","3.07435759303589","6.45425470850623","-4.47140076376672","0.351705172496678","0.805185966145866","-4.51928940805613","6.84243072314057","-1.93906379354483","0.0333861593628853","2.274997538355","1.31974053432671","0.341297647140794","-3.62186728534021","-0.647406456779359","-0.805042659349507","-3.75455478679741","-3.08897701826612","-4.12676556194751","-3.1331169901683","3.02149640664993","1.75104403758046","-4.37780322533854","-3.15401895321974","7.00689245465451","0.238329766128603","3.28230675621574","1.52726519038929","-1.15321474802003","-3.50361689402095","-0.0362149358222975","0.904710194155566","5.03227133983189","3.37714586016264","-1.82531784926221","-0.609945412296566","3.34229791204044","-1.34049472401319","-0.72084184398328","-4.42678004500574","-3.57606057564675","-7.2669324941672","-2.23180398572823","0.989982078229358","5.05613779707589","1.17091497042107","-2.96737172571979","5.86641324628966","-2.75771310824264","3.55234814027117","1.1509177668806","3.37162682807619","1.54214020322605","-5.76586337264784","-0.952749152132208","4.36556985923092","-0.283292301430271","6.61143096319709","3.13790067303445","-0.810401054326306","-6.9544943321547","-4.65252933672308","-9.03947517746324","-3.9972635918436","-0.358278214770126","-5.20600274557389","2.38277395504219","0.292235752572052","-2.95890740123388","0.939997009152384","3.66011126077945","-6.65873986934126","-9.22143504099422","-0.660900274796963","3.48084677057473","-5.59928313171282","-1.15214644169969","5.34196995914183","-5.19438854715971","-2.45355285953304","1.32951612315755","-8.66283726730477","1.50202601088908","-0.1909253343098","-2.209475143431","3.35855876787241","-5.05049582719047","2.88850707957119","2.83174838917409","0.88798285480181","-0.575374403444959","-7.70939804675404","4.65424081680487","0.322519226100287","0.867755591554879","-2.54354813416617","-1.83035196404555","6.23523305261002","-1.88644785047576","-9.64414607320538","0.947770681826932"
"Random_Index6_32_0600","-2.97058244626684","2.14755738212541","5.64516270949352","3.08256912864315","4.89390314593087","2.11021515475175","5.29838380836715","-12.8930961933139","-3.0716135587551","-0.246345441152646","-3.69339930717604","-1.16187595793704","-0.633718882479253","6.84549402949884","-1.36426870948684","3.10846396146588","6.18100275680395","-4.75115361130025","0.316163340095013","0.968787954253937","-4.43890079125812","6.7619854985777","-2.02137179220288","0.116787548307264","2.31683177946283","1.07655984688798","0.405114770574082","-3.73060170493628","-0.503861176062809","-1.04491046763918","-3.91713887315299","-3.08695107306276","-4.13843841347183","-2.98987053956724","3.00319647326537","1.57478712179262","-4.20891630531752","-3.26278509249194","6.93110785624406","0.0296839682483054","3.31532530597839","1.44865259000478","-1.29880911315133","-3.53673979159485","0.081111174989162","1.00610686726536","5.1131764431555","3.28030879302837","-1.86341892313407","-0.608459292657047","3.52634947204739","-1.23391482313731","-0.637376604057394","-4.56944242522376","-3.56205881747392","-7.13860396008982","-1.80628142310224","0.982639791281915","5.16671219414492","1.19237249016295","-3.20646045104835","5.8125756794015","-2.87286901995412","3.60918314669786","1.07883549906723","3.27357456979277","1.63691842257552","-5.94713015904542","-0.966894562093143","4.25655261621623","-0.194164334940706","6.54704901211341","3.38195908612283","-1.04919096737902","-6.82954073012751","-4.49160452981316","-8.90815196605425","-4.10502116202451","-0.417825857078136","-5.18735585068596","2.42731884452329","0.113314635291468","-3.08670139544403","0.862647979615347","3.63172608043597","-6.59659448876681","-9.32003222942857","-0.838179897813396","3.42463348579375","-5.84202880591398","-1.08817027182676","5.27818143825942","-4.87696531764966","-2.24845000367526","1.47580303274168","-8.56988889310469","1.75669207382773","-0.322785020278311","-2.40207414688474","3.38637845043948","-5.01607888549528","2.89616162367596","2.90984985642181","0.784880225365772","-0.89992615786076","-7.55814914176917","4.68062558715455","0.337941298875365","0.771813790392759","-2.77311823914877","-1.6362317547105","6.15006425024026","-2.03802047456345","-9.56629608228738","0.778345346445824"
"Random_Index6_32_0601","-3.17380678527337","2.12965518090683","5.49531163896328","3.09038813067811","4.7538933203877","2.1132582088608","5.13265497899955","-12.8018898999935","-2.67932665051078","-0.296852822599739","-3.66518107794939","-1.14946003431849","-0.446076771332217","6.79220305909029","-1.28138272324186","2.90613732924021","6.33659285005775","-4.76936119914727","0.364860881581265","0.70707995237329","-4.34810429015837","6.72512443723087","-2.002419818057","-0.137964376476232","2.42086811931607","1.14845839545703","0.408910691417888","-3.73333530894972","-0.59229150599983","-0.94087616715606","-3.87083569626497","-3.12018976009258","-4.02896570504629","-3.0551628815209","3.11215495047111","1.81265687674153","-3.97751350860235","-3.11824662210216","6.89815435035625","0.063422493908802","3.24889809569866","1.36024410084713","-1.38032693127404","-3.53297539051503","0.151348452780325","1.03786079718854","4.99234241313689","3.46036362076344","-1.89924667947698","-0.558529495454538","3.514259295878","-1.30484760443464","-0.72083550174501","-4.48808865850268","-3.62923613058385","-7.05222672761914","-2.18111905330719","1.05029441356762","5.02619702494708","1.16792527605494","-3.11463262578545","5.9342461137761","-2.80418062724232","3.66157156327352","0.96898514913614","3.37198722534767","1.5580396895807","-5.90001995383556","-0.98235839713005","4.24384676196784","-0.195050516907193","6.52225329165593","3.22924997771571","-1.02680385667011","-6.7590635806278","-4.55136292602254","-9.00351723134304","-4.0357481188877","-0.405299349646588","-5.0189218445762","2.43613437577928","0.268869649875976","-2.91856689303409","0.795226203237866","3.568545420539","-6.72033897479258","-9.08740176728133","-0.834524764446363","3.56350678989494","-5.766721516723","-1.07230720737513","5.27332562459052","-4.76502916320218","-2.16702048317651","1.33285157123882","-8.51006513064917","1.64379032970105","-0.388649383541381","-2.34693172602015","3.39589441149556","-5.10641682812944","2.89248881321497","2.83568632164411","0.74494134854464","-0.741076371235413","-7.70450488094134","4.70630479004695","0.362335606485256","0.861342144486129","-2.84140338465407","-1.62695440699802","6.25336090402905","-1.88310689762566","-9.73778164904535","0.895028057691495"
"Random_Index6_32_0602","-2.94580131008621","2.19139319454149","5.54710977823017","3.24621363677234","4.86013862123514","1.99875467786036","5.30998555712473","-12.7270745537786","-2.73912303487609","-0.19587404838659","-3.62919835336321","-1.06659631177298","-0.521588669270301","6.85634469396427","-1.43426707385085","3.20105140982605","6.10491005441186","-4.64752513781336","0.288872886419646","1.0897670531105","-4.18646054875922","6.73928975098837","-2.06244893115133","0.0387863794505612","2.33805496135584","1.2240780766538","0.283513885689014","-3.74567337833882","-0.708172954966549","-0.982590451922367","-3.95434391744898","-3.00801235425222","-3.92210336129813","-2.72664204737495","2.89246266202565","1.74017917239095","-4.22556847059726","-3.2575308119527","6.78917432133738","0.0187870125683306","3.34646550076719","1.37905247808591","-0.993123973942934","-3.43675041298314","0.0862093997256761","0.842041470967496","5.18227223346851","3.22294358572926","-1.79502371106134","-0.62566477136201","3.51462584953189","-1.16604057265838","-0.586530891472266","-4.56477436420397","-3.44626098445154","-6.91027828655432","-2.09268808507434","0.970910809758536","5.11379056828437","1.32448600762011","-3.07113115914305","5.86151874075974","-2.97228933764557","3.52670449627632","1.31418083081212","3.08661532299404","1.69010511205171","-5.70802371620094","-0.906961028460946","4.40215324382048","-0.144550787353343","6.34541925354271","3.20870181679961","-1.05629933638809","-6.76811874361549","-4.28741407725111","-8.75507958317471","-3.98041182930838","-0.383020338268407","-5.03908564748584","2.42084381197815","0.00708777662525756","-3.22148185963598","0.664913426097768","3.62143733597486","-6.59742744496425","-9.14238742528524","-0.63270667068189","3.52602243944414","-5.74471007894703","-1.19837481240867","5.32580133181273","-4.79870222740668","-2.17256116701529","1.37475562069464","-8.39024321653523","1.78214613979925","-0.292781840522451","-2.35876516773225","3.24379491697901","-4.91750051775809","2.61956598252938","2.94601361164279","0.751134104686982","-0.554109406952775","-7.33181276631475","4.45176850160548","0.126184465436069","0.735305336593656","-2.54558373948132","-1.70190571321456","6.08868672458723","-1.87034633617877","-9.26671047501023","0.667750997000029"
"Random_Index6_32_0603","-3.13806250909505","2.24886885002011","5.59581494986951","3.33467611987518","4.84198483924519","1.94759357275662","5.01760766116119","-12.8366742451912","-2.83898471563883","-0.364913865987342","-3.74429756392169","-1.25352705507586","-0.640875410427037","6.8718705016446","-1.48278835003463","2.87440841050332","6.05524502501093","-4.6563005303801","0.221333842979857","0.775630835830252","-4.28225770263678","6.80629232324533","-2.2305006916148","0.215899800991021","2.46427963601936","0.902865255734026","0.228098350082651","-3.75156738449882","-0.60063135831974","-1.06359319485244","-3.85655717881462","-3.14908335352903","-4.13242075709058","-2.83844910662417","2.89871792443265","1.54735324814919","-4.0580819811573","-3.04473667239274","6.82885484851086","-0.0440606391936904","3.399946982222","1.21470224459539","-1.29893957812344","-3.48784122500249","0.210472869225484","0.857387948016459","5.12682806209857","3.3884135345027","-2.01984354471441","-0.349330639159838","3.67029268985534","-1.28975696986211","-0.758333502784362","-4.73242696687417","-3.65994060519447","-7.02653610676318","-2.14814027945085","0.962935859177026","5.22506086438037","1.07244218663508","-3.0326496646121","5.83990959970622","-2.73118310027149","3.75060759800209","0.957849745071976","3.15112506739493","1.55558796043154","-5.73118920299535","-0.916495835261323","4.39899729587153","-0.38378243377383","6.54991921580955","3.33385896916023","-1.06626671927073","-6.78531312020568","-4.3932007838211","-8.93873776091391","-3.85857334485066","-0.553740578302384","-4.96746178236782","2.50643015625843","-0.0234701724007514","-2.95468134956966","0.763513995773262","3.59549065465633","-6.49820966961028","-9.18644385328924","-0.867530322800666","3.5373383529714","-5.68536477035888","-0.902928117664782","5.23023880873872","-4.80727839687425","-2.35411990928526","1.30833109914918","-8.26120700218332","1.69814570359111","-0.429117091414371","-2.41314844015738","3.22069887605863","-4.98767399062803","2.74782992867673","3.07258515686087","0.6371110514627","-0.897165557261893","-7.39329001330757","4.82529402120049","0.157239640759666","1.03942862494603","-2.74778344212559","-1.47502203925874","6.29295803024139","-2.00214405613762","-9.42264755584453","0.688293562519355"
"Random_Index6_32_0604","-3.12600502534993","1.97769982639173","5.39401769505512","3.14500156835693","4.79336408244976","1.85771077739671","4.80651244653659","-12.6154475011343","-2.91240574277153","-0.376783616341148","-3.72528580198838","-1.20027616249581","-0.631574825548087","6.91981197192739","-1.39206283498688","2.93188706019237","6.23847424547063","-4.66150632652544","0.222624016294975","0.868421461496827","-4.23719486772413","6.74861665877695","-2.12360299621218","-0.0258283494536194","2.44185409928094","1.16896026427508","0.495947116773718","-3.75778562509801","-0.387643100455591","-1.15135066454817","-3.88844412975853","-3.03202274260314","-3.92539147999794","-3.09707679222316","2.9438627809954","1.66432655457395","-4.29926894803111","-3.03970751100115","6.84834691240819","-0.0594361052642121","3.14916769082014","1.23561532277255","-1.3744637590515","-3.69102796633927","0.0946503393706337","0.969563391212665","4.85331663102267","3.28859340343363","-2.04132437946142","-0.508978282368516","3.5081304605321","-1.35103968397099","-0.697613357628668","-4.31853751306326","-3.54338377008325","-7.30839620828884","-1.98135988883414","0.964275728245386","4.92308517916427","1.16656007515415","-3.25246067391719","5.78977883316043","-2.89318592266988","3.60977851051619","1.15403468424495","3.39571789914646","1.49734679863211","-5.82664398100624","-1.35566214674645","4.30222639888062","-0.146433424909316","6.49656632977338","2.99181028896665","-1.18906839890385","-6.78946521696012","-4.5449775483747","-8.90224528955927","-3.82225874771818","-0.528600879992482","-5.05462929578392","2.41756953036388","0.13638389429847","-3.08989211176701","0.802656645969997","3.68503166211253","-6.83238958968058","-8.85286260044294","-0.704768389201114","3.49324759428169","-5.51237071002406","-1.03809188374271","5.29234209956816","-4.83160508492776","-2.49430522823193","1.38268554052715","-8.53515473589922","1.65061156692125","-0.393802638867344","-2.16059209640806","3.26358938480287","-5.15294147761336","2.88627304609081","2.92494685716572","0.706660231920861","-0.941162320747595","-7.41409149296217","4.73010316360658","0.233459537478189","0.812552142253015","-2.72284853160005","-1.51741388986455","6.26857725358562","-2.24139453559018","-9.67575650139367","0.789967344611587"
"Random_Index6_32_0605","-3.07490486084536","2.21863133356858","5.5764393206213","3.16977921300325","4.9339248266969","1.94386491640182","5.20941974384948","-12.7896143112697","-2.92073413046322","-0.439683529725408","-3.85030935303262","-1.29941962143123","-0.521650638310638","6.9655645810676","-1.44549742511113","3.26295625441144","6.30468695967916","-4.79535502023347","0.244719030372515","1.17848991560133","-4.23971203794564","6.81905190226665","-2.2178031550994","0.0713830616176652","2.35104937230097","1.06373887858737","0.477153495350575","-3.90533918208813","-0.520619415835833","-1.14504360489764","-4.04660898445106","-3.19231577219816","-4.06730097953908","-2.88180142108173","3.05116917850624","1.75436170471341","-4.25373916979126","-3.16696975628888","6.91546089198098","0.084100096707033","3.52425068265424","1.28556768598089","-1.50015841161171","-3.81774387974613","0.249418364544006","0.995270709675165","5.10246795700231","3.34459513696856","-1.8541011896256","-0.612457980207261","3.58270059964891","-1.33020107014567","-0.885828809643437","-4.30156893605054","-3.62704157044565","-7.24746133931106","-2.0720858858311","0.992360276534321","5.24103507479429","1.29075517848388","-3.36873742632588","5.96133941831374","-3.01939171168436","3.70890244345088","1.14841461778399","3.46224190350089","1.70085819222849","-5.80820894161689","-1.33816973046971","4.32388621024203","0.0332161811008859","6.65128020356404","3.13113874736113","-1.09206178337911","-6.72674515177316","-4.28437282692293","-8.76468906886644","-4.20598834045292","-0.650072365315493","-5.02053965939523","2.49655884698637","0.08313281264092","-3.11229702897968","1.02580117585558","3.9036023693129","-6.86615626413113","-9.00306276217752","-0.771332693449967","3.54325301951808","-5.54467233306978","-1.03672072105858","5.39556987692629","-4.87416040737047","-2.22919395330101","1.55050315952061","-8.488461330776","1.84351478599939","-0.440842641628118","-2.04905859519173","3.40545101000822","-4.99321709843476","3.05809995014886","2.9579779335149","0.732636673629341","-0.707266739874877","-7.6042508872562","4.71726836527998","0.212333806100221","0.901753226713163","-2.80929901366882","-1.59095351079331","6.26627684447489","-2.08669569015559","-9.62819036051788","0.839489058880882"
"Random_Index6_32_0606","-3.25664973488333","2.35141151985171","5.74912307768426","3.34921996163727","4.82166059926603","2.09471060390875","5.20474808031708","-12.9277224744428","-2.80523647128788","-0.454517931970286","-3.82123206533677","-1.29047757006484","-0.687881626782417","6.98406486530483","-1.47325025137856","3.12454441340682","6.44703930155989","-4.6338965025425","0.0399018176824653","0.924771795760274","-4.1836234785301","7.00928662660944","-2.09254382625098","0.0909618191095785","2.4454838016582","1.06663542411785","0.378200603643202","-3.7451346422672","-0.600963646889544","-1.04684669095582","-3.79957904675342","-3.22534339614711","-4.17595402550899","-2.9725594543305","3.05852459928796","1.47141956751993","-4.22702551442872","-2.98543312112792","7.09351683497941","0.135751993840712","3.42774160124147","1.34439343537206","-1.23849281720966","-3.5250912685561","0.213237584042218","1.07349671421492","5.12294547574564","3.59838991577719","-1.75588567747004","-0.400160576174331","3.47811534548989","-1.43100805929151","-0.868721287897918","-4.55016524682998","-3.5733333851207","-7.19811932022473","-2.11524968601051","1.04584210555845","5.19448120625556","1.17711127035017","-3.15889352879997","5.95507482087039","-2.91362247048962","3.75369388015301","0.907226390762901","3.3166588030152","1.43059257870582","-5.90728159467621","-1.3423874953994","4.5016080347056","-0.276030648950702","6.63440280962489","3.38684196449098","-0.934302321622348","-6.88642785235952","-4.56306550891863","-8.9655067138845","-3.93853185549007","-0.427609230619329","-5.1660954160891","2.49040056909872","0.150255296196806","-3.09219282135269","1.1670322961016","3.78349558766131","-6.79120544942222","-9.34971674698471","-0.843285191595415","3.68966396449023","-5.3927802381248","-1.0405616495318","5.47060401450806","-4.99664131270962","-2.14174773515455","1.44239061715621","-8.38075733340764","1.66481675084968","-0.29636775255581","-2.31781139271345","3.37514696991898","-5.04150481375561","2.91473583137337","3.03932634348991","0.801820882096226","-0.583278680608792","-7.43941299993852","4.8409031233686","0.284859351764274","0.902871016458779","-2.77149591614864","-1.63326982178414","6.34608462524702","-1.90186586332961","-9.60622102749714","0.817579965455492"
"Random_Index6_32_0607","-3.29039636688339","2.26317298886162","5.60092947914296","3.14295371643611","4.85803168199409","2.03992743362576","5.13321786030226","-12.9411860451007","-2.58588639526375","-0.192398588029107","-3.56372293607435","-1.14126738940065","-0.462471070125713","6.82869121355805","-1.32282333798337","2.87091988693781","6.10880386982753","-4.83475755132592","0.432812774829902","0.646884007560906","-4.32379970941558","6.85096831543962","-2.03635060673475","0.0736077692710742","2.32232029443436","1.2301104437178","0.13433488116338","-3.77330116860737","-0.740181052379661","-0.993957482765854","-3.70865657727911","-3.14467999004813","-4.10718674291838","-2.81646714999449","3.20481429748479","1.55932083731139","-3.87970720652804","-3.2593082170439","6.84027608132858","-0.0589872912232392","3.31919147634466","1.31101324683118","-1.46992389356569","-3.66812156966025","-0.0280979177844934","0.745420406774111","5.1647403776767","3.4176056113525","-2.13827079964031","-0.576591547529298","3.64144897694885","-1.28703029772127","-0.735480629738938","-4.73663884773259","-3.55570421307412","-6.79969463258606","-2.34155016005754","1.21749544003686","5.26968873963548","1.2752822676938","-3.15637477635459","5.91572387834527","-2.82922401140038","3.89379949461732","0.957706866805974","3.279676373379","1.72494714166111","-5.80252665995184","-1.16577440262783","4.38262184759025","-0.161029707820751","6.52927894494423","3.19842193413474","-1.43574039914255","-6.7812524317773","-4.29085634734411","-9.22739954411863","-3.8215099563427","-0.364698998700864","-5.14818516397417","2.45006322938188","0.234970223115034","-2.99755743072829","0.491650274412202","3.76895982983017","-6.63403075868401","-9.10073398238686","-0.891736080357067","3.63169950454741","-5.66679284517811","-1.10084822732935","5.13723308779661","-4.81021254861743","-2.43047803400705","1.34799123346085","-8.4935602301032","1.62685287043201","-0.248570711064153","-2.3830422928442","3.46847217956576","-5.01435073753305","2.84278368216382","2.90482011802781","0.689290662397558","-0.809035138827001","-7.68997308840743","4.7513644652763","0.377242346649745","0.995313170730762","-2.94298989803072","-1.4747502051285","6.31634375626464","-1.77241067205536","-9.81402457866503","0.880081000567925"
"Random_Index6_32_0608","-3.31944955837368","2.19192457925029","5.59278975369114","3.26300995888505","4.92816609383155","2.13903495764439","5.22732527477558","-12.8331019060922","-2.89090135674144","-0.428412858572494","-3.83438896802286","-1.22851107844924","-0.565268877315843","6.97572911149132","-1.45797321489968","2.9240125426569","6.41122439871311","-4.72897241724487","0.259696156539162","0.693326182317712","-4.30667752039888","6.90911986798806","-2.05168642959085","-0.0131993441877513","2.37471280960352","0.953230055853478","0.286491288787846","-3.85901499866316","-0.604459274976457","-1.0398122874252","-3.81610772035628","-3.20759954301617","-4.27656149224682","-2.96308067143561","3.2273429062702","1.42249821562878","-4.13504353923499","-2.99847228187505","7.11860020719476","-0.0571234778765764","3.55915247657816","1.29689672539121","-1.44908674762551","-3.52987603493523","0.104239105495099","1.01548602155785","5.10037365967558","3.42845826180341","-1.93193085661911","-0.409355762989271","3.61481226879283","-1.39278487109674","-0.725256313631815","-4.72442771191534","-3.67957464793919","-7.15306889976273","-2.20529330528528","1.20570130754197","5.26626712760949","0.985700906170237","-3.28939581337652","6.00363711974186","-2.79014289115943","3.92367830912027","1.00591214207464","3.41775000609704","1.57755663712431","-6.12775100780388","-1.31651563622075","4.41517186236604","-0.325539714395241","6.59176085764509","3.20081062830912","-0.974537510597847","-6.66963667650392","-4.52120219043659","-8.68485818210677","-3.84951245129598","-0.480045524036398","-5.00702483274761","2.63441275850882","0.236732184390724","-2.87582733544339","0.743894131245307","3.78947649493846","-6.70242519208666","-9.27692522981241","-0.869364089037424","3.66662354748942","-5.71714605167793","-0.926750984953143","5.37872399051072","-4.83049691708934","-2.45762883866556","1.20735731639451","-8.56686516811985","1.60606329445553","-0.326368359256531","-2.58250234524668","3.50692220826428","-4.93342082850066","2.96588505322867","3.07781644641238","0.860696117890299","-0.83898681418239","-7.50055474282198","4.8292497888181","0.323367037477271","0.843454613382489","-3.15936754845561","-1.52259475333801","6.38433075464196","-2.04326445008064","-9.54561970542126","0.915933711921316"
"Random_Index6_32_0609","-3.3115032202933","2.28296227788393","5.58242082280359","3.09359941788513","4.84787997764481","2.15749889509862","5.12825378214893","-13.1299202230694","-3.08403946450044","-0.326293738015694","-3.80616714904905","-1.27728047227485","-0.575276774345623","7.11562841564364","-1.45959016803217","3.29032311674622","6.33508652201253","-4.80580696424902","0.325158761640048","1.04015635718493","-4.56656981420118","7.0170173033163","-2.00322320043015","0.220493545056435","2.20711785253773","1.28362119703706","0.510922217232269","-3.85966075801358","-0.492432876105134","-1.04640476847245","-4.02640072326281","-3.1724906066863","-4.09107986117932","-3.22897860761917","2.97938315890818","1.87592728182426","-4.37448705745967","-3.46537197375212","7.08242522798271","0.217679690043441","3.34587326617594","1.53086891194767","-1.22291915131168","-3.67881773894933","0.0540302306791651","1.08231144075191","5.13933962378319","3.32854406799393","-2.06572986663555","-0.698017085604771","3.5152735424652","-1.37292988443106","-0.778781239738571","-4.58317881494958","-3.63266138425191","-7.39187273039315","-2.12734599522847","0.988251660324815","5.23361096204883","1.15584324573095","-3.20952025692384","5.75380021638892","-2.96076400284462","3.67268545160465","1.23470940705351","3.42924807756121","1.62423815168125","-5.87373012352763","-1.0524468131428","4.4624475766378","0.0129454851044409","6.74917660402751","3.18280190618591","-1.29462527592019","-7.07106295923218","-4.5893192489492","-9.21663436786742","-4.25279485028032","-0.539221051380098","-5.60709570286982","2.3961569648509","0.37305558757884","-2.95135477947513","0.99803808163759","3.79769628743814","-6.78879181636225","-9.2094272722999","-0.719794902149717","3.42447229209312","-5.73412503210691","-1.13085110784656","5.57034084745716","-5.290547426709","-2.29342364934475","1.58987669671554","-8.51757485201718","1.72817685841467","-0.478049756133812","-2.10717702341896","3.36788339105229","-5.1250837618995","2.87416563238658","2.79943059025762","0.880756929291252","-0.707816526136794","-7.85586846127943","4.7176662699169","0.444273324954772","0.683276147083101","-2.74266779166535","-1.81065537902238","6.22763419300592","-2.25964880704395","-9.65837419820259","0.980226553437625"
"Random_Index6_32_0610","-3.19381100883168","2.1648579623317","5.48772368472076","3.10428534484836","4.76605700771991","2.0669847932237","5.02361750323336","-12.8254629043052","-2.83000879044165","-0.225122603812113","-3.67399853795075","-1.18657943161433","-0.505887665841056","6.87063242859005","-1.39291538643039","2.99253803816593","6.3040169304644","-4.61590365175881","0.304973169543765","0.81810445461073","-4.38701508684982","6.77665107419815","-1.97908475764606","0.0378624620180481","2.32652865489653","1.40718454391154","0.327996179077606","-3.69127822734939","-0.637689091971633","-1.00078416424858","-3.80888358344496","-3.15806998774336","-4.09387914289281","-3.00410030387914","3.15097176035405","1.62238983141805","-4.08210464102178","-3.16249810770085","6.95427792327405","0.0850517650384961","3.34242336842033","1.36426700873036","-1.16435595654525","-3.56873509504422","0.118887257717163","0.969399487390313","5.08910663350028","3.30282384859458","-1.93050017515863","-0.43486176544208","3.51123388618977","-1.31226108656139","-0.778900089236662","-4.53056630367758","-3.74187001712618","-7.18302418217451","-2.2361049264429","1.16430031674025","5.06087952455597","1.10064006502522","-3.15711975670173","5.82318518296456","-2.86233974154379","3.70278120798727","1.03608229269835","3.40694799864975","1.61712294318268","-5.72468383441249","-1.05245255815556","4.34179830810427","-0.195740845716635","6.55304404153302","3.14536932614433","-1.24391368333457","-6.99245497585081","-4.45554120225781","-8.93297112221571","-3.97663391328254","-0.45108310857246","-5.14991499972519","2.53411617832744","0.173241841342305","-2.99980365468315","0.80824917936749","3.74492405251424","-6.65885383466945","-9.27534433795953","-0.810040455165495","3.50099908802737","-5.66142218613721","-1.11288888816287","5.25049485527593","-4.80713171051577","-2.23602573460126","1.39369414928016","-8.43022807458578","1.68107336353423","-0.344964441571158","-2.34470672124774","3.44736995471089","-5.0125312151237","2.96665456254342","2.90170482516391","0.790974603070861","-0.706786599877053","-7.54066646489783","4.63931944042483","0.283074484581184","0.710032329604348","-2.79291423105459","-1.56980298509006","6.3491574783976","-1.95941829564929","-9.55997031929991","0.873525378141101"
"Random_Index6_32_0611","-3.08802939088758","2.10045182007001","5.61485100684569","3.19572893891287","4.90700097941702","2.02593060333018","5.19751222174714","-12.7739696156965","-2.76685977571577","-0.429293775828736","-3.6340752521122","-1.34968944574632","-0.715391658698241","6.93110282773798","-1.47244322029044","2.97597738904458","6.17768982434434","-4.58829281430398","0.1667454006008","0.82387663957507","-4.20136555828339","6.75148296420367","-2.09586788685084","0.0173899082564171","2.44156424806154","1.07231403359454","0.306702513743486","-3.77707006669764","-0.213253338443552","-1.00861063756235","-3.93007732518896","-3.21875525591814","-4.15347765609232","-3.05962175862841","2.9963656929191","1.56495846764719","-4.03707349446079","-2.96459168263955","6.81879928332997","-0.060738309952009","3.33785380016677","1.38053914544789","-1.36041412508846","-3.65100068493997","0.281935482062545","0.949920564789891","5.19170607538724","3.40550138737333","-1.7910671499748","-0.57590926528818","3.62538530065599","-1.36226893086949","-0.810523499823154","-4.3697417688508","-3.56190074339987","-7.23902556173389","-2.01471663333962","1.10582037392603","5.14706501525604","1.12772749112404","-3.28948006683179","6.00821260144189","-2.77036655083573","3.81179806919893","0.867919079728416","3.32824080086842","1.43561973551439","-5.67441267212061","-1.07279977680573","4.33141636831847","-0.201920334191405","6.51837518879406","3.34966237101895","-1.19934606917542","-6.63627410686977","-4.54614598505663","-8.98822805269165","-3.87380710527579","-0.378159255806641","-4.91754570814983","2.5294692855411","0.138112516802188","-2.98407005516671","0.853861426235249","3.73038087047149","-6.60595139663242","-9.01868980762054","-0.819293071133406","3.49518629206532","-5.36894557299403","-1.08142272496439","5.26368670768074","-4.93660169506614","-2.12061311083654","1.34193800514081","-8.14469922412707","1.7053629119512","-0.50783834308468","-2.44532044413509","3.38559823151561","-5.1085925192178","2.81057267701038","2.9424655604481","0.619817166011809","-0.59615954521332","-7.32452681175673","4.68682344392961","0.14899978627229","0.854312079427906","-2.49599481013977","-1.54730976852935","6.24765217723705","-1.94638407455853","-9.47166822688232","0.714178993653226"
"Random_Index6_32_0612","-3.25979608127402","2.1845128797826","5.44923908151414","3.15468031287119","4.83621324031379","2.09014110445194","5.03609842711384","-12.9477856910566","-2.86092175006861","-0.285115454977685","-3.73875358121092","-1.10829091747044","-0.675807985224485","6.80806344238608","-1.47465784017181","2.94958065005125","6.22997881094515","-4.60298583127961","0.19580907562012","0.852254615177701","-4.34038717811635","6.74520872158937","-2.09728346280147","0.0484340584246691","2.28653237551828","1.04008459087469","0.288229994810184","-3.798232068856","-0.628581718529106","-1.02496030599976","-3.91162821130924","-3.14122852408278","-3.98579269418573","-3.15631488810968","3.03535407900492","1.5783913456027","-4.37123588475527","-3.02188091474777","6.88321180692901","0.0622877063266267","3.39239723622075","1.35054393064361","-1.21040669742785","-3.52325434753782","0.0491907239846214","1.00035191177634","5.08544960425075","3.36633095349061","-1.85043725270846","-0.601015357623949","3.38898523248021","-1.32980320720819","-0.788480927387616","-4.53757874124087","-3.54507014632954","-7.04163976074414","-2.18931770314819","1.10180857749791","5.0383315929883","1.29692764543107","-3.15698075711355","5.79857959871024","-2.86843845567022","3.63843073116699","1.03573772879659","3.2812919040545","1.69231788705255","-5.57834295158147","-1.14836116588406","4.27749862753209","-0.266787287033172","6.56106237923816","3.22916095555777","-1.08217562627384","-6.73024045940951","-4.45208598361803","-9.11101278886453","-3.95184896714285","-0.366622445963175","-5.08654790676167","2.39906887406151","0.170610009486571","-3.01364918026448","0.776215119392481","3.63005844609072","-6.72711376966205","-9.11718302010489","-0.792760362800739","3.45987962670892","-5.49971306619335","-1.0384891559944","5.25550636929277","-5.14950823681352","-2.3243744905618","1.38868477476636","-8.22832500849034","1.66495969190876","-0.45215664418503","-2.1334531641438","3.37493131272848","-5.01609652788245","2.76439106960491","2.77847860298321","0.731910593010817","-0.67143016810099","-7.49093607046891","4.61994929017958","0.257347817076732","0.939646831099317","-2.63488669526727","-1.7560146218974","6.2647106854086","-2.11017605846481","-9.5055705030076","0.824715397823054"
"Random_Index6_32_0613","-3.23961284522654","2.03412060449485","5.39738350414631","3.16606591392358","4.8040554352514","2.12514879078773","5.17564014784541","-12.896656875226","-2.80958339341241","-0.245958171246849","-3.67685975365342","-1.16346292492492","-0.482903219299392","6.8536194612449","-1.39515750767924","3.01843982154278","6.25849709640592","-4.48317431040685","0.388789347554779","0.850671627438262","-4.65888016615995","6.75722839546392","-1.94154574664165","-0.0369560051400603","2.2072505176119","1.02228014611588","0.204057217454752","-3.65199479315492","-0.60383794801179","-0.912734791744799","-3.80595391041019","-3.00822186818952","-4.185683242158","-3.14506681261294","3.1566276394687","1.63947774999395","-4.21421590148675","-3.20649471805526","6.87053272605392","0.124540046588383","3.2814006882464","1.44765462965734","-1.17624993791562","-3.59194636219963","0.169354373264646","0.893691259454018","4.95469843295018","3.29845080633503","-1.87236792037346","-0.55994753598746","3.38989468932868","-1.27693925917525","-0.65308681660855","-4.52715585567186","-3.5535934438488","-7.37017404817529","-2.38186730847591","1.38314440070079","5.01173109384738","0.917727164489248","-3.03174418954674","5.76938181614101","-2.63970792541398","3.65085476628865","1.15253532145725","3.40515661385579","1.67459783429138","-5.8070768130083","-0.97500528957916","4.35854585762158","-0.203072643863169","6.62235823625473","3.04864498585993","-1.19874770836407","-6.87741238799618","-4.53078950723399","-8.78594377510356","-4.13818822832981","-0.45661182910446","-5.28875056789891","2.55570756962074","0.312953041316475","-2.85166691342836","1.01279044527466","3.76376180794932","-6.57712341223733","-9.21600537865399","-0.763474793410114","3.4209211935584","-5.75056176228049","-1.06681415698758","5.29353153170029","-5.09825947588732","-2.23326820849361","1.28075467547487","-8.45482529723948","1.69921264200828","-0.30765670300072","-2.36651528943863","3.58189948486362","-4.82281367271376","3.00887776406666","2.80624996442043","0.789213668004635","-0.716601183130765","-7.79931509919417","4.66632975187384","0.386449320434244","0.735893575942868","-2.77387465594701","-1.72269366347065","6.18054524617032","-1.98779491831615","-9.48115630466598","1.03803521535461"
"Random_Index6_32_0614","-3.33586301788618","2.24068435151398","5.60693231895176","3.15986792648873","4.79348707805449","2.13941576820667","5.31346067704603","-13.1106495177475","-2.68243092874455","-0.274631876183769","-3.79783574377845","-1.22874340640567","-0.570343594056319","6.93651270969104","-1.49725990403202","2.89310439996429","6.28955468307448","-4.61227681181006","0.182740526553269","0.63088959060156","-4.40733268280338","7.07602039407986","-2.1996933441752","0.00710758196843889","2.43065591519863","1.06671471439565","0.0816236034829607","-3.95856820487513","-0.761467524055587","-0.990872652642648","-3.78853910488242","-3.177197153917","-4.25419169682615","-3.08981465911438","3.03362288220045","1.63222119024437","-4.1186380533628","-3.19231670593246","6.94953105993273","0.0801420390154368","3.40849705624544","1.21883390357708","-1.53351310365568","-3.50563950626565","-0.00695909220211872","0.975348457303339","5.20452541327557","3.36160690542563","-2.05616847729057","-0.42328938146214","3.45126940092369","-1.37558471472513","-0.780329029240823","-4.85414486627242","-3.73729776084025","-6.94289848964769","-2.38433833010803","1.1899581994202","5.34952787863419","1.15848837559286","-2.96472942965251","5.95091966916112","-2.82029583149104","3.93917184242592","0.896426138119159","3.3434208121962","1.60004116051235","-5.68133165595894","-1.15647605279167","4.2089261890667","-0.327828499939339","6.67324628925749","3.37959492510046","-0.933854852570901","-6.85357929247891","-4.42689176928764","-9.08239188583861","-3.83165163386832","-0.408539988191648","-5.05967913404569","2.58903783915434","0.169724595415649","-3.13859892102883","0.762842151039922","3.80395137419615","-6.57830690633111","-9.31876212809304","-0.82061205615513","3.71393056538404","-5.61750676743769","-0.925836423611137","5.16138260645037","-5.05890835264497","-2.27569643297328","1.22043588429204","-8.56524375549021","1.5247913089503","-0.316462308813279","-2.42142321437001","3.35910574973855","-4.88068593637736","2.7375045257499","3.08866223819674","0.781171597298586","-0.827416948158263","-7.64380118081097","4.87132536239832","0.208763650264988","0.943639331196663","-2.96793471134102","-1.67846042036526","6.52235971010039","-1.77776436310125","-9.5800938571932","0.801979259716976"
"Random_Index6_32_0615","-3.07388823862393","2.06549552747513","5.58805475838247","2.97489347222691","4.82683235253248","2.12059016863484","5.05569820417777","-12.7450289282542","-2.98112709454291","-0.250152163124901","-3.65794467318491","-1.0384024757121","-0.610259271425889","6.83707970182808","-1.23733510832309","3.12808875412389","6.35782223139166","-4.63694984580484","0.416187009780822","0.906729477912771","-4.28402117061616","6.75631766179466","-1.99080885493229","0.147964046236368","2.24184238954455","1.24651086284702","0.290981927177159","-3.65745783193596","-0.565409278080436","-0.873601754622145","-3.75775372823574","-3.04505243162839","-4.00560898298614","-3.10407973706146","3.27956922474644","1.76325260864337","-4.29593720759307","-3.23703394935002","6.85528566229622","0.0141650764598325","3.25246511060629","1.49542135106997","-1.16739598308647","-3.57118984911451","-0.05632994560708","1.02001378735559","5.19635283074399","3.24822543238276","-1.85489353479767","-0.648584380432835","3.55145095371401","-1.16797626174952","-0.567894932226301","-4.51830461019799","-3.40729716692987","-7.18939927322299","-2.0934613952383","1.33144706802573","5.02049333864935","1.04159042237796","-3.21026420052668","5.76159675452145","-2.95608595804029","3.54091094703294","1.09225017258787","3.43268847189067","1.76810653952859","-5.76661953352618","-0.874613561473235","4.37792913667043","-0.0767196545943448","6.53298617917369","3.12158840700998","-1.19699799401503","-6.8745003495576","-4.30161963460907","-9.25193554720316","-4.03656807270189","-0.301066104559544","-5.25667603766121","2.325487977449","0.248790067149148","-3.01307652993357","0.686471629635692","3.57622052267595","-6.63778570496517","-9.08340797328749","-0.672030712545404","3.39895964681507","-5.54240114711448","-1.2804757031858","5.36813685227568","-4.93732075542077","-2.52675763544662","1.33442184228971","-8.49059817672336","1.79437363061628","-0.279705838540158","-2.29569198944126","3.65100362025096","-5.08562469392452","3.03707503280859","2.74628591311511","0.813974724135224","-0.602491791694652","-7.51182478839201","4.49078401362838","0.361663938726845","0.79110641069936","-2.65150232983061","-1.6847143335789","6.1518846474521","-1.89368091467074","-9.80725504515037","0.765225273874616"
"Random_Index6_32_0616","-3.30246379589124","2.13596152045351","5.55905234549082","3.18423899351656","4.80102110281797","2.31700966084055","5.20690342372061","-13.1563380381127","-2.73113478538717","-0.140565292990166","-3.69988787100697","-1.10767070024855","-0.511645346925989","6.80719247655672","-1.2974063966817","3.01734980171603","6.11473181090165","-4.50148406353143","0.27679595192071","0.681495502276063","-4.45627158246122","6.75217344324084","-1.97795761991094","-0.088708654427595","2.38048950828807","1.09172736862373","0.0983831647458832","-3.71498490825647","-0.711695352126576","-0.951201533410523","-3.81904690351127","-3.15863999004846","-4.25841261982908","-3.05111457486","3.07384213943676","1.70043767471564","-3.9727696834956","-3.18521902123739","6.82870849449329","0.205002851601022","3.35549779298387","1.4825490054775","-1.15734548531925","-3.46847807059675","0.0150381511939589","0.753915483377481","5.29269222103539","3.27140127917005","-1.84450070856981","-0.445293317995542","3.46946229729359","-1.2771564352824","-0.735310108623014","-4.73982688830937","-3.81696994169532","-7.09019886531906","-2.62018354041835","1.13524584030946","5.20139663213635","1.17604189722332","-2.96700987230546","5.70322328799005","-2.77005043341079","3.69565811669937","1.13659582206512","3.24316973444307","1.57617887959844","-5.71939288186246","-1.00249526151577","4.30739724387674","-0.3654777805967","6.45303607668423","3.22275524019549","-1.44230294547858","-6.86000668721159","-4.46056341763138","-9.09899805956591","-3.99475978651042","-0.224171518332933","-5.11095009573185","2.59387845643454","0.32934234048374","-2.83720309735249","0.724457926185244","3.66645773285322","-6.51999733027015","-9.28762730718567","-0.757083226926452","3.39099715238021","-5.82469873047716","-0.921076971313516","5.12599018177125","-5.02286499328518","-2.36608134480392","1.26043768991637","-8.40239127143205","1.51362038151444","-0.236981126358176","-2.53131875475799","3.39725951822237","-4.91293079620265","2.90061793495817","2.85112048483222","0.861081357875759","-0.563500429193103","-7.5176920569053","4.71654359893547","0.474710047466399","0.84376752061834","-2.78920976587828","-1.71876818046915","6.32759167053251","-1.8045931100858","-9.61438261935433","1.06857759263091"
"Random_Index6_32_0617","-3.18086457482947","2.41400446331507","5.65680846678071","3.30591305119365","4.78793372934759","2.12262219092651","5.14192456207916","-12.8911887637575","-2.59645579230869","-0.392758342026914","-3.83530693935034","-1.36005000246698","-0.831707736995384","6.66885259988553","-1.53913068960316","2.77042391685556","6.40559825254833","-4.43879259759638","0.142727241812663","0.745425934722997","-4.28837238057074","6.82633290533922","-2.18927637532929","-0.0366958161157973","2.52754857836062","1.0169870341834","0.2994293707671","-3.87302913679003","-0.575793755016116","-1.06068959957122","-3.7420746772452","-3.22394010861909","-4.20665606375598","-3.0620731723259","3.03654748421822","1.57463380805936","-3.99896288000877","-2.92920996293332","7.01877429776659","0.00795530215784339","3.46733347230231","1.28230520355072","-1.43299878909992","-3.46272407719153","0.241981865377903","1.17707553625436","5.09300304898087","3.65905444685283","-1.80925852007089","-0.227069026363349","3.52213829250263","-1.42638327006238","-0.922629028777992","-4.54604038678577","-3.71882078745052","-7.0880011352595","-2.19903074678429","1.04771876934522","5.25554045876499","1.24198992462861","-2.9570791675107","5.9897951576888","-2.69336478638742","3.71337007492206","0.798075271351622","3.27703793396927","1.47423420026656","-5.7245270639245","-1.3259642937491","4.38067837681992","-0.343262822081996","6.60915371763254","3.44977177457696","-0.941171984553736","-6.60068811749378","-4.62960273512361","-8.90481341152604","-3.66845472597994","-0.425191582033121","-4.89778590932512","2.63253737528342","0.159654227395856","-2.93341616723089","1.0057750681944","3.80235703314218","-6.52488901773589","-9.17879680233075","-0.916097462516973","3.79919561680672","-5.4628539935123","-0.804455284518547","5.29359877084371","-4.75293213679803","-2.09208582044735","1.27632285853005","-8.55119137175951","1.49690327221463","-0.405118258832221","-2.43445166938458","3.22168016814954","-5.0277517110492","2.8446578434275","3.03592017344882","0.658616114312273","-0.709140006595099","-7.47162890635197","4.94887763769632","0.198351871473468","1.03065030742415","-3.01615875691453","-1.46816809631583","6.46065188897443","-1.85636448735559","-9.53042633409684","0.943592331821119"
"Random_Index6_32_0618","-3.02568735632089","2.15578677987793","5.40420458300065","3.0664898614689","4.73349896754418","2.06465978832816","5.39024965834453","-12.6645886877502","-2.58687564860733","-0.432500968374849","-3.76047400562658","-1.34172407202253","-0.580064056212172","6.65725381179923","-1.52048890517215","2.9455480280729","6.16874065584085","-4.5404117128593","0.181805620660089","0.795355086822359","-4.32102574107245","6.60197279447293","-2.18819245269045","-0.0631306739333631","2.42589232667542","1.04244691716236","0.230122151363972","-3.92648102429454","-0.618167386459229","-1.03825607948778","-3.69966819679875","-3.11500295058208","-4.05555285063988","-2.84875885192806","3.04007326175644","1.73095277123827","-3.99784520852266","-2.8872117535215","6.76514112559637","-0.0624040114048094","3.28703063904407","1.17470518973586","-1.42373953009454","-3.58231937471437","0.115698378275069","0.989532166876762","4.94433679216894","3.31692265394091","-1.73786407178977","-0.456512379188667","3.48174457358685","-1.26505012268926","-0.711156500313195","-4.41501033965812","-3.50399500005515","-6.99897919982455","-2.1293183496093","1.11905653091063","5.11146402831294","1.09849565269221","-2.96553287875353","5.84740861798786","-2.67836684915069","3.68492084764899","0.894741393146721","3.30788517099801","1.63165822738279","-5.80165489032638","-1.05459287837017","4.1943441255567","-0.0996460217647309","6.47305000037248","3.23094632432707","-0.940747679115499","-6.57176972764523","-4.40300088506349","-8.80934508249229","-3.75455935262131","-0.282718125478297","-4.96703323183146","2.50547058245294","0.0140530371089475","-2.98654576984035","0.811872168708193","3.66346432822046","-6.45968102742195","-9.09170769706412","-0.940344795969845","3.50376914312937","-5.53942538153863","-1.01281888484685","5.18347035280739","-4.78633672633643","-2.29353815620281","1.30918596157096","-8.29730783708959","1.59728123253091","-0.38167439360378","-2.20598947457066","3.29976417801161","-4.89270195701738","2.81412997324189","2.81498919154618","0.671985725406007","-0.898120647984224","-7.3452917270913","4.83706174549719","0.171038005263731","0.955140646694263","-2.73659571498777","-1.4887690923764","6.18314636015435","-1.8336482353203","-9.47340699394007","0.770444678729548"
"Random_Index6_32_0619","-3.14805613287732","2.21070972845557","5.70207101136282","3.29037814319498","4.8288441479951","1.91118485345829","4.97107403324766","-12.8103905980894","-2.65003133547106","-0.480485833348035","-3.78139790161938","-1.28069349952082","-0.764037775239019","6.62114386305452","-1.50980339562006","2.74810717928366","6.04462274304271","-4.54632551856281","0.0509210926383163","0.83314404027099","-3.95308717301784","6.71000753551461","-2.25798596039525","-0.0586931309955463","2.55655612637035","0.97932015077784","0.338226815137957","-3.88052119869569","-0.593862149642474","-1.02957415330454","-3.80560286738128","-3.30318676455019","-4.09483888977948","-2.85815049866284","3.01173317458029","1.46821576989951","-4.12059254983963","-2.89132704030324","6.81682367808919","-0.108568407832199","3.34089252186931","1.12785325700951","-1.39754945746925","-3.46616391849936","0.330573420970153","1.00421314187309","5.07458441013318","3.54265949028815","-1.87071071361672","-0.26336785947237","3.44233235015405","-1.31632132035473","-0.88608034706366","-4.36750230578011","-3.63597043180791","-6.8536563668012","-2.11524166568803","1.15647111933559","5.16676725527147","1.03441492629976","-3.01752215227306","5.90527935559774","-2.77162446849587","3.66003820602159","0.849912588120776","3.17853649637125","1.42426744590472","-5.72114879475927","-1.27769232110671","4.36225329993044","-0.223767112445477","6.51352297262498","3.19007747039478","-1.00411115954352","-6.58218243501261","-4.43531525163059","-8.79842603945691","-3.74031949467681","-0.460559908982068","-4.84892513131948","2.49415017915634","-0.29155440295134","-3.21044071898485","0.937694288555983","3.54980110981029","-6.54436897037161","-9.01295357566821","-0.753057545336292","3.57829179874623","-5.33645300191054","-0.827836579439655","5.19253576901008","-4.6744806685692","-2.00176712316287","1.42484142559952","-8.22731927596646","1.62504381827608","-0.459866499072519","-2.4314640688727","3.36656474898315","-4.89853985111508","2.88517130248454","3.01118197706473","0.640028519126292","-0.698510656801007","-7.26850993546091","4.74813512042221","-0.0124394917413504","0.927155030503927","-2.78884697909261","-1.40143092551979","6.31031480471555","-1.78005898844907","-9.4160140322246","0.510125585283487"
"Random_Index6_32_0620","-2.99793942344526","2.24112322963395","5.70462103361074","3.31711731019795","4.94756326869215","2.09217414760992","5.05521055374873","-12.9177006086531","-3.07416140519164","-0.274313343494276","-3.62169622885722","-1.14391392962964","-0.654030013178254","6.97679417512335","-1.40345844272451","3.26826621688977","6.25461894347387","-4.70938133085198","0.40805890996441","1.04942164941713","-4.33632245425518","7.01572630381766","-1.87226453537909","0.0938848041871148","2.16994498188148","1.0625061707218","0.246370136749604","-3.59928775903808","-0.481401479925995","-0.913106404881581","-3.88606543766221","-3.08899094972537","-4.12497550723747","-3.10617856822386","3.14541011251753","1.66414018708515","-4.33263343758385","-3.23685486602873","7.05800739445238","0.150070589502196","3.42132615662631","1.57625752629025","-1.33893348951753","-3.5164147581634","0.12485163167116","0.936176503129308","5.17140660958555","3.23499768418895","-1.98656071168284","-0.603012599902494","3.57171076780835","-1.36209830967098","-0.687424572806213","-4.64115404894116","-3.49606278451737","-7.38891651476191","-2.05562390240921","1.15523174555632","5.15752867263856","1.01103109873232","-3.11681945143713","5.71674005344486","-2.78387032859458","3.70875817772407","1.15401169644643","3.47222114793009","1.45961116910675","-5.79137279516766","-0.952257165192562","4.56253774492082","-0.116039810066354","6.68879310624879","3.29459529841876","-1.05073192265598","-6.76370106564986","-4.46967694723443","-8.77128915834843","-4.14506471997036","-0.521614750780451","-5.27649639756015","2.58987928611513","0.323642505916613","-2.98962634207737","0.911756409617568","3.95309812662664","-6.48457947414458","-9.36504498337446","-0.727428514355443","3.49604100553001","-5.54442326388747","-1.05387397741876","5.33572246036083","-5.01733902868262","-2.20909544536394","1.48972155945309","-8.38034017858714","1.84073719189801","-0.330397717314256","-2.39184793263099","3.61262447506835","-4.91640665226264","3.13634083476564","3.023786226447","0.819222891917689","-0.755359728024063","-7.64965694064763","4.68742119614623","0.396436615664821","0.617737542804421","-2.79143416952358","-1.63978336868173","6.31237783442316","-2.10704233768876","-9.447209726699","1.02765622357623"
"Random_Index6_32_0621","-3.04118900636238","2.12517584416798","5.58606563351982","3.15656319347626","5.01707907020197","1.91972806965159","5.48769604615419","-12.8436225122831","-2.62036528106703","-0.5474492511146","-4.01248663266395","-1.4492549966358","-0.68460363037876","6.75078313438215","-1.69407076773262","3.00035245121333","6.2766425948555","-4.77968715194787","-0.0510505089491822","0.938409431414372","-4.34544956013178","6.83082484460603","-2.30124292580112","0.0639532244878426","2.6347705689713","1.10447317204927","0.387742927072914","-4.04476699760386","-0.474924968091465","-1.28937080197468","-3.95578219800779","-3.33232325535891","-4.19264474564347","-2.78888676908183","3.06700219631221","1.74856870658156","-3.92263308689122","-2.92385492146666","6.9314076618421","-0.172301076229107","3.50350061988563","1.06078080136812","-1.37383251398052","-3.83945249154723","0.287392165697596","1.26028310043289","5.27145913511992","3.50739767380654","-1.90082970806433","-0.425294584790398","3.67814992634953","-1.5626072196962","-1.07300722809347","-4.44364136426562","-3.55725505746527","-7.1651401712106","-1.92294636539592","1.0548145376967","5.21919453122491","1.37193318608683","-3.15360793705927","6.03633707488003","-2.94486372981702","3.79219376324248","0.809247510238484","3.37858785667569","1.48901235430772","-5.96799058958654","-1.20770081233207","4.40468539244979","0.024586523471485","6.48650372451643","3.46851045592885","-0.968255379135178","-6.55193194342561","-4.65710168186684","-8.86125974200289","-3.89044411704156","-0.434249038931316","-5.08337231160306","2.45627728365901","-0.0450591160056235","-3.15402837577052","1.02938070122845","3.79460826523104","-6.77913651979283","-9.23349349642697","-0.994478721450328","3.72107454148265","-5.50030111886489","-0.965026487993086","5.39266738362951","-4.77458989142521","-2.05240051079688","1.42903308571984","-8.24991965099331","1.62998121266","-0.493963467038893","-2.35355139180563","3.29910479313517","-5.24535493668713","2.95150069038948","2.93003725728215","0.575709565970855","-0.73331935318608","-7.55384238039164","5.04374821975539","-0.0276983314991526","1.00880051411975","-2.94653816759125","-1.35994629167949","6.41299277667867","-1.83118872436041","-9.72432632679129","0.713121385543009"
"Random_Index6_32_0622","-3.10731491002705","1.91512337940389","5.42567492700219","3.01339458641263","4.65403383674487","2.31937362817033","5.14591316187284","-12.9938858163574","-2.72986470115601","-0.0978320707380429","-3.48562747870714","-1.09523873835653","-0.257301831442186","6.54651047013313","-1.26243520676817","2.9564010133466","6.29760753000601","-4.53737290175702","0.455953866790962","0.679196780927593","-4.4168280867741","6.56417422322442","-1.86447051011367","-0.24930008130937","2.25588888780823","1.44524310994343","0.20911666668733","-3.5339981941754","-0.695197492713805","-0.816696569056759","-3.49438364073482","-2.85745660434671","-3.98249240842382","-3.23987515170615","3.31286618017846","1.61438299383393","-4.11320463658211","-2.96828672915679","6.88742759237751","0.326867305213338","3.15332027614203","1.5681622139295","-1.17143753821129","-3.45988142023989","-0.0602135338334572","1.29616062636608","4.76253499604019","3.30909866481118","-1.74833868361514","-0.64646204696612","3.21563838450995","-1.11906966545958","-0.514209249029692","-4.33821653894963","-3.41953072317282","-7.0980244313469","-2.26432560608887","1.31936884147084","4.82914318123669","1.00543307276497","-2.94968138670913","5.68171408515863","-2.65088435417628","3.43196585236507","1.16190997384036","3.36835100504947","1.69690104290293","-5.66107364571497","-0.952004796395888","4.10637751271649","-0.146186811103668","6.40909821963804","2.90019386288709","-1.00784288538061","-6.74227758345598","-4.38125514305981","-9.16540179878359","-4.09036002193521","-0.115415607871994","-5.21200462798556","2.38261540055577","0.254875912474333","-2.79793096788369","0.705541376015022","3.48172803502791","-6.65741756400415","-9.01325913846376","-0.554963226469414","3.37409805128593","-5.61926181760481","-1.16869939099937","5.19456226552749","-5.14998474059924","-2.48381024501671","1.07834925651841","-8.50349575399552","1.39433573752387","-0.129606813943488","-2.24456796321569","3.62618976893523","-4.77230854586871","2.98705781068535","2.73160296420201","0.921825078970374","-0.445564765340198","-7.67067053562634","4.59755677470603","0.424011049436295","0.568892725503572","-2.53092955956652","-1.94607372371387","6.1986474950873","-1.83912864615104","-9.37000544170726","0.974608978228593"
"Random_Index6_32_0623","-3.08108287547666","2.17296307797118","5.6690256166654","3.07006772033489","4.98210027881895","1.92221070756394","5.14232396341467","-12.6968181084246","-2.75606123612583","-0.51798057609064","-3.77881762429757","-1.22477936596517","-0.489681241571233","6.7830812064683","-1.45326353417993","3.06657257992157","6.12772143691741","-4.86549621184068","0.265162683238018","0.949482056087362","-4.23817520690476","6.71673313096679","-2.16757492054592","0.187863354631151","2.38211068488104","1.10745552004559","0.519412876929106","-3.96901094903846","-0.412400598356513","-1.06534678263841","-3.94525676731632","-3.1343019647919","-4.02441051140369","-2.8361187368802","3.01706727772164","1.83065782585964","-4.26532107206762","-3.17012387411478","6.82979314280398","0.027260247504762","3.21787920784076","1.27851372780653","-1.27324906639827","-3.6763175573974","0.298850391600068","1.07175721491175","5.01065600134257","3.28031377739102","-1.91444657314011","-0.632298350725487","3.6219403932229","-1.44244680950942","-0.801872465756536","-4.50179509392744","-3.5760792481655","-7.09984471453181","-2.0820471472535","0.959504028802044","5.03461970608082","1.22573795288958","-3.22441382406742","5.92032296979512","-3.05436560926786","3.65484695157606","0.987053415190742","3.16055643149072","1.68190124747839","-5.58474304178547","-1.19521922341572","4.41145026835983","0.0418420120023618","6.43779761769335","3.28090367706177","-1.01019765104087","-6.81723312053971","-4.57167578643303","-8.80359771573379","-3.99348971026353","-0.518063136737744","-5.26423692606961","2.29419490593648","0.081440256203389","-3.12652302997168","0.903656176812586","3.5005932026487","-6.76654598867005","-9.02869389117239","-0.95531786959175","3.57663111116171","-5.62853269744145","-1.16270652896388","5.40476486302402","-4.8878243793429","-1.91961530311496","1.46194218844641","-8.27130522415643","1.7888083305823","-0.466799513909006","-2.1791392399164","3.29368674878265","-5.1881096164187","2.62006612617329","2.80758247373186","0.645071125458278","-0.755442126015412","-7.579822270123","4.67184583303781","0.179465565885447","0.875495111999558","-2.71123762579197","-1.63393672784488","6.20068100272225","-1.89928695222086","-9.7478094954332","0.719691977306091"
"Random_Index6_32_0624","-3.38269882616314","2.42440452692717","5.89991627090564","3.2743204809015","5.08627408658724","1.87211296379939","5.2552177525508","-12.9664066919979","-2.92542826008335","-0.693545464580813","-4.07743865623967","-1.54581946257692","-0.817482603588687","7.06966861354566","-1.73762923686414","3.05218116339061","6.41816626870146","-4.91154008350929","-0.12437604282103","1.14209105222168","-4.11043154830747","6.97789098968832","-2.27973498551073","0.235479386579363","2.49347931554838","1.12786889240188","0.786429189404817","-4.0835081749808","-0.202525110582634","-1.24517241913022","-4.09462357642894","-3.4186361167179","-4.00220802779852","-2.77131274059129","3.28417167001067","1.43090386524868","-4.19636580685197","-2.96888758396365","7.02280928234942","-0.168487558340486","3.45391237372857","1.14532808153289","-1.38519610338669","-3.82045139643186","0.316816860309368","1.00373406018453","5.21398622171272","3.3872036256419","-2.07841069393048","-0.483593743757129","3.71826111411738","-1.620350159911","-0.904737691750866","-4.59266363653213","-3.49985965942385","-7.24273078734249","-1.9992277268141","1.19021818664273","5.29714682106076","1.43370096197889","-3.54857720683801","6.20154402936716","-3.13313405953815","3.90372729292007","0.892055884478874","3.40965064544056","1.5697487478953","-6.08322632591383","-1.31797004545833","4.75794709750964","-0.0230069575768704","6.76084001460935","3.12911146676639","-1.19491066095951","-7.03930139844784","-4.67801670494391","-9.06790967926656","-3.99375931610579","-0.686302376171108","-5.14643819752325","2.49624099793141","-0.0353181319793625","-3.42466724911162","1.04304386467485","3.69689859786085","-7.05260539378964","-9.23982258364784","-0.939781729320003","3.64758856828276","-5.41691579968639","-1.12195582785576","5.59458827721004","-4.70208441769836","-2.05465266892903","1.5654244877215","-8.59391196636334","2.1255488924842","-0.577016543110754","-2.08901692609681","3.63787396892062","-5.42167134448655","3.09863945102054","2.97927610626748","0.558507777828113","-0.740582596396967","-7.6370669792684","4.76510617665142","-0.065331038372792","1.04083148612624","-2.89219398692125","-1.4622711967289","6.36385836494842","-2.10590424271275","-10.0611620741832","0.624992577736843"
"Random_Index6_32_0625","-3.25132251141982","2.17839364740123","5.52435353947165","3.07681865302657","4.84914413500772","2.15288953846014","5.27863563364107","-12.840059550872","-2.73516574230299","-0.374600266912692","-3.69852211500813","-1.29645821971689","-0.441098992954161","6.94958699758387","-1.44431510562098","3.11859825697261","6.37199278813517","-4.68139020873604","0.272511793968674","0.80412982453064","-4.22877486165014","6.83384326788615","-2.0146949410685","0.0951499143473196","2.24379707586641","1.42512218568667","0.283653822119611","-3.8351897961667","-0.584436143860928","-0.911101975035917","-3.8235474479487","-3.10102847346583","-4.02797247734045","-2.91196963861882","3.15156437983899","1.51844139755549","-4.09616744177047","-3.01975534230887","6.8694490818865","0.127148415552327","3.38780405627549","1.39903720407261","-1.27919849664432","-3.53519952557048","-0.0333332768109217","1.03152277391439","5.0302755460053","3.25094360232414","-1.99226660510908","-0.562795728473605","3.52031606010211","-1.26346374036467","-0.666464891288625","-4.55772226571943","-3.53367807288534","-7.06975337319312","-2.22321735712984","1.15413524958316","5.10436046805565","1.20381400790692","-3.18877979740987","5.88147416782311","-2.71703118263791","3.68316332175114","1.09987119893591","3.43078681054199","1.61146342304285","-5.85159518235849","-1.1042936066866","4.43332443852116","-0.139292796830516","6.56167590811926","3.26656829433529","-0.919978008945789","-6.92054546026164","-4.52104344882486","-8.96484789204166","-3.91384335936166","-0.393288730743874","-5.21725637853004","2.46154470749403","0.243287697407646","-2.89330897531965","0.739253401767456","3.69544994555774","-6.69421548145533","-9.08423773007356","-0.73278861405288","3.49594075243453","-5.57230422673179","-1.15867364575863","5.42350542094081","-4.88877037534993","-2.27826061949228","1.39493924630746","-8.32073913400396","1.66592488505507","-0.303324490486503","-2.15317696353177","3.40978475554629","-4.95817856632901","2.84011223571848","2.90605031580138","0.743417779460715","-0.756410465439981","-7.49913904310146","4.68110437757778","0.325471425310193","0.896960680486747","-2.7593940320168","-1.59715683039315","6.26466913784543","-1.91200604546301","-9.58076767841291","0.798461070483727"
"Random_Index6_32_0626","-3.11775191116419","2.16383473391651","5.5287425625914","3.21004309049788","4.83995904415404","2.04050516991085","5.19867256722066","-12.9327084550718","-2.82311264456974","-0.391308165981426","-3.65250763847489","-1.27286906739967","-0.59913340846799","6.93306875759897","-1.32342907461103","3.08413470948673","6.23315839469302","-4.68802653107391","0.32564733042208","0.869052243607334","-4.33450735916842","6.76228297773753","-2.03991660395326","0.0965658181809916","2.32712026445507","1.15528007492794","0.389644333032425","-3.80564653896298","-0.599967665266128","-1.07201752172878","-3.84792506036885","-3.0808992258999","-4.02822470860657","-2.97839299995822","3.02311461121773","1.81693869645658","-4.12736135969991","-3.12543383044231","6.85184047048054","0.0363387983909232","3.26739234567099","1.35636423184547","-1.28711407589877","-3.59877762204421","0.111270321646113","0.979521452609902","4.96433598072686","3.23869082563555","-1.95761271628298","-0.593618415596922","3.53062807685917","-1.26094923982485","-0.790288001165525","-4.33770489470804","-3.51448957280916","-7.12257803595697","-2.14278047493103","1.04529408990734","5.15848116893632","1.23320449520023","-3.13590399233135","5.78603877833888","-2.75825596637077","3.65400699156466","1.09681207857786","3.28851646379478","1.6486272136004","-5.77727387911352","-0.959470495513581","4.34589290233236","-0.115170131852016","6.51674867881135","3.09946935931259","-1.04421141412203","-6.97163756872769","-4.38499051846658","-9.07467154120613","-3.98137677145511","-0.351269006633984","-5.10219060523764","2.36916877289249","0.209235485541918","-3.11835265759181","0.789015017196004","3.58199627870717","-6.60774573263831","-9.07834588876178","-0.739513291076598","3.50108929232922","-5.4903486233005","-1.14561950041123","5.28395955707145","-4.85364036562392","-2.38283418282955","1.52508392557013","-8.34388970724444","1.68503989149917","-0.367079305429135","-2.25329827450886","3.31154408126673","-5.16329252705735","2.84281358829412","2.81168190160209","0.764649043399196","-0.703610584798847","-7.59677592915605","4.73866716528824","0.19369159062146","0.803745756752157","-2.66577574501037","-1.65244235990499","6.19617281231511","-2.04612645581032","-9.66811994293911","0.821028853685435"
"Random_Index6_32_0627","-2.96025288032178","2.00980243924743","5.47508111308329","3.14675077660042","4.81134094859223","1.9746145096019","5.05081197806219","-12.9199426721018","-2.95220057318506","-0.322110392227345","-3.67925380651496","-1.1037397044702","-0.63224634961294","6.89778239706352","-1.49573679363806","3.22133674032112","6.24185233351921","-4.79594232434562","0.184774752912293","1.07610374824441","-4.22785202222794","6.84704770335453","-1.93345656882355","0.0632142066932799","2.20458529928243","1.3039071068517","0.532990947897014","-3.64627505812015","-0.490951094156386","-0.972033777531091","-3.93607138492719","-2.99384119781194","-4.04814539933183","-3.13592069407452","3.18286826783859","1.94182299048604","-4.53787113557264","-3.1448334966441","7.14591977999918","0.136310260352796","3.18584635858813","1.44914626781241","-1.06284186680308","-3.46848454371356","0.0567730796607194","1.14479505186412","5.02274135891632","3.20581556359364","-1.88938735460596","-0.812337499871717","3.44418148500931","-1.25726704356864","-0.714205920287801","-4.1091809271529","-3.42231163615525","-7.15132924323436","-2.04263020929388","1.22065696377021","4.84887560803498","1.09353922194225","-3.40650510357526","5.75126741394157","-2.95715212485521","3.61608953243855","1.19158554005135","3.47902292759559","1.63027786289349","-5.57054013388698","-1.05676127742483","4.52741709712698","0.115287359810389","6.53080019027774","3.07986175162147","-0.975530273090325","-6.93443987018719","-4.37153599523438","-8.85333755419508","-4.12101081242436","-0.318122839913305","-5.36683634801878","2.18404763984996","0.171383152760377","-3.2687519727135","0.762995331112086","3.56424841355491","-6.76140161034836","-9.12824929920951","-0.511437838784152","3.32947501047831","-5.57875047279565","-1.33458341168705","5.47112771633273","-5.32070158337019","-2.11989854636371","1.34814034676133","-8.42904020746536","1.67540903825075","-0.444037683019248","-2.3031419619833","3.65984499307499","-5.22171483333802","2.95985876083536","2.71483771721781","0.852363956271873","-0.57143118263743","-7.69053688734785","4.50262193482235","0.231775871282258","0.553763319944914","-2.49231725130325","-1.84231600476466","6.05574143584065","-1.90555512383956","-9.60775823142122","0.745428463818464"
"Random_Index6_32_0628","-3.13591925320275","2.22025852438001","5.57875832105036","3.16633647526284","5.04718222243393","1.78497201923351","5.07248070706338","-12.6854193149168","-2.942202641762","-0.322046623729167","-3.8232464184723","-1.23106122376677","-0.585475888008391","6.9313016195031","-1.41516598968466","3.04870453849226","6.4030377050943","-4.82403367865604","0.174467919306859","0.917720761185868","-4.31438243102313","7.18703362581306","-2.13906654574103","0.12817266230924","2.34533572694453","1.14638952963407","0.539870063684273","-3.91065878635709","-0.576259142678497","-0.9389455708586","-3.99476535787082","-3.20498924103674","-4.09659404120739","-2.8265144312534","2.9691059928578","1.74006227221162","-4.24262259442959","-3.20147138495711","7.237966157144","-0.1242696469158","3.19494437813074","1.17672259018023","-1.32089736299185","-3.75981760666833","0.0951297487054563","0.977936162998579","5.22765147436456","3.29681499114201","-2.03579426109488","-0.67007308932922","3.50425244712188","-1.36622968231741","-0.854724667101493","-4.51250000971719","-3.36700533151537","-7.00768498915817","-1.93436386781289","0.90249498063587","5.14941616098062","1.18054452296279","-3.30439307519675","5.99572539958871","-2.98694078685971","3.79328593099318","0.993524469258982","3.40320583231434","1.73983605787731","-5.71565501001344","-1.0565878552211","4.48312067545049","0.0121148522556796","6.86932792037078","3.19141175427662","-1.02095251836025","-6.89396561376936","-4.545119228511","-8.99846860137483","-3.86684141698203","-0.58032064511866","-5.36321954413459","2.51784643093073","-0.0358710949783359","-3.23173908394349","0.752084780303422","3.82573761517805","-6.70723515582644","-9.06088886354055","-0.811450726966387","3.63897314182008","-5.68176368927394","-1.12863627965394","5.41634981210328","-5.01499831219902","-2.2435713899987","1.64019680325076","-8.2955141790424","1.76823442711864","-0.509758055973313","-2.03392645020124","3.22650142685561","-5.17234788134135","2.75577163648604","2.87668468999017","0.522639334032201","-0.870178174525576","-7.40294056433563","4.87888425427175","0.157737848072045","0.958549897319905","-2.79847782845952","-1.57917896450907","6.32373026518476","-2.16498306736188","-9.72557561722369","0.664306786673223"
"Random_Index6_32_0629","-3.14276795566407","2.09754258189062","5.5311232491945","3.26262900091158","4.67181408571453","2.07304620324102","5.1952846553184","-12.9596385104666","-2.80164372375968","-0.342271977698763","-3.77239381218503","-1.2602466997295","-0.686172462244744","6.75855583217757","-1.45919512930807","2.89068665340817","6.38873394525583","-4.62960346092217","0.16593208433368","0.780240754414257","-4.39355394970474","6.74678031487678","-2.13478666152885","-0.0343471870075258","2.30370442744842","1.24409249343518","0.249660097566144","-3.84692015665879","-0.533567619213317","-1.09381685931147","-3.86284677145152","-3.11712489074897","-4.12449613350332","-2.9875944701526","3.030280629615","1.718736308866","-4.21703818551575","-3.02730029204903","7.04380870893293","0.111263060797342","3.2190656358353","1.21029556315528","-1.34885205924066","-3.55170383133841","0.0266940347367341","1.30085892377315","5.02009160259675","3.49914088597519","-1.84519110083939","-0.507309267135485","3.35112159301565","-1.32920539896871","-0.850533043987032","-4.39678480460839","-3.742995303268","-6.91521737685408","-2.21300828583165","1.07052228321845","5.12355846631472","1.19317741657471","-3.07502645252997","5.82700827644181","-2.81890030484306","3.49622022556707","1.06510741862366","3.4147375745723","1.42357011772658","-5.80990265158942","-1.29947304856241","4.22025695943553","-0.422831990224426","6.63215656735585","3.1615676925592","-0.947468076386546","-6.88852065120357","-4.33535756354479","-8.93264318698274","-4.03390508068331","-0.324603648310952","-5.12119961488873","2.38603658880459","0.0289502626898428","-3.01209405583464","0.798117140568306","3.57480669461476","-6.6084570041819","-9.15548537724844","-0.832660026452146","3.46352136966618","-5.43789657121251","-1.1107849397944","5.26424300728997","-4.92792939032561","-2.18299454755371","1.2847392969824","-8.46205731038218","1.59506300156866","-0.358607360907021","-2.4515247568561","3.32161287462668","-5.06775021490071","2.93190937066445","2.91125230043316","0.845232718337428","-0.625976259519434","-7.5319831315261","4.72109901622923","0.233043666552803","0.671296400224043","-2.70813944035862","-1.69735960789864","6.2634077215499","-1.76957853510439","-9.61181196683431","0.689995633344063"
"Random_Index6_32_0630","-3.06833217555319","2.08871005823466","5.53284381528017","2.98335559832122","4.89172944687196","2.10981882683684","5.15955554694589","-12.7980912882019","-2.69922213167336","-0.2377630756975","-3.60473353052305","-1.0583825557786","-0.607060234935271","6.7850563361959","-1.35933318242819","2.96193243151991","6.24685457154486","-4.87079749136964","0.380302954544461","0.764106566723438","-4.34999464644808","6.78457445619069","-1.93519139429236","0.072419241053179","2.20032452395973","1.22055229152051","0.410636918726111","-3.70256147158076","-0.684628260473813","-0.908358987342881","-3.72301101867181","-2.97162800064498","-3.82328649280849","-3.02181007347675","3.14280060586635","1.65211799121045","-4.21104329100981","-3.17528615668865","6.93172147532911","0.153911125062575","3.20347374037177","1.50407725531172","-1.08245249076275","-3.42293079470637","-0.0219158664166762","0.976841081760028","5.00514399819462","3.15992574468506","-1.75202210068639","-0.673085051335257","3.37048223117207","-1.25704107802214","-0.642901450604832","-4.34395313800637","-3.38211568707711","-7.07712381441134","-2.21033408675212","1.34155678153617","4.973566887493","1.18659917250387","-3.08579218218423","5.79720058804917","-2.88287256195594","3.5646150663239","1.20442597990161","3.40505219252818","1.57286402475876","-5.58085289015224","-1.15783509543233","4.34349557292863","-0.014722129055858","6.58447251054139","3.06533189686896","-1.05745767386601","-6.92106068159556","-4.51267343307248","-9.02176901793625","-3.89932380221816","-0.414212313465169","-5.28877588264014","2.26934337643465","0.477379464683976","-2.89935052711932","0.776651944239496","3.63624934599353","-6.71788806362834","-9.07154517893178","-0.71641828840114","3.38222280097496","-5.60286671273915","-1.26233696157013","5.40403934655185","-5.07558384784966","-2.36817031702409","1.31164761168872","-8.23907514783304","1.58040994996169","-0.241367807565869","-2.13959418300108","3.47052763320161","-4.9044577507251","2.8176660307495","2.66423868370307","0.896492678780056","-0.586470539455729","-7.66953385837858","4.60340854395745","0.444818658570252","0.620139659558202","-2.51956607970918","-1.85121911688603","6.16251334412868","-2.02177721614887","-9.46564962516726","1.04434754220103"
"Random_Index6_32_0631","-3.00556763400694","2.19266447391841","5.52519557198467","3.11835526343903","4.6889288377838","2.05022118240646","5.08857290607625","-12.6458723728514","-2.95991083625314","-0.265183546074848","-3.69076743996287","-1.1691300044397","-0.681451846723174","6.92097354546941","-1.44767047440955","3.14625858467041","6.22324748310759","-4.56398678816534","0.260490304454032","0.937115413432729","-4.29221784326118","6.84835688320755","-2.00232760635666","0.162743481800536","2.13924738156496","1.13490372696559","0.289485168073265","-3.67632443840748","-0.611448186806913","-0.974291797821347","-3.95650976273273","-3.1348322072198","-4.0404177161525","-3.02309196225137","2.86297682672335","1.93718688085423","-4.49560452631953","-3.23214719888046","6.80979900195531","0.118757432475459","3.27679365639462","1.38075000076969","-1.02274897970765","-3.28158537591717","0.0134500130521424","0.842969678842966","4.98590437393111","3.21209289187602","-1.66239484676489","-0.696755761176361","3.43897483301667","-1.29621836569381","-0.732422987598856","-4.29689230671858","-3.44076208313381","-7.07708475501486","-2.07097712343087","0.859530709376224","5.03216661376941","1.11640218059945","-3.18800586877895","5.68015870369107","-2.8244212389254","3.61127703188604","1.16551046375218","3.15200860840433","1.51402333771552","-5.65660977657854","-0.812219262851962","4.28415740619883","-0.139930052590071","6.59788086621031","3.11616143051412","-0.908239202739177","-6.95223489446854","-4.4568710083559","-8.98109058890191","-4.23646268725603","-0.441952155621162","-5.21417304248788","2.33995357055099","0.195259856783625","-3.08585055795886","0.956496639364931","3.77782209623176","-6.65225341416707","-9.10095226158112","-0.760658596923298","3.38151818614957","-5.55078385540325","-1.24484376176172","5.30441442778444","-4.97676975380729","-2.23643559639345","1.46474564292892","-8.11096079852505","1.62618072678456","-0.492699521419192","-2.27121025892176","3.29199234072676","-4.97172739099816","2.77240818565522","2.84790631254964","0.747594930367398","-0.724342780308822","-7.42599748220674","4.64866679701245","0.275245678820262","0.801167516011198","-2.54607843079657","-1.57256451707258","6.16045143651729","-2.13504041431047","-9.45181212841977","0.77461654685089"
"Random_Index6_32_0632","-3.29075147710613","2.29839569417847","5.73675097045849","3.4103394234822","4.92075677368594","2.0222874504289","5.29505335062929","-13.1434628179294","-2.80101949743213","-0.504338401868024","-3.78504372474767","-1.41807187774637","-0.766671783512529","6.82803563912717","-1.50744290073551","2.90097833623973","6.58783894163338","-4.75364665097407","0.0229461847718133","0.779250406559105","-4.37867390186014","6.90288286926575","-2.11182123267859","-0.140404818695759","2.65153280311075","0.886152099233727","0.331661133861874","-3.92513439789809","-0.529139208850793","-1.16149191490184","-3.84161092774305","-3.2311810571636","-4.3406504734551","-3.02515274962409","3.26763870849003","1.4504832776949","-4.06577423812086","-2.81911594939575","7.0606280535291","-0.019640187691323","3.42012461412084","1.22720859222665","-1.40369464597999","-3.61118874672049","0.325498348722958","1.18632114140622","5.07855952585797","3.6736441573738","-1.92711952838212","-0.366745994945369","3.51408282167049","-1.67195349264696","-0.861793752488022","-4.60850250260438","-3.80069653341089","-7.18114013374156","-2.09537462571971","1.26199239825749","5.30041560251567","1.11922121599601","-3.14163683769761","6.1071020390954","-2.77293152916742","3.77012462828901","0.865488684781777","3.59864400190867","1.35564182348027","-5.97901276115075","-1.12681908625571","4.49058489604987","-0.250952136007127","6.69980790856879","3.38350552177348","-0.99125262546867","-6.60410306909161","-4.71150683156364","-8.86699811185995","-3.82525211678857","-0.330703346999669","-4.89962530394034","2.70065670784923","0.225184123480154","-2.96170136823045","0.948222617367632","3.81812853138643","-6.76790417410801","-9.28838112049101","-0.853863328967911","3.68846226099948","-5.51767888306279","-0.884117487049222","5.29606992413361","-4.84511038845249","-2.20941984263468","1.34971511373028","-8.63250665052509","1.55328810519779","-0.472041516586518","-2.49292657582224","3.5129968039191","-5.1270759668468","3.08435266890821","3.09661295254385","0.553551961096815","-0.888059335793879","-7.66526772565004","4.98546728849721","0.229740478041705","0.897900026112218","-2.93038466915921","-1.4921891857068","6.58842500386248","-1.96779033262325","-9.80920394076216","0.967408152404617"
"Random_Index6_32_0633","-3.03582491006564","1.90655869846968","5.24444741502403","2.92611518129399","4.4713626584358","2.34809136689647","5.26327236393428","-12.9362891700753","-2.58101181044272","-0.381485390615147","-3.56127337164278","-1.11207583467618","-0.537300282518801","6.71982535676224","-1.38923324979854","2.85060503816919","6.21400128776578","-4.43170252382772","0.410303077054498","0.722518258981739","-4.61644778303432","6.71363384713368","-2.01484653641612","-0.0227332935632037","2.13733780718547","1.17675176520199","0.316002283421052","-3.61026703215116","-0.854480805585494","-0.878239024295717","-3.5075894401293","-2.9754464913605","-3.9499363275896","-3.04770302580913","3.22824700876324","1.64063583152307","-4.29690602502392","-3.17327600549834","6.87830278456397","0.229222048937966","3.1515706923615","1.47941542054942","-1.1366211497024","-3.31715037992691","0.0250572353142614","1.09913375143475","4.86501317074405","3.39196143993405","-1.42425951643209","-0.737083103422576","3.20106614915466","-1.2635444378637","-0.573255713272005","-4.61754607211881","-3.53684690660974","-7.1809644862405","-2.3229209003574","1.21484740224885","4.96689276937579","1.16619311683571","-2.86315384536244","5.69882274879238","-2.7465597703379","3.43036630992705","1.19462159248726","3.40948541391088","1.72441538611281","-5.75489062727641","-0.735996190432741","4.25658625447133","-0.166699728826891","6.42315035613577","3.18290060446229","-0.857886104650032","-6.67835459719292","-4.44591881308967","-8.92929052422202","-4.09892254698835","-0.332641750145154","-5.28641830414638","2.27291435887929","0.204523903316679","-2.99496416658177","0.727024492136137","3.53049546329649","-6.56907325664672","-9.06810326214404","-0.689646711123612","3.35651905827043","-5.56182052407994","-1.33676350725128","5.22911044604057","-5.04904343077621","-2.35949820845845","1.05941598720384","-8.52107837371167","1.54868173745581","-0.312241021733251","-2.32602019999448","3.52903728361264","-4.81087176950013","2.92820411003369","2.67462784942203","0.877700674446712","-0.513023013656646","-7.60336899663053","4.57865927132432","0.376088716763935","0.465909027003364","-2.64270452281594","-1.90774692769773","6.07571059424312","-1.96426323125185","-9.45190241877929","0.832880073374846"
"Random_Index6_32_0634","-3.13729575500924","2.10373230853797","5.57388936666319","3.15692025189641","4.90956613979022","1.88983182952114","5.16313917659409","-12.6721986223946","-3.06309525601391","-0.434424000663394","-3.74716008125547","-1.20476941218017","-0.684913264051864","7.18379351818181","-1.53981921758901","3.18702024374469","6.28279521751627","-4.78808645273399","0.226675106103674","1.07987129236862","-4.30462256389987","7.00995436157748","-2.12973554807296","0.376135021253301","2.26764043496944","1.02494168289806","0.560454006453955","-3.73611787945382","-0.414849367532354","-0.985096974902451","-4.01608015127659","-3.03600937270972","-3.99934198186036","-3.06013561590638","3.11774839355995","1.52574170960701","-4.44425360754467","-3.23651470335182","7.08561676591996","0.0146986475123785","3.33288813331164","1.38889684395958","-1.02555576974465","-3.76066953655386","0.15510088922032","0.94323648012967","5.17259606777887","3.32035609898752","-2.11685247543912","-0.625839925438558","3.76884830958743","-1.33807173614989","-0.821075632536692","-4.34276785891512","-3.59049142590477","-7.40593745216793","-1.99070872909231","1.17196125545426","5.21189254773954","1.17840208164662","-3.39131126514574","5.87992958069491","-2.93817426743771","3.85442053789542","1.16980530709311","3.39532192391401","1.66344388193333","-5.84929316978649","-0.997373805428898","4.57365685761442","0.0295048847877628","6.61774828375843","3.22957912494879","-0.982122028124773","-7.08887615712048","-4.63184784269593","-8.91869379929594","-4.07453708896638","-0.559655977944067","-5.22180954658464","2.48055033819448","0.139459256743777","-3.16004032169692","0.850799279584101","4.01802776996602","-6.83594968481135","-9.27885645019028","-0.852118913855512","3.45989004994018","-5.37098142181236","-1.14979526751101","5.56959723732912","-4.96113394831127","-2.21537688119638","1.63204700763345","-8.56628340934813","1.84206357291399","-0.57947893830233","-2.15287403832777","3.55033875783373","-5.24528316629483","2.94947138253739","3.03303739398469","0.708785039298331","-0.812161709416232","-7.59778973059901","4.71702483236418","0.153869742025216","0.813428358662272","-2.76160047438012","-1.55646742493401","6.39844487710198","-2.12320550583434","-9.62913656401718","0.788949902458715"
"Random_Index6_32_0635","-3.07774204517635","2.16680899619823","5.47800430208392","3.35254551722294","4.75773486378932","1.89014183434096","4.9392103625654","-12.6370733102044","-2.82530386995467","-0.34750897729291","-3.75019758641471","-1.17837934308663","-0.715779281877781","6.86601523076573","-1.43135355625124","2.99157675921367","6.2119907200635","-4.50321241318023","0.182682823775558","0.770393068115295","-4.34688803249292","6.93152169326116","-2.16027103010458","0.0118596850751934","2.46762862952304","0.92831435590706","0.217659741035089","-3.74386475720248","-0.673007780722801","-0.977834603601422","-3.86815078686394","-3.23915511139246","-4.14756594847274","-3.07505308647193","3.00247682327051","1.63272339285566","-4.18885086561575","-3.08439713854475","6.97171760778954","-0.0120982716922203","3.26418470428762","1.23980636822323","-1.35765475221303","-3.50581949113912","0.1282138656866","0.956174426324312","5.19760471288909","3.32455834931472","-1.97737305522689","-0.354827141576042","3.53606179687191","-1.23548441134624","-0.893043505232753","-4.38249666509406","-3.64276285025212","-7.11393519861254","-1.93741397608216","1.09370042615018","5.06667966860524","1.03828185468924","-2.90333996686406","5.75171250082587","-2.66255606050575","3.6691177325342","1.03423966007313","3.30041381966709","1.47840031203867","-5.82164569240641","-1.07927618654117","4.40817348843187","-0.335802280462832","6.59440067188547","3.24612455283045","-1.06609100804368","-6.86993968607433","-4.46647862309865","-8.89439016887092","-3.8373741642473","-0.482095922918976","-5.02664075853845","2.64541459112886","0.0517251611262878","-2.8683234019204","0.9399306208477","3.81716047869746","-6.54108829696678","-9.14016273057736","-0.731715648598546","3.47478037739737","-5.44853612351824","-0.894828911415073","5.20122500192669","-4.96942522799552","-2.19066159845279","1.37413381047236","-8.48506674443574","1.5129318684426","-0.387055038807736","-2.51645742427438","3.39911466764171","-5.02702223313366","2.9404621743241","3.06207109283769","0.65577112581933","-0.892824012219849","-7.32035354856041","4.82407310196615","0.156681614863257","0.87796449891541","-2.6166218428266","-1.51808297341951","6.32165303222652","-2.0469107312754","-9.25042642418342","0.775789423209572"
"Random_Index6_32_0636","-3.18674014653548","2.35594115144623","5.76962744922098","3.30852246063814","4.99944820750455","2.01800822358545","5.36451569742213","-12.9032987159583","-2.86566106844977","-0.499792744294137","-3.95124904427048","-1.43857846643589","-0.735232520180406","6.83373045443439","-1.65406852024963","3.134968213485","6.36429477391559","-4.68288306943887","-0.0847877195099987","0.8824740132235","-4.36037295307203","6.93693030878377","-2.20226076732403","-0.0784988648403806","2.45154938910224","0.996289171914689","0.449744771797363","-3.98404372463546","-0.565903294934919","-1.20120631601233","-4.03526895790379","-3.34435971089017","-4.21797395077946","-3.00589304053301","3.13406491213061","1.56953191664171","-4.07355421173535","-3.17355269932694","7.03100887356234","-0.0168527146462549","3.50342052095819","1.19104940048833","-1.33885326057062","-3.70533154887819","0.270037666756642","1.06932641122318","5.26150032014115","3.36368029210625","-1.8842291347381","-0.470048306626781","3.54059906249865","-1.56975460861719","-1.01863972237977","-4.60788579411929","-3.86435184167941","-6.96849910595053","-1.90475815539878","1.22608145666132","5.25344615424975","1.12263819949921","-3.12511655629286","5.91352286987723","-2.90768524691472","3.86410409037688","1.00355503991771","3.33685204488088","1.40315775468346","-5.91884274996604","-1.16817920379675","4.45548011064015","-0.21816890096607","6.66105804179684","3.5058162742516","-0.904978790031799","-6.73286605063275","-4.69967826307524","-8.80304628003749","-3.9387654798109","-0.367943984291075","-5.181603191285","2.57824930559391","0.145581653932777","-3.07393082685973","0.856741305732498","3.75976191204764","-6.78139946857418","-9.20067523397403","-1.08746672021352","3.59524641137843","-5.67102800756852","-1.04645823726501","5.41801847534678","-4.85491655796024","-2.05721345072502","1.46619055732555","-8.39360860833954","1.77914552208324","-0.515099038886427","-2.28132476520717","3.50453830165222","-5.14461761376441","2.94658438585112","2.97949797784162","0.706931913260054","-0.716512343631376","-7.5416057078828","4.79085973263426","0.227281684167614","0.698424638293898","-2.9395394364513","-1.4322090348074","6.32782736047808","-2.00764706242559","-9.59502576367491","0.803474538855022"
"Random_Index6_32_0637","-2.97007897495706","2.06836974088637","5.53935785837108","3.22190807252983","4.76854240091817","2.08311549399084","5.11042031658048","-12.8368394563992","-2.86332718012219","-0.189023309947034","-3.68495089370839","-1.0178373456857","-0.667904562695361","6.83447130032467","-1.39438489110615","3.04110191131512","6.26627721656143","-4.58616640357108","0.349197951263646","0.829486448396504","-4.23627102969781","6.882545012731","-1.95951574574199","0.0259331838402771","2.23613985974754","1.0577886550587","0.268380835175941","-3.6423541955861","-0.432431315582785","-0.927219198528917","-3.79958759872183","-3.05947806016319","-4.09371276328141","-2.90267407456923","2.91932080526604","1.55364318154451","-4.21239575114974","-3.13651492829103","7.03956929275625","0.161798978944185","3.29752924097303","1.47521614076978","-1.13080422267453","-3.43617306447986","0.0593572582548148","0.96816296481376","5.11767470319815","3.22623887978825","-1.84330096883142","-0.592999901162432","3.46194785061993","-1.19698324468909","-0.6832151489151","-4.33463878469875","-3.64220880192074","-7.06591086771986","-2.07523534882464","0.949994381296689","5.01928959043806","1.06840791429013","-2.93034372429876","5.81367400049749","-2.88449332768712","3.58532646089711","1.25038850956641","3.17908098140163","1.51147233190034","-5.60681286588906","-0.765333165018925","4.35240828308738","-0.221603344604768","6.60923885704912","3.10718226196506","-1.00063984839962","-6.75040961051319","-4.32008839353315","-9.07528038300714","-3.92847026440108","-0.304907193725095","-5.11354116651978","2.38700320372627","0.219948796270774","-3.10087298925642","0.792248964962192","3.6346591981339","-6.71480494711971","-9.24317844901954","-0.692547084836881","3.48505751004518","-5.46068100532632","-1.23407559160871","5.28513881860158","-4.86628948713971","-2.22517888963778","1.32339619246507","-8.36853516828344","1.57334478825138","-0.311400098183314","-2.30692131050405","3.27494036224489","-5.11510777501652","2.76407026190999","2.9132671900044","0.804710170115388","-0.54648575144299","-7.36250853472307","4.50428213446899","0.313521220099293","0.700080303430999","-2.57913446765207","-1.71083273672015","6.15565769480227","-1.94477646459917","-9.39134765855245","0.813428672081923"
"Random_Index6_32_0638","-3.11058635468654","2.1938983032869","5.57981144878902","3.19043180728431","4.7402906933178","2.12113043475528","5.30434302183195","-12.906721273052","-2.51616077992288","-0.385984808763944","-3.78779413543496","-1.23616669934047","-0.563896293895708","6.70562379388611","-1.55898127166075","2.87080146599379","6.13300500019356","-4.71094907045341","0.260740158581083","0.685518823703241","-4.29586949128153","6.80649895618626","-2.15211105149985","0.0988911827929768","2.47233912453459","1.14139854937484","0.242783768614165","-3.75666804464327","-0.763700121595754","-1.02214815510571","-3.73004137540511","-3.27632817590309","-4.31634993426976","-2.90001871774192","3.05382044018282","1.61497813094769","-4.06675356048837","-2.87171565578861","6.90231832627038","0.0834709948267102","3.37348252563357","1.26576566421521","-1.36481084331832","-3.42983687062119","0.238665676929984","1.02624105284794","5.08696692354013","3.39599145480365","-1.7478392430467","-0.410236246018561","3.47009069756224","-1.31313851832623","-0.820675238755379","-4.44881786742225","-3.75772911950033","-6.89876124245311","-2.14330141406654","1.08245157297436","5.16993612144964","1.20787002198821","-3.05265175744756","5.93873493420087","-2.76888805925625","3.68815865257588","0.875189596868228","3.24149975891418","1.46764331633428","-5.82021481999949","-1.07988299121698","4.36447933687627","-0.285856010713127","6.46761710712892","3.32133471323802","-0.959828217176513","-6.63482307190565","-4.37839474963018","-9.00953421635194","-3.82350023971984","-0.434316162908424","-5.00362446901411","2.5757058392578","0.088096600470821","-2.99993320370509","0.898465880993288","3.68472002673592","-6.51309470175846","-9.27615877773831","-0.777020146681408","3.70199420861889","-5.56654640858306","-0.941814274972404","5.23505512048439","-4.92249008550777","-2.15310826440564","1.37525467976975","-8.25582659874513","1.56924915818092","-0.403572340837797","-2.42466472348829","3.27958714258187","-4.85768406869093","2.77939140227518","2.87362471479589","0.744843686095487","-0.821165342210173","-7.40655507739143","4.82095649034387","0.236373078224903","0.99888900408611","-2.76084183047997","-1.51335770186437","6.35885685048832","-1.77994080196408","-9.45342664526993","0.817029998457394"
"Random_Index6_32_0639","-3.30915241097637","2.15644042620694","5.81006254633279","3.05525476427618","4.9283689511867","1.8623725587631","5.34381738412469","-12.7045853929089","-2.72820899834453","-0.534737955521657","-3.99881284387151","-1.44637326804168","-0.760770692710698","6.72941232022576","-1.54876926598734","2.94046697326487","6.11873574001048","-4.80550511076223","0.0729249116794193","0.842754896639866","-4.04220096702901","6.7696297854366","-2.46770214174702","0.0428066597521021","2.55003364008042","1.07990170158877","0.274738645441646","-4.22955372782581","-0.444476265668114","-1.3771925081939","-4.00727938117874","-3.45955467613254","-4.20113036811804","-2.65622428573875","2.85159890042466","1.66751914024821","-3.92537826331974","-2.91558690623401","6.77413707282348","-0.263090491516451","3.52777294865871","1.064918356077","-1.6446526154305","-3.94555602144291","0.190424688693641","0.946439588319123","5.2358298605073","3.40473844151695","-1.79520861061364","-0.496425579490082","3.59303626980225","-1.42928861676219","-1.03756521092375","-4.61503639282048","-3.58315711409502","-7.06075531055409","-1.97589331485584","0.830869295792084","5.28614323531327","1.43244456124967","-3.12442314797572","6.10381630830622","-3.02314476801483","3.74498991928237","0.80908358403014","3.19789520626541","1.51375195233757","-5.87959036697719","-1.238659280067","4.34786356970625","-0.0066823246826947","6.41402442247978","3.385508771519","-1.28849945024719","-6.7367361788192","-4.59609328689566","-8.86669803266124","-3.83960103681353","-0.432185630968419","-4.91205197424125","2.47368497328414","-0.117303100595222","-3.29692638037307","0.622428363825667","3.68051876753648","-6.69634139336608","-9.17308979013254","-1.18015400189978","3.64802858446619","-5.6790294975342","-0.966639685380701","5.258125066589","-4.71950192018369","-2.25497802346588","1.30632239962453","-8.32547237148889","1.6697605828057","-0.605719788509075","-2.35882612840712","3.13923635708142","-5.24773417379435","2.67550079928546","2.87771993429809","0.366334873643128","-0.850508950208133","-7.20971818031831","4.80678366540844","-0.142992197901438","0.932804129396159","-3.14455118119804","-1.4373908837652","6.35265129953093","-1.64343728834642","-9.76538690259162","0.532906074557665"
"Random_Index6_32_0640","-3.08018494164218","1.90628640452215","5.35503623508127","2.98409163405607","4.55853832954604","2.18523030124809","5.19824734172444","-12.8271347438993","-2.74968102607281","-0.24912805421611","-3.58842352661884","-1.15234268792541","-0.389401754157671","6.63255988040921","-1.35628360524283","2.77645294470465","6.25692305586397","-4.7014402597443","0.314116151013673","0.677172764934084","-4.45249816924665","6.56057846549825","-1.97731503384023","-0.256064280207398","2.22938008166392","1.15908967884568","0.175080109446919","-3.74650276539435","-0.661085105609034","-0.921708361630646","-3.67267447930658","-2.9266233396968","-4.02909212597921","-3.08041663449397","3.06814282858662","1.60362184868064","-4.25718889685437","-3.06980297890083","6.78378048474931","0.208461304481747","3.05310816307412","1.33345694844038","-1.30029127610623","-3.53608105851346","0.0418041192650445","1.08025491375698","4.78671539386257","3.19767146281544","-1.85836022680363","-0.654742479400937","3.2527432254371","-1.40334876917487","-0.708124611428166","-4.3797361936429","-3.57482846191124","-7.1799897665194","-2.29203617252757","1.02921265417366","4.88376422595321","1.05425882082738","-3.11986085654181","5.69465637546457","-2.78506999166935","3.47101389979336","1.10153029098143","3.41816428741573","1.62768828300092","-5.67080802632506","-1.15137228002502","4.14584514230882","-0.134552675541233","6.4548105124117","3.0483021895493","-0.936906009965861","-6.66766290813784","-4.43097720538769","-8.89186046855008","-4.1112651892499","-0.293307682035049","-5.27734580115836","2.25938085621333","0.331751432415852","-2.93411766880082","0.733174848274643","3.5132424733609","-6.70189186622778","-8.99457061585362","-0.697678923924809","3.3393933496582","-5.48921816040752","-1.20092853744285","5.12779766338847","-4.93401320703243","-2.23146604741999","1.25232765793705","-8.21536757585759","1.4591584929798","-0.222520573805254","-2.26880578976766","3.33647906902","-4.90662000995961","2.80045118780242","2.67961346482462","0.867693899458437","-0.671552273795683","-7.61448381929133","4.69300127266654","0.405689816707755","0.742229817816747","-2.63668552166464","-1.71917225528417","6.2303685704069","-2.09188544910049","-9.46522469076425","0.981712077207288"
"Random_Index6_32_0641","-3.15408038728417","2.02774283336797","5.41398500248166","3.04990170757896","4.57007233354271","2.24515447065073","5.06904085769756","-12.889939630865","-2.71439616953189","0.0498885153148217","-3.52396357829562","-0.93212970892059","-0.396173323356452","6.80720638407731","-1.19440607235368","2.99745669526954","6.14107007496851","-4.54723714895802","0.431936774927512","0.73484449028168","-4.3613007707424","6.6421867388924","-1.80045144405466","-0.175100625331959","2.218810993372","1.14443256886084","0.0992609645567942","-3.57866467866615","-0.686985120141482","-0.706173040844278","-3.76276157274181","-2.9174613659387","-3.89721349595717","-3.07281676024701","3.19253770595475","1.65890455996615","-4.36619743336814","-3.19394521966645","6.79295468387587","0.216552133963485","3.1522699868349","1.57861778936817","-1.13611265082536","-3.33265070893572","-0.0244623539469467","0.821203309685801","4.9625146112445","3.13357099221367","-1.79200591424825","-0.657453666646672","3.50313031155052","-1.05702866612914","-0.467732246848456","-4.41330251119939","-3.45138483439741","-7.0477175746848","-2.20314884564089","1.13994444072126","4.90241370386191","1.06870238199181","-3.0182636360419","5.71998045605635","-2.68701577319476","3.58152963341196","1.33163239320813","3.32789792079365","1.78490012445742","-5.51645262342753","-0.841393168847588","4.20313757137768","-0.0484707801283478","6.41585088626577","3.17490771583016","-1.20990817704202","-6.75195489504354","-4.37306164468432","-8.99990354767602","-3.98870936815496","-0.308493523321073","-5.0807348930087","2.44257618327584","0.358131076023475","-2.91689882823657","0.739598815284838","3.68930860121858","-6.54209668913684","-9.13283913800224","-0.60059474011784","3.27854860310809","-5.69453957574323","-1.21039961941735","5.09368792753344","-4.99037198880469","-2.6510662779216","1.16073835624065","-8.54378951933018","1.56456702730686","-0.120748555051149","-2.3896894549175","3.53480654411145","-4.77395943813338","2.9707296917522","2.77133921024316","0.897157036529667","-0.595963488013094","-7.43524003643763","4.52181621962087","0.462801937682383","0.873365233724622","-2.59370032881064","-1.67060968340982","6.10920863333993","-1.99179022104651","-9.42341680156669","1.05876990773107"
"Random_Index6_32_0642","-3.10508133471901","2.29240190860547","5.75753304597587","3.13112009294399","4.86634676732547","1.88285310628876","5.08946213527502","-12.9549771641713","-2.88910423156599","-0.456502815437367","-3.86283946414248","-1.25664092526627","-0.812273964224916","7.32602839064589","-1.50775346374632","3.17433499645998","6.34397664481633","-4.87171379137408","0.0905111879535791","1.10104225906634","-4.22858861157784","6.93508302461031","-2.15390471180452","0.3346802497172","2.24762731548416","1.18743834145459","0.561214834243036","-3.99292807967986","-0.300784780919463","-1.06038398295754","-4.0315079620962","-3.17826067261268","-3.85761783231367","-2.85231689678595","3.07297132878279","1.6226477965087","-4.27223808141337","-3.24329457747524","6.9848388362818","-0.147852968237127","3.46183492422542","1.27879848618743","-1.49742164202624","-3.72725049656116","0.172208370160812","1.00420218995887","5.23578253957274","3.31587493650372","-1.89883482805898","-0.594749718523375","3.65309855764308","-1.34118747414371","-0.685774586411865","-4.58157587890263","-3.3507824651193","-7.37250680392469","-2.11238125264713","1.0893867291973","5.13525889946626","1.22266393590186","-3.39018768475946","5.93063434727332","-3.03840612926385","3.8451989750816","1.05928152095636","3.37421777139103","1.69417253254505","-5.9292508253621","-1.18452449146614","4.62920358139063","-0.0381106484183723","6.70507673384962","3.3204044354793","-1.24167609370114","-6.95849665106278","-4.68546275253034","-9.22860784792308","-3.98645845112255","-0.689234842412403","-5.38374376046569","2.43326613076812","0.11564168907372","-3.35337145449983","0.825507877293212","3.87958174623447","-6.86760322458052","-9.13346798759128","-0.855248412828561","3.57419336688039","-5.40662308616845","-1.25272150735121","5.66175513760715","-4.75459787065842","-2.20461102589109","1.55891126339441","-8.55017918742199","1.88219751807599","-0.545364328197128","-1.91377678860555","3.46417090918971","-5.36297670112408","2.97075646793764","2.82853857380648","0.520031112508635","-0.833544714260961","-7.55469752930861","4.72543306135656","0.036580855220567","0.764383882216872","-2.82021669864453","-1.54960681152764","6.2472723569869","-2.03159245767508","-9.9761597313304","0.640737620698462"
"Random_Index6_32_0643","-3.22182683775211","2.21368750683045","5.56756736571202","3.23274127412761","4.80257178884043","2.26533076147268","5.08957262108902","-12.8591196433585","-2.91054042964798","-0.306243787921195","-3.64050571566052","-1.09204602220392","-0.56841405152723","6.85118204034223","-1.29669521387896","2.9233778563781","6.38620174550793","-4.73698433453643","0.175761815130843","0.743355901668332","-4.5033068319526","6.81437673914424","-1.95203635733199","-0.0647023752087604","2.30345203931913","1.07101589546925","0.321531804911764","-3.56246354796594","-0.698864238330336","-0.852199916118906","-3.71283724629239","-3.05547287528268","-4.06711077063307","-3.08690785582579","3.29176744996257","1.58174875059945","-4.21112061277556","-3.10603117970032","6.98656769470104","0.198438926973066","3.40080575400623","1.59264361133929","-1.11559142544241","-3.4741523122845","0.081477530768978","0.865596324842504","5.09746794944457","3.3695702596408","-1.91574570472146","-0.574806252751044","3.47477910797307","-1.25140015135022","-0.704885528022151","-4.71514926218145","-3.68637066607288","-7.08761940342172","-2.2244677578157","1.30837481946955","5.01983960291148","1.14530913769367","-3.20078879802244","5.82460982174974","-2.70552083831942","3.73140254392387","1.09243982103956","3.55389272072861","1.55316379459857","-5.76886902807724","-1.21166594614836","4.26642288259203","-0.231137668912441","6.79226051769521","3.30670425205204","-1.05275555990253","-6.85511798874647","-4.42403212861695","-9.10515346101833","-4.00352859030322","-0.347510881598548","-5.26559224689481","2.501285784032","0.20131819060693","-2.90714051908026","0.80687402082902","3.67700924153243","-6.62961312192869","-9.1039622228364","-0.775332161296342","3.43205921589559","-5.66648936938785","-1.1399379221141","5.23551524673393","-4.97192534339936","-2.33818995832965","1.36960007531203","-8.46088693673155","1.67234342113651","-0.175936748787837","-2.31036893180428","3.65770186099619","-4.92867626289317","3.23837420143148","2.92792798370342","0.919823650012259","-0.70516108696632","-7.65181845926477","4.71521380055132","0.304921853348965","0.837068125392899","-2.69463607989042","-1.70231398187818","6.26401260260103","-2.04810492871071","-9.59505004274279","0.863495536046361"
"Random_Index6_32_0644","-3.06112864816282","2.15966537432626","5.50422131214799","3.05712658712711","4.77413479370507","2.06777272378488","5.12959301512031","-12.8587846254224","-2.87678370309166","-0.172075936086498","-3.60426667230156","-1.07267000052334","-0.532489211881755","6.99308659452404","-1.32599777959181","3.06817893610233","6.3131780852922","-4.65774216726157","0.265549937281946","0.898070304981513","-4.32275009554429","6.7721069205377","-2.04953957415799","0.0714741963289833","2.20935947032303","1.14476263702783","0.38452436706998","-3.68723405192815","-0.489850994143824","-1.04190111739003","-3.84586479453074","-3.11305839307121","-4.19074521224828","-2.86396914523548","3.12391138837897","1.60617797728047","-4.22848930658503","-3.29711847499342","6.84706252674007","0.162991254710648","3.22915658228212","1.31383319864476","-1.24161975290505","-3.65140951425062","0.0882124996264236","0.836678417754907","5.16548130592819","3.31320114088968","-2.0233017130167","-0.725213247777247","3.67684887944495","-1.28753722024166","-0.756130386558994","-4.46124651606988","-3.46247285835183","-7.00287968606894","-2.30179606551184","1.15145284944852","5.03160726549954","1.20119331836799","-3.29392902325383","5.84382607382736","-2.82583859183047","3.77862834955951","1.16923101815241","3.40686464912919","1.70157588396591","-5.68673443566416","-1.15162658633115","4.32399772991138","-0.0710069284516113","6.70932993130765","3.27874046101376","-1.03446981830436","-6.90684085396974","-4.36589094227473","-8.93699678459631","-4.05420388776709","-0.449144998129676","-5.08903269610285","2.44617449218889","0.171701626186979","-2.94006559644845","0.766870244450645","3.74602127022222","-6.7511780669813","-8.95921764502015","-0.775605030679517","3.43176005348745","-5.50707209920578","-1.17531799911482","5.19064504703532","-4.90878088271182","-2.37697437858159","1.46028658478949","-8.21899008981422","1.73951183953562","-0.444791683375622","-2.20963550045069","3.47216450097446","-5.11878172116527","2.97196080919926","2.92673902866866","0.738380669994158","-0.711468108004126","-7.6217907080834","4.72694908085514","0.310625738549582","0.890397550316744","-2.67785731828221","-1.52014795652847","6.27479336032729","-2.12751595476601","-9.63785445116285","0.701119922886912"
"Random_Index6_32_0645","-3.0598259939164","2.01197975701654","5.56544482991556","3.07027807997694","4.9489250031735","2.07316289444234","5.23361001071684","-12.9579494387846","-2.90760299667123","-0.192598644233476","-3.59317326187626","-0.991862934184095","-0.41404448940736","6.8698831076774","-1.41421650094779","3.20019907559168","6.14501835452604","-4.85097802528899","0.38983052467791","0.777305583544311","-4.41273261879267","6.75928826666804","-1.95189844554204","0.0490135608031723","2.33597907901297","1.28912564780794","0.384944502964959","-3.65888694040373","-0.4284116124995","-0.926614045123671","-3.93349267249904","-3.06316987266438","-4.08626951494118","-3.11050605178181","2.98762368522649","1.79537257995679","-4.17506119994491","-3.34527063435232","6.83520936833135","0.106173510802674","3.31835445263223","1.53451690766988","-1.34964597647375","-3.64250691441808","0.106589102087917","0.764216406326549","5.02052468752239","3.21672114255273","-1.95326268567703","-0.763462681800536","3.55513491390359","-1.22714859463172","-0.6354965974483","-4.64644140392686","-3.46834882305994","-7.29400669974703","-2.26476516570485","0.985459147164572","5.06048137813158","1.10515300945326","-3.2266289542047","5.82612951401526","-2.88588046968249","3.67178412795504","1.1590923774399","3.30515594777517","1.6460780961035","-5.77092187934456","-1.14818872118819","4.30132647043765","0.0941029565141939","6.50612353848323","3.0807011726415","-1.41175111530974","-6.99624995513362","-4.3479908350483","-9.06330378625957","-4.25007504513477","-0.444058835623535","-5.14258389798864","2.43010146400303","0.266126787559839","-3.0744650602942","0.710327669496676","3.68797470268681","-6.64246597251726","-9.17182299278444","-0.694378770418926","3.47980228560896","-5.8706386985221","-1.21204349713872","5.26762233470807","-5.04410509932041","-2.34367913250296","1.42715763184902","-8.44335322681711","1.69165904187818","-0.344768297038462","-2.20994870826728","3.38212705853027","-5.06101034841234","2.80331584881295","2.76208341093582","0.786683323074066","-0.662837051155346","-7.71814814152671","4.62281389427162","0.372096180936354","0.771203455242141","-2.73460803425027","-1.74719141021034","6.34293407536359","-1.91611785561976","-9.90971835533145","0.948166679942204"
"Random_Index6_32_0646","-3.04030542089547","1.95923486581049","5.34435845486929","2.99742551302307","4.84114840423486","1.89407635085447","4.89722048892576","-12.7302285819705","-2.99960642994128","-0.262422790531661","-3.67692053136533","-1.06430839994925","-0.527408507801963","6.80963245949384","-1.27425441332428","3.30994613532033","5.99323848211222","-4.86266426668344","0.303090836474283","1.14661747054555","-4.23716553983262","6.8083523280716","-1.92901309529076","0.227953582810223","1.9837349783609","1.41593170936994","0.76214336397864","-3.75361006703586","-0.334238355577272","-0.960193020713474","-4.09950182556545","-2.96078233529952","-3.817432027524","-3.10392952552305","2.79090414073921","1.99144477579934","-4.45672876836724","-3.37671623229942","6.79585006617329","0.102488514210578","3.28217884499149","1.53838442530382","-1.24774178056573","-3.62464289653422","-0.0550502287459358","0.745192120167317","4.95994167693816","3.0560938688144","-1.87388257489567","-0.885151448345444","3.4852649995478","-1.20454433837403","-0.540732513735212","-4.31182016105626","-3.34680422306577","-7.16616769766541","-1.91811791559482","0.906957734712968","4.81518628531329","0.986778340959962","-3.30830783016895","5.6103363491768","-3.08515302099722","3.53677595462757","1.29421999175954","2.98295113606138","1.74845659589208","-5.60077865190762","-1.14264049905103","4.45505570559452","0.045730753096837","6.33579941026268","3.07679569217464","-0.998046511147068","-6.96738837417412","-4.53498053650428","-8.87037419473187","-4.11259379280359","-0.481525233757572","-5.35525748535626","2.09790024633479","0.317120249748986","-3.21621809943939","0.863103907321025","3.57218021644483","-6.7459105478187","-8.83773606278877","-0.602824465011637","3.37649597283171","-5.52571323530255","-1.4163261767488","5.49058269329857","-5.11919659029613","-2.21331360808196","1.58733682364673","-8.34003517054156","1.88477257237269","-0.50042737410056","-2.00334625928265","3.30203984124873","-5.17626019142577","2.61492179988047","2.5816468879653","0.781201245525475","-0.621632993486337","-7.58412856320158","4.32205779317872","0.185917570682856","0.562119972564512","-2.56233301278255","-1.74256277472677","5.86911261252782","-1.92875035637801","-9.61722912838946","0.718124550132767"
"Random_Index6_32_0647","-3.11170014402427","2.21669046230736","5.54353413779095","3.11192310101536","4.86439370013582","2.0094419622848","5.12229137518205","-12.7907696934901","-2.85506995759411","-0.381113262317792","-3.72064457253163","-1.08230923195271","-0.753124587879402","6.7500179518975","-1.39373339899732","3.07964760416509","6.30835498291335","-4.60705746718974","0.237251033751126","0.912460693898539","-4.23919347598866","6.79073159343625","-2.03868383803272","0.119088357680692","2.25084507508861","1.18296570578897","0.347869869962127","-3.75346575785623","-0.499119851788529","-0.915705255442884","-3.90300259058024","-3.08796786500172","-4.03435393102926","-2.88661865684239","2.91541953967573","1.58910722502557","-4.34705751544962","-3.12215510436159","6.83904473560215","0.142506672125216","3.33181912096983","1.37636005645861","-1.07327783330729","-3.51507195777076","0.0366525022793868","0.891370249122419","5.0568355491807","3.17902630376064","-1.8298623823304","-0.634539853928129","3.50101670404938","-1.25389162822347","-0.637460386633072","-4.45189256097415","-3.5338956083942","-7.01386571054001","-2.11824769330503","1.010335600383","5.08546935043508","0.909145342436601","-3.13907751250918","5.76569343900068","-2.85180618254493","3.71132878025348","1.14240979277986","3.21716970194524","1.60618706963555","-5.73782220974995","-1.16181845543504","4.39996307204314","-0.32192130085808","6.58440150070136","3.13189588589045","-1.0195993371405","-6.85604551772001","-4.3974775465972","-8.99950407665049","-3.93741791290331","-0.332050319606042","-5.25331265857338","2.34427747902243","0.187815322376282","-3.19764883040839","0.710193400039047","3.72792654813148","-6.69347909798901","-8.97654462998557","-0.865348745083548","3.41934469672172","-5.60880280336953","-1.32134977134014","5.33902789437524","-5.00093761029742","-2.28387293571553","1.36108341052728","-8.42315817332942","1.67292011652142","-0.298607034851359","-2.29194220918038","3.2664974355076","-5.07591077668171","2.71224256084307","2.84680072102488","0.744783604915718","-0.619521209058429","-7.49162928065299","4.55699561070764","0.240562709122413","0.843808455604676","-2.70123861990983","-1.62525122849726","6.17932212981516","-1.90444948206145","-9.6243216387611","0.806245823226541"
"Random_Index6_32_0648","-2.86509693682684","2.03253306226403","5.58939030770044","3.2374596207117","4.88015238759626","1.90768239324036","5.10052195810819","-12.8743620292756","-2.99767079814324","-0.296022630991181","-3.75465128236124","-1.19639576328865","-0.617159016343573","6.81957562335453","-1.46595096450772","3.13619733810032","6.16796601236511","-4.61668778829054","0.154838444855622","0.956019945493547","-4.26253429090761","6.85966953626981","-2.07758057563652","0.338361011348906","2.36783166368451","1.23813080972598","0.512865004731078","-3.81147733848996","-0.456975231984816","-1.04514049021175","-3.92448378527652","-3.04596811421052","-3.97844578132308","-2.89714406899625","2.87171132925796","1.7802306513307","-4.19962148671137","-3.19047161974457","7.03472178195065","0.131678191182322","3.49373624640119","1.28265437156929","-1.23799089777436","-3.61931783258866","0.390950923078673","1.03309711652931","5.16047276445616","3.27008567960574","-2.13742104439984","-0.5818361912776","3.56624251222137","-1.24432156535171","-0.789348328417758","-4.18075538328624","-3.39572795162343","-7.14195295572723","-2.07573382637561","0.929728154948157","5.17190345994161","1.24812371694925","-3.10872200878545","5.8151418817962","-2.985733969815","3.67527538265498","1.10042639264703","3.19126309265299","1.55768437784843","-5.74879452913996","-1.12477597590653","4.47846229854914","-0.191598357058571","6.49572413773143","3.15611058246074","-1.12025921043459","-6.71174999213199","-4.41366083956157","-8.88794885622435","-4.01039562450192","-0.49216423754511","-4.95018950782577","2.37902483696944","0.076324682253975","-3.1483606398408","1.06325042541803","3.79429873264607","-6.70692815498218","-9.07568375750818","-0.750918158878703","3.4873013560417","-5.43546805913909","-1.04670145289722","5.43526020470137","-5.056623621337","-2.09460339106236","1.48005444765931","-8.23344219926458","1.70918377204971","-0.449682213440145","-2.25023691300648","3.29775743372139","-5.07557527899787","2.89315247023709","2.85076363174781","0.65602770399115","-0.745509764828825","-7.53269923413254","4.70561872472869","0.100479848435295","0.916484312008724","-2.64165988534311","-1.52178602079992","6.18056372449884","-2.06565050683314","-9.47862483750846","0.710716169731972"
"Random_Index6_32_0649","-2.90397860306673","2.08877153250993","5.47518689473821","3.07033277503733","4.8752443558804","2.04204335991571","4.91458910622267","-12.7618140771424","-2.92215126914095","-0.0945671682985097","-3.55883411966745","-0.915838914557656","-0.403329579986167","7.16132412696475","-1.21049272649411","3.57509866062187","6.42660294228263","-4.73892646978875","0.53391494368186","1.11438613309132","-4.45024052620815","7.06651822676321","-1.8041303200765","0.283222565618346","2.01362156766584","1.74410035637832","0.599444756458053","-3.56540807850388","-0.529847151147061","-0.812283996375","-4.04488544390863","-2.86457332656466","-3.89093905472568","-3.07242732035555","2.83148871311921","2.15933702564018","-4.4354275836813","-3.54575299948436","7.31699536120388","0.272127976669556","3.28926674169968","1.57708842752623","-1.08306019637715","-3.49168906225857","-0.135054143640999","0.719670546743563","5.11672114083874","2.98183316280164","-1.90192770437351","-1.0009621115295","3.47719277561276","-1.12790825305915","-0.593295868729486","-4.24458149671575","-3.42505215020219","-7.34210915311092","-2.02680447409744","0.876328436040181","4.9731198776563","1.01864035658331","-3.3060180581899","5.74926120828781","-2.89743076217639","3.49532007514221","1.47614071316991","3.22007529277304","1.83942336394075","-5.68038209573917","-0.848275968266022","4.56666519523352","-0.0698500305444927","6.66253105862929","2.93636998563345","-0.986341526526529","-6.95981368540346","-4.51022622380967","-9.15131656945396","-4.28225078937508","-0.45949588644136","-5.4502480323098","2.295639800871","0.512913093867409","-2.95441831216847","0.77248904274168","3.81721518562041","-6.835206718064","-9.10696738214149","-0.457768480164444","3.31103163545963","-5.53278058487924","-1.44267777277316","5.61252755155809","-5.17440069259918","-2.44989689661817","1.66609719242624","-8.49206222025846","1.85599778837906","-0.367267337051031","-2.26931515488612","3.22931648357978","-5.08688651368086","2.89232382824253","2.77027155273852","0.937930910991332","-0.657914677499863","-7.73511515500021","4.47579256247131","0.4871733259348","0.720583041019976","-2.5029559328819","-1.86895871368321","6.11980398878143","-2.1830954333345","-9.50389810710528","0.987326136946335"
"Random_Index6_32_0650","-2.95822020478462","2.1460387550013","5.53826008347722","3.0167917118491","4.8263061795073","1.84933034626759","4.94761406301699","-12.7537941544751","-2.64287360998355","-0.268084603740726","-3.68272126641519","-1.17880188612416","-0.546696207161634","6.70259733015283","-1.32303486831927","3.0545232763731","6.1424656698223","-4.664812100822","0.212280847423081","1.04351965615232","-4.1269805582591","6.64489757355616","-2.08148581759335","0.108237859530231","2.19154741655369","1.13315530855254","0.453053813688396","-3.76244455332995","-0.500744127445003","-1.01966889607945","-3.90808071741196","-3.11529609150817","-3.97277040237499","-2.87241057327632","2.81380213773121","1.67069630206449","-4.30290177358686","-3.14161648015232","6.80769378492943","0.00237169758925122","3.19983757451858","1.28382405400903","-1.26788058153301","-3.61577943624693","0.0361992709141561","0.919954388581541","4.95652318996844","3.16931911125377","-1.91741648281605","-0.726808866714783","3.43756534104827","-1.23143585467186","-0.728917932672768","-4.35095463719415","-3.3664837461719","-7.01422036052173","-2.2650722000149","0.803927022757122","5.01310688089592","1.19138925870838","-3.30609631763706","5.6989023026362","-3.00507240261502","3.55248322852267","1.13854885471088","3.20319939733597","1.58431692687948","-5.64908947358116","-1.31266960427013","4.3306090207478","-0.0852482239152747","6.48228595081679","2.98602534091098","-1.15092391544206","-6.90563519396075","-4.27528636218099","-9.04948013501601","-3.94379008116477","-0.44324248647447","-5.26509087142348","2.15626580768922","0.00862623311531955","-3.22559323800282","0.762485458322202","3.54362641302169","-6.71446605525829","-8.95383530506044","-0.647638710776787","3.45547963415585","-5.43369907914439","-1.32416752622397","5.28802052786886","-4.811638265241","-2.284719232993","1.41345848688139","-8.2354846951935","1.73895088082197","-0.376223945598946","-2.14999016537313","3.146946496243","-5.09318882524499","2.79568224834238","2.73061632348442","0.617755251978422","-0.646875121542706","-7.25146605542521","4.5345623002447","0.176721214331625","0.866320253034436","-2.60927021023175","-1.61490957943574","6.04812758061921","-1.91652009746563","-9.65238517211753","0.596871341664153"
"Random_Index6_32_0651","-3.19563182187252","2.24195281564994","5.58344253545001","3.13251509130927","4.75033163825267","1.97192372866063","5.08095421125023","-12.7644068491871","-2.89359496194915","-0.447160139492005","-3.7963313365911","-1.0377084072622","-0.683242175970842","7.17292470312038","-1.49210522182297","3.07595545389932","6.3597037109314","-4.51995677707141","0.157620927859653","1.006048987369","-4.047996855828","7.00649752901411","-2.07734030926539","0.245683737048757","2.18371232842153","1.18566333002102","0.504191451337432","-3.80780010412341","-0.4753416690453","-1.12595365749871","-4.02646375225493","-3.23084614460214","-4.03873328407608","-2.83335728229338","2.94089490608228","1.53308628490878","-4.32363580990056","-3.30912962574247","7.08644470698548","0.120070806609272","3.41584556236599","1.31143045636556","-1.20338212020939","-3.56869864696694","0.0344998245305744","0.951137619760795","5.20593837357427","3.38333163885809","-1.89619361946724","-0.657020209903872","3.72879361771034","-1.42676663314383","-0.813408284450425","-4.44742995748226","-3.61576870301204","-7.30095152619921","-2.11447908707785","1.00462946785351","5.29902006123394","1.35500762212583","-3.25518840247328","5.90447615529445","-3.08022795351041","3.74828665345819","1.14248209932613","3.29615352870512","1.58767193421165","-5.73799793105698","-1.2360591368821","4.5105075161272","-0.137891540205938","6.82550888298223","3.23229803513322","-1.1311559668876","-6.9088096615009","-4.52134789890034","-9.12471721569015","-4.01734829735975","-0.424841120970948","-5.23360979194189","2.43190405984853","0.168787340434317","-3.23730348418136","0.889812584056702","3.91979786613893","-6.86533971480368","-9.07863675923094","-0.872922858507614","3.62180981086689","-5.31953660833655","-1.23565397230376","5.39648825815952","-4.90765470533893","-2.21666030417306","1.55502279207944","-8.27040583769787","1.72114988854026","-0.509470699759829","-2.15529963625488","3.34359737211461","-5.17819030729374","2.87517014678475","3.01091203148641","0.735535907179633","-0.550939216895721","-7.45509254037793","4.73736711239447","0.162019115421305","1.01043696738451","-2.65788915191376","-1.5813171637859","6.30660997346315","-2.03237258248589","-9.68571940518674","0.710759729000702"
"Random_Index6_32_0652","-3.25966737138032","2.13146216611628","5.47621397172542","3.25541554583601","4.64793853242459","2.27793338598337","4.96964846890363","-13.0607186379714","-2.9381067520678","-0.237479413849714","-3.6240036517621","-1.17383756615614","-0.678930753496089","6.97217850427959","-1.32910297313141","2.93195884376141","6.26531873941952","-4.56769354867469","0.238904564689179","0.731894136445724","-4.51444323990486","6.85674994639981","-1.85241036492788","-0.0720002992640677","2.22856453091528","1.03259638464428","0.201160285852971","-3.51345508015381","-0.764081838301471","-1.00736161754563","-3.7041224332964","-2.95062924102225","-4.17197292692966","-3.11083733334174","3.37316958756037","1.50233477423432","-4.09722787346305","-3.08512707757225","7.10623260561857","0.288035351429549","3.20897941108121","1.47599042780948","-1.0656248733943","-3.38876498740749","0.0282592554239379","1.16899684881646","4.95664946342747","3.42924682605841","-1.86567231934586","-0.513379812555408","3.39212112460088","-1.42475515418962","-0.73593465979534","-4.58254433795999","-3.62882569492299","-7.3535901030889","-2.2705284637771","1.36417899782002","5.10254951855956","0.920936625386847","-2.98233541293984","5.66479438722546","-2.55515108210252","3.6191946821395","1.11157783671716","3.46166616688374","1.38066407050907","-5.81433947804485","-0.846224155325108","4.39036749506574","-0.44818535786362","6.56708192627252","3.22785298550332","-1.08223991897679","-6.94393299828614","-4.68073784238302","-9.14215642423712","-4.02739766476546","-0.339721305389897","-5.17772425338143","2.56624590828524","0.459149862353371","-2.65485377475886","0.822358169106558","3.72226476575062","-6.51562428805883","-9.52318315402725","-0.712727929044988","3.38257965262263","-5.42238932470864","-1.0542578868048","5.31742328817194","-4.92399126619803","-2.2694112328227","1.29398427859452","-8.43027196357516","1.45829012923378","-0.257663348492537","-2.51570292699123","3.69227966529278","-4.89970921483182","3.05165598764218","2.96446441217371","0.961152635214754","-0.681285089462081","-7.75597583080466","4.68773019524441","0.58474308192801","0.601053403062893","-2.66760489925482","-1.63228178508742","6.34590835719694","-2.23716179123946","-9.45324128434251","1.19480381781991"
"Random_Index6_32_0653","-3.02891786341282","2.07180292672115","5.42516419844711","2.95862051651536","4.77660214974052","1.98041869982664","4.94397364195761","-12.6765444316003","-2.77878309600302","-0.239912088117056","-3.59683610423154","-1.13707640366082","-0.558859159585117","6.80911981815056","-1.23804640489239","2.79603973272654","6.29929386508993","-4.58820392086499","0.456368462334562","0.736718004109085","-4.25781612195334","6.79530944696834","-2.03967118837264","-0.0354573424207558","2.20771662003034","1.19281540673135","0.326011271316335","-3.81119368605035","-0.589144969945397","-0.985876828671469","-3.73639726745041","-3.05853125725778","-3.95563351710997","-2.92825566256288","2.92951411693724","1.73759115892725","-4.08542143398235","-2.94469067560764","6.97117819728882","-0.0269733104306484","3.16592959561499","1.36079764628036","-1.31172976107503","-3.61000431251211","-0.0825317661860587","0.951512918092535","4.99077647977054","3.16002489450861","-1.90607464832327","-0.70910745922144","3.46098522721931","-1.27174358115043","-0.528327599638281","-4.31667868146237","-3.34326922558291","-6.93502401221874","-1.98381841921397","0.90702116270668","5.06242519294933","1.24449301470706","-3.15094311670057","5.87404992813992","-2.88477678540494","3.68259587209799","1.02658687853317","3.18368802204434","1.75998441798274","-5.61535849782148","-0.871364733797063","4.26497507023639","0.089252586837481","6.63908696271703","3.06314306484645","-1.40626515798057","-6.75626049176552","-4.40745921564633","-9.40901647279373","-3.92000054778933","-0.502844343803677","-5.05899469165636","2.39043586492878","0.238291534005029","-3.08292572345562","0.53019101897689","3.64215687058961","-6.52821150196373","-8.89039960640496","-0.71800226116739","3.51023557935158","-5.65545798271961","-1.22776182202428","5.27171472287913","-4.70613740215058","-2.40785478114411","1.4015987867781","-8.37807127278766","1.62984744628997","-0.375219308623922","-2.1280077892807","3.21640562969968","-5.02304833103249","2.71099449214481","2.70220594295856","0.609712338741448","-0.735199585461106","-7.50221091039295","4.69545749699117","0.210018317913402","0.781597276310745","-2.72826381472786","-1.66222241110726","6.33570051072519","-2.04453769143477","-9.68252802597688","0.662002631499073"
"Random_Index6_32_0654","-3.01763618016613","1.91567695148374","5.52077782271608","3.04257786830407","4.7507141781172","2.23271527167609","5.15741266369725","-13.0472796442781","-2.74882530152377","-0.0852017459083116","-3.61902871843319","-1.08757213276877","-0.495904675076293","6.72557381996736","-1.23802959371226","3.01017900688497","6.25157015323925","-4.65574231173716","0.507544366166942","0.834682222227285","-4.35907451364707","6.63940030266524","-1.89434903047792","-0.161101460381367","2.44546414528471","1.06883095552713","0.184467518040256","-3.64308010881978","-0.753259412120511","-0.923797822663218","-3.71997297502586","-3.0777933071224","-4.08849361810833","-3.09753791826952","3.2072684620581","1.7041085277139","-4.08361440608278","-3.11649670428735","6.77419046228947","0.113485101174718","3.23833152400752","1.44611756158296","-1.28974221862315","-3.397791114779","0.0535930677624996","1.00055544292706","5.0723846673793","3.13570136683737","-2.00186837116526","-0.56293141829753","3.34920089709475","-1.22663406733735","-0.740149959466706","-4.57394430578196","-3.73962509901043","-7.02951894210842","-2.22208622056684","1.29667395411403","4.92880763231861","0.989163689809689","-3.01213473864798","5.90031837476416","-2.57072189224123","3.5770296252124","1.1614443911962","3.34997882005232","1.58944351776153","-5.91843695930162","-0.937921837530763","4.26343154810271","-0.302804217545776","6.45245850347896","3.1647448937743","-1.02535870765389","-6.75277062509396","-4.39987026586124","-8.95763645684077","-4.00284366878923","-0.490766354714601","-5.03466944478384","2.37461073064862","0.322242514188187","-2.87742981195223","0.734076504068422","3.5480302562514","-6.55081443543636","-9.14859572235233","-0.884074848752663","3.51265653721886","-5.65258025209865","-1.05756097351874","5.23156177693824","-4.89701027376643","-2.3706828865128","1.2408560819556","-8.23477542042255","1.50771519830037","-0.232787649888943","-2.5226006006393","3.54792631682031","-4.93022197258871","2.88066206938192","2.80423367578539","0.85881843382493","-0.727512622403374","-7.54507789006227","4.59440926664286","0.433145568718337","0.739157263538336","-2.80364796425191","-1.48264314020382","6.19907043766982","-1.92401269502886","-9.4867811055955","0.850639050943412"
"Random_Index6_32_0655","-3.22904760280001","2.24879895270148","5.63320992917514","3.32283321900726","4.85584151586864","2.24344864379492","5.41918501647549","-12.6871446302599","-2.95307828558225","-0.311579810619229","-3.66008438556143","-1.33978277940257","-0.702220193531303","6.97208833474187","-1.34732720271276","3.13659129061392","6.27748306864847","-5.06652308039885","0.170533376822373","0.961870890060271","-4.45701666661476","6.85831617299272","-1.98704703676974","0.0131795251672948","2.38966988004994","1.22428437766216","0.473464477783865","-3.65930812921435","-0.589006256745564","-1.06591087565665","-4.00916756418515","-3.09780400013773","-4.26503811225557","-3.13034258124861","3.24771413734127","1.57792889157449","-4.25242443521438","-3.03782267959336","7.02460302442357","0.239348846176516","3.42433150016317","1.50846269142799","-1.1732750724538","-3.55080785190805","0.249696369644737","0.8781990508069","5.19506202499177","3.38946181048698","-1.74827237189905","-0.688404151485521","3.56179491846589","-1.6962745989082","-1.07451718568198","-4.62099345008464","-3.75658671145984","-7.02416242092135","-2.14206137562164","1.21883962351353","5.21691421387664","1.17848807566253","-3.20160576008298","5.96719690836799","-2.72320670958287","3.6446818097719","0.95591687892983","3.43167095655556","1.51074621112442","-6.07939951534348","-1.29510808170863","4.31708423291371","-0.215047146538342","6.67186701539689","3.18188304670619","-1.00214967907292","-6.73268129039467","-4.45285455460192","-8.93446423355623","-4.18278781730735","-0.367792061238202","-5.10515567897674","2.42726877309459","0.376228784997439","-2.89223162052199","0.950524437174625","3.8030142903175","-6.74993270864728","-9.24788765481828","-0.914037546661824","3.46322191659061","-5.48764003324138","-1.01667140470977","5.40513980833373","-4.97280113277749","-2.01998978910256","1.5945870779959","-8.3316817350724","1.625051390971","-0.328210674833322","-2.45251380316951","3.65242143724749","-5.01527306115935","3.15117275581642","2.95855899990265","0.947316871827525","-0.627945351018495","-7.75780049886712","4.65194715103286","0.428068748530952","0.702945366080574","-2.96022157121418","-1.58469182807642","6.39071050967134","-2.13374886024593","-9.6684092410251","0.955352653911466"
"Random_Index6_32_0656","-3.07896560457939","2.10735220349952","5.69384305892865","3.10119351645606","4.8717647707058","2.05384094329132","5.05155599008099","-13.0657396161206","-2.72235966132623","-0.317426613229521","-3.6704585630142","-1.13964753998103","-0.545361931828971","6.8173789071157","-1.32071688621015","2.98647457005916","6.30831585041761","-4.69274595578423","0.39552434218803","0.770993851770461","-4.15687721092074","6.7903462068296","-2.04296122673118","0.0595763732860884","2.40651796380627","1.07172743453903","0.440107890875957","-3.73591080564084","-0.508985176730786","-1.07999829511993","-3.79342660841803","-3.10035903043647","-4.10088503912325","-3.16032038727981","3.13483970202889","1.54686568190734","-4.29443928200906","-2.99372466227273","6.92522857887133","0.00399303883683523","3.19602585137966","1.42442216201612","-1.20885813638692","-3.49786772666542","0.0695537796176376","1.02938765788644","5.09542791239286","3.29682428759089","-1.87907610649425","-0.627595527071681","3.44497860215613","-1.33841649514515","-0.75539993443793","-4.56707633706471","-3.65376537120544","-7.01115006398959","-2.14343758873373","1.18729924983446","5.04425563575371","1.13417688559408","-3.20641165058378","5.78803584192144","-2.97194967242164","3.67214203287334","1.04854080373821","3.34263470549768","1.46008911284006","-5.83610146952041","-1.04947517236218","4.35270980907464","-0.206361130191117","6.5216693213568","3.14767466888775","-1.25624150759391","-6.83748629731262","-4.39875411683768","-9.10296918304307","-4.07112863354487","-0.437344524803106","-5.19443697440197","2.39161610226621","0.188840887210553","-3.13282383759791","0.728414902475139","3.65231018609507","-6.64120133790503","-9.18899322754235","-0.858027703452417","3.52705318328586","-5.65509858258353","-1.23603452483544","5.41181326022464","-4.91346325669829","-2.32250807119656","1.35781830560545","-8.23391206252138","1.73192813513607","-0.366477530327696","-2.1958330281116","3.48143668604909","-5.10612821290194","2.90825017221655","2.79981308262878","0.765208055623412","-0.610519414333797","-7.44226026640372","4.59898202558558","0.276750898738054","0.727372730011083","-2.72331166438257","-1.67981984188889","6.19804559775029","-1.95348137210875","-9.62955125107661","0.773192965238482"
"Random_Index6_32_0657","-3.20755960745159","2.20478383527146","5.54599013470761","3.09454119213399","4.88344252888661","1.96320107701963","5.41091065719265","-12.9279468148454","-2.69995512258197","-0.459838453860009","-3.82331900676322","-1.28392098137252","-0.62269423745662","6.73622945621117","-1.44433408812624","3.00185586741196","6.27656280319639","-4.91740831230461","0.157793468365643","0.685838819941237","-4.04332528203451","6.7450517520002","-2.25493315105589","0.0229868704881482","2.36770774584615","1.11938718144342","0.387269270946522","-3.91358997702533","-0.545629082548123","-1.16549552459356","-3.82091701935391","-3.18386090200002","-4.02156067748245","-2.96844597400766","3.09638738654066","1.6834258487275","-4.10406307226984","-2.81618213961109","7.03560998385395","0.0034303812418845","3.3188847472127","1.25642296790322","-1.43163075650283","-3.6462101186372","0.128897110653655","1.18891506333974","4.94124568737416","3.24853330555939","-1.78350510992136","-0.61746504868523","3.46863403870932","-1.48005004135814","-0.805961955695015","-4.43852877623145","-3.56922026456254","-7.16703635625619","-2.02804141105134","1.09191492225251","5.14084980971882","1.21088356643811","-3.30044439175429","5.96558307209669","-3.10014147403518","3.62064828777988","0.997393000803548","3.35026497868956","1.46106151981562","-5.87007748401276","-1.10224905786502","4.36849874651182","-0.0601920959522832","6.474706277592","3.22709108444117","-1.10206242058108","-6.64125480808622","-4.52157315874689","-8.9902956559183","-4.13757700091893","-0.48838141956955","-5.16738675648578","2.43114618395812","0.10204156060725","-3.19190361088583","0.860985986797257","3.71307616112628","-6.69352414732037","-9.06743962267873","-0.860812887021019","3.71538461063169","-5.46153044558627","-1.12058719616612","5.40741799369717","-4.79152548275654","-2.42069332167425","1.28170207311985","-8.36925775654885","1.6409363038036","-0.470159358939668","-2.09670326834466","3.33363167483679","-5.00496004061293","2.86879386550527","2.8475285344138","0.65627602504883","-0.751211777901114","-7.57944747644041","4.73363412999455","0.0686695893272406","0.872702480498066","-2.89195497319323","-1.57432308200117","6.21839379737904","-2.18124158564398","-9.65192142139386","0.716362573260862"
"Random_Index6_32_0658","-3.10641968326673","2.32776760979831","5.77524334805061","3.34875065126444","4.946949093568","1.99014918258255","5.17082985226596","-12.9068814373755","-2.87705159947903","-0.436043916157146","-3.81169522128657","-1.31647345587907","-0.645160537266118","6.92931052574365","-1.44553733783152","3.02614130264907","6.06783563422531","-4.66559619960779","0.254044559967871","1.09757761949795","-4.16614030678822","6.84717890310941","-2.10015231092054","0.231974185718335","2.44988113220301","1.02544908247724","0.404616461856909","-3.84560417276254","-0.439135461253648","-1.13361694991217","-3.97523375092945","-3.20203805547583","-4.1065469049169","-2.81230873386083","3.02957872408409","1.60278979494122","-4.16392920420319","-3.04853389327689","6.88805319526216","-0.0201819648334279","3.40849096690729","1.27052390810605","-1.29435317333256","-3.59640007675105","0.267456758623574","1.07137203280615","5.1614501211554","3.32822894409522","-1.83372819401856","-0.511974162782226","3.77930211353712","-1.54586484508244","-0.868742791232281","-4.35307594591127","-3.49886954329873","-7.14154429729482","-2.13468052300361","1.03358608765238","5.23649833226396","1.27869759396148","-3.2776005934373","6.02952404152501","-2.93173057211522","3.83279327718121","0.954444040918093","3.15380281987958","1.62146396898381","-5.81873266461134","-1.07657664289737","4.54338745838538","-0.0015722507167207","6.52658745237478","3.26536597325345","-1.07940907301897","-6.63688370461271","-4.50503118732658","-8.99710906559086","-4.08385034671883","-0.594439268272828","-5.02123567942683","2.3415636671993","0.122773890482788","-3.0997299790323","0.951513462251623","3.66204268966025","-6.63926185955235","-9.10606077853869","-0.935594391840969","3.62383060513761","-5.45125611010844","-1.09267320979259","5.45444867372489","-4.7478615336141","-2.11882103659983","1.52533783697539","-8.32717268593304","1.841797977106","-0.49242622729727","-2.21075829072302","3.4245962953968","-5.18172764936437","2.81128362209489","2.87228469533377","0.716990340460803","-0.885995275977518","-7.55045841131718","4.70879398980783","0.148669153150629","1.0780716765658","-2.70513585232155","-1.36208186257501","6.29460470426565","-2.22694988458706","-9.68128642240208","0.669014306155927"
"Random_Index6_32_0659","-3.19505830961005","2.1709889245919","5.54455955553466","3.13515016095784","4.74977363673204","2.18545372117111","5.16768140283088","-12.9960457060437","-2.52781322093405","-0.437027424915076","-3.78384767753317","-1.2956064034655","-0.783959455926386","6.62662226344431","-1.58819740170724","2.77215419885998","6.22482098150589","-4.47809934783556","0.283560095415138","0.641646508631216","-4.24809851644482","6.73688439484702","-2.13083185959679","0.0637833156525573","2.31263968160714","1.09169514167809","0.260483382575425","-3.81381144725764","-0.581397117526371","-1.06376413951287","-3.65974361258239","-3.13723643157415","-4.10985810331799","-2.88210018565164","3.17081641355084","1.43654902458304","-3.97043398525871","-3.0380256016495","6.81243433925411","0.112916229807222","3.52214284680763","1.21025684620557","-1.31242820558043","-3.42013659282197","0.174748500684783","1.21392571503064","5.07154874538514","3.38941939181365","-1.69967342963426","-0.43980077981995","3.17559432355821","-1.55238040192242","-0.750773475927069","-4.54968026669434","-3.77391610819524","-7.07197373824896","-2.19318589593372","1.20287593939174","5.19671513863391","1.22318739765431","-2.89563790055642","5.88254805523738","-2.78207581290445","3.63479852142293","0.901078895956857","3.37005788273045","1.40856884625094","-5.77320834544204","-1.39141829441012","4.39133621381701","-0.321118000199143","6.41557585108631","3.45625362045838","-0.862550058562822","-6.4810436457988","-4.44211703646678","-8.91121849705131","-3.66335772941053","-0.232024480208169","-4.94740522473994","2.4065537372632","0.0516477495762006","-3.02418599762102","0.917267973003635","3.49994771970762","-6.500902680373","-9.22619995415742","-0.884440103238395","3.48961743969579","-5.50712245776945","-1.10476896715616","5.33950466107979","-4.77202411165219","-2.09824343734929","1.24205138455264","-8.23514519429004","1.60320365229343","-0.266872157942321","-2.41354406799461","3.36132123085524","-4.89011353892119","2.76793543418912","2.78814779734666","0.761542960772535","-0.647872024510666","-7.36467095970041","4.60785391824181","0.187536830674716","0.871953057833095","-2.97944982836318","-1.67981531804173","6.217601198576","-1.66792843720919","-9.44447943307435","0.698570697072467"
"Random_Index6_32_0660","-3.1805158899655","2.28698889796944","5.73932188526196","3.19023771743362","4.98493059509997","2.03182872939551","5.12380481067574","-12.7967627622139","-2.98846346673687","-0.412620840760125","-3.81219615649287","-1.26000685855965","-0.680132126701905","6.9909200531645","-1.46001938982493","3.18980383875065","6.12854938045263","-4.82921968972286","0.24178032958549","1.04153755028321","-4.14976170112427","6.88857876085736","-2.07157956997499","0.134210749721221","2.39318569019346","1.1423934869738","0.334584971511932","-3.77878833900863","-0.419997546472676","-1.09589242884369","-4.05395897262287","-3.21289420305754","-4.22193001631261","-2.88891543960177","3.09441088043034","1.53166942824513","-4.2907795836711","-3.11649143349754","6.88856343313592","-0.141970419198986","3.5212136422226","1.31688650567043","-1.24331212222009","-3.65852604431974","0.228541693156726","0.798028356846033","5.34028676222541","3.17673549991002","-2.0360374715963","-0.558403126840008","3.72901355091675","-1.42466239701817","-0.797196713664462","-4.45650950195652","-3.57859261636201","-7.08556060611533","-2.01082462037185","1.14351659626473","5.11159005912157","1.20409291657371","-3.2842997380609","5.97238918756001","-2.92670993019875","3.76759886286927","1.00383965576512","3.236617854595","1.37874392930477","-6.04993806880721","-0.999802650463203","4.492609080317","-0.118330502996626","6.37532629646548","3.2699978627751","-1.20244668905186","-6.77658846304661","-4.31567402156305","-8.90740931002336","-4.03904814677394","-0.534847483977659","-5.05873182197172","2.38272988360958","0.189640594191488","-3.07549507959359","0.800488018991925","3.77176567051572","-6.7981082459006","-9.27284875973651","-0.949922658479889","3.56632453847718","-5.59646574117602","-1.11584211979679","5.38627376747516","-4.95270871456865","-2.05555205915457","1.55068184331811","-8.51893271500164","1.63901171843406","-0.516805545923124","-2.55795794038565","3.52861056657883","-5.16894405539521","3.00229892174758","2.87663841632236","0.661812816491106","-0.730419483848399","-7.57727063195352","4.50064647086668","0.166623779319521","0.76235747560781","-2.93008863965322","-1.51877588116181","6.24604229421403","-1.94519340530233","-9.69941760942524","0.804642843312564"
"Random_Index6_32_0661","-3.10259573049685","2.32706797951785","5.73737574236427","3.31011345822764","4.83596302831062","1.89203201851263","5.05000881670519","-12.9394882408284","-2.81238259981898","-0.471504497982495","-3.83289028320212","-1.23030965225377","-0.845014033311763","6.96683103168283","-1.47327133023834","2.92712663197272","6.33681056612654","-4.55502176392775","0.297416164875753","0.773845694441413","-4.18140254813815","6.97197632195257","-2.14192374311254","0.10091887601947","2.41543222946974","1.01853077809136","0.321327026901437","-3.86731203875522","-0.51332033646239","-1.11313686173784","-3.89299754631537","-3.23082697323224","-4.14436713018233","-2.72963355923333","3.05355329731816","1.45842694664461","-4.12328906889491","-3.05442278180087","7.09821972717138","0.00185006966486084","3.35274824836439","1.22744153917191","-1.23706109925228","-3.58567273738457","0.1614571411409","0.986151600273335","5.19082295983826","3.38371621920965","-1.97953046375584","-0.466867777627449","3.52742039420081","-1.41176726989339","-0.838994553786501","-4.45903608056197","-3.5778032586317","-7.21721963035113","-2.20301151486913","1.10867951630845","5.22239420869781","1.18746819141704","-3.09828935359771","5.87640359897163","-2.86245969524395","3.84856668880767","0.917139756045932","3.35940970838531","1.37053110333023","-5.72257189553131","-1.24929297215969","4.51281849525544","-0.427524936153624","6.77064102235341","3.24098029267978","-1.18784822247643","-6.86562712857042","-4.37066828575851","-8.96835850160235","-3.89538951890013","-0.551017059010762","-4.95839920111895","2.53514121015062","-0.0043163884604711","-3.21922337068757","0.854248295813287","3.82214510450069","-6.68341788277455","-9.20556205464651","-0.80050926993392","3.63427292510408","-5.35623190222371","-1.1290253244844","5.31481286246525","-4.82268632868053","-2.26029548806535","1.3634756685328","-8.40278001267171","1.61345987680399","-0.399558422696727","-2.36572341592276","3.34586835013363","-5.1169455076836","2.95424031373011","3.01545053573227","0.557846263881747","-0.513732363060414","-7.30632345659835","4.84708993236837","0.0814727435651294","0.894457372343832","-2.76900586509476","-1.46961575662661","6.39888718272631","-1.96054180543268","-9.64956639494491","0.666435330106237"
"Random_Index6_32_0662","-3.07111666639693","1.92682664034905","5.45105780823213","2.94416754411985","4.91249935619867","2.15509772822172","5.1434042093951","-13.0428161690378","-2.77195641867247","-0.149351387423371","-3.66238608822409","-1.1384282603928","-0.363845669845877","6.89447139705485","-1.33219397603785","3.03259238482841","6.25556848960498","-4.66216129422456","0.431989262013221","0.803660635112042","-4.42211785958558","6.7673968534248","-1.81091723784136","-0.0299804794031531","2.18287797604124","1.32409604334519","0.393131979472955","-3.66295661229136","-0.554196367722082","-0.894743578377909","-3.73052041296942","-2.97261076748831","-3.90606016664142","-3.26773222853655","3.24004286085665","1.646112808941","-4.36487391658162","-3.12569577353752","6.90564037783234","0.298793724598252","3.20495283410127","1.63251077282093","-1.10891357600184","-3.42896341346021","-0.0394103184129681","1.19215740588288","5.00892264285765","3.22031863236188","-1.81928673793555","-0.722595965510312","3.48719111504636","-1.19392321384514","-0.484636187503878","-4.42453537342661","-3.55304293942882","-7.16632756225294","-2.20148093032287","1.27884959091043","4.92825774024571","1.21327639931982","-3.27317108127651","5.84405496743959","-2.88725672421034","3.6324561985898","1.28862639248599","3.380160975256","1.74103976710563","-5.82596775999423","-1.10891317383009","4.32219678100313","0.00374632442625963","6.52109287343192","3.02639239718856","-1.15303767515066","-6.72835534535881","-4.55927073716572","-9.008318531892","-4.04258014556615","-0.29794914268226","-5.31667413457309","2.32367131153903","0.468135268677594","-2.93367067650066","0.735028576888148","3.75011076439622","-6.71013458276275","-9.09115187501506","-0.629445809930528","3.38735636852112","-5.67099185484687","-1.25114666022484","5.5476856279987","-5.24058907659991","-2.4335991787291","1.46404865838979","-8.36432839517684","1.65873102833895","-0.218704108519179","-2.1879141796952","3.62043370306968","-4.92115953523605","2.91338250053599","2.72472381147336","0.920734702946276","-0.766045586516903","-7.67860390303152","4.6134307347225","0.36843163402706","0.743762740566311","-2.68935649188383","-1.82454394723462","6.24406451674914","-2.05985628016633","-9.62753307767837","1.07480295145109"
"Random_Index6_32_0663","-3.19060248315996","2.18149617876615","5.58010116282441","3.09889642551141","4.89957214045102","2.27694962032132","5.50551388878616","-13.021421458288","-2.53248689965244","-0.162676931585976","-3.60577516559649","-1.35326451843143","-0.380324759063942","6.7467556327715","-1.21168868526486","2.94147070317405","6.35055582921664","-4.61194209204476","0.381207616655811","0.586246714532223","-4.4534944639167","6.79624560014958","-1.93110773275954","-0.156990469589838","2.33037272911842","1.09997602054372","0.129356722876818","-3.78397252764228","-0.795035558397356","-0.869568842051635","-3.60679737232129","-3.00025519228385","-4.19962496676825","-2.99468439723965","3.31753026930624","1.7544989894803","-4.08897829867173","-3.05548148414644","6.86024700441367","0.110812248999509","3.33469739710501","1.56614143177215","-1.42168759276358","-3.49629266894227","0.0164775804406733","1.01469616177742","5.14508462369896","3.34702824248701","-1.71594081915764","-0.516955972334101","3.42947612960599","-1.32424115461463","-0.650086594413722","-4.61050954481943","-3.65174501997286","-6.93254660410474","-2.2875076730565","1.40902973124443","5.21539953803313","1.25102267123386","-3.05644614080731","5.96000296129868","-2.63651163884923","3.76985578720846","0.9770097251957","3.53024145473535","1.62354478270951","-5.72392480596091","-1.25374413808943","4.24388554134588","-0.260989555559808","6.55963842641873","3.24554226020611","-1.03440401807523","-6.62966752578977","-4.39799654144907","-9.05200010570622","-3.80070792176116","-0.1626509286015","-5.09635851209001","2.46079580425728","0.380643245492248","-2.89537864955406","0.672297964719118","3.63079559438869","-6.51433574416782","-9.26583853517184","-0.721290906990575","3.56838744323282","-5.73082855090016","-1.1356893312519","5.23576155825914","-4.98410255124056","-2.45436675868449","1.11436724591226","-8.57994807412393","1.49010064250998","-0.0920958510548702","-2.47565735357126","3.64304346537676","-4.77413741551831","3.09457135065377","2.86990270811457","0.905730739533908","-0.736030833796671","-7.58987451721856","4.77910812957501","0.485226904318754","0.867755824944957","-2.84443979302329","-1.62153620575255","6.35474038336068","-1.80018822765313","-9.62535729036042","0.993795384483203"
"Random_Index6_32_0664","-3.10746854255468","2.08924959880448","5.54838430270341","3.07158841429558","4.70346072253284","2.2662872209582","5.39372199635416","-12.7026305281542","-2.52793444310671","-0.225898197959186","-3.53317079403925","-0.896126045388858","-0.515200304949418","6.75654763362152","-1.41394319323601","2.90924079911646","6.11963142025588","-4.51334348130315","0.352386790710647","0.681917607365274","-4.15367727856601","6.60744319374274","-2.00728691973741","-0.105173673702756","2.42040654842088","1.20582583845223","0.264797117479169","-3.63399258202183","-0.806133778482696","-0.854735557287386","-3.56495877182369","-2.9199779955464","-3.86136157419754","-2.90626133701481","3.11634357286193","1.66592823999696","-4.09038330289528","-2.84898939835405","6.65932382332995","0.0355872352593368","3.2592603614228","1.40170367633595","-1.0107713015709","-3.23497396941395","0.0641825589545118","1.11954956348296","4.93242214264872","3.26518713390624","-1.5527263032989","-0.511871287619273","3.44101098600123","-1.03707683219081","-0.54466359790873","-4.53800307723107","-3.47669462790501","-6.81010814997626","-2.15748049213983","1.13659220259276","4.99340053918782","1.1757282959905","-2.89902669435349","5.87304773194662","-2.76698174881267","3.50163629585061","1.12879082504565","3.18184932401266","1.68571841517666","-5.55329292982112","-0.940863852978092","4.10128456604542","-0.202311991525769","6.23834676503207","3.25438955434594","-1.03075488578082","-6.57684212566438","-4.17035780638787","-8.89562120748226","-3.76697683866391","-0.0371418865353622","-4.96171473433885","2.2349269373699","0.142240732598681","-3.03327805868799","0.591498234633907","3.35554338519332","-6.48868996094305","-8.95260617702966","-0.66678791399205","3.49940528277466","-5.59394495058863","-1.19215147670888","5.26941622056179","-4.86767115069857","-2.46129808795504","1.12993267290669","-8.26253017294243","1.64317207087371","-0.262227880978254","-2.16194671919907","3.3494390611043","-4.93031081132651","2.70647836182503","2.75549344555576","0.854857032865177","-0.464088782690454","-7.41020113314712","4.57324683090821","0.218883763065739","0.972360600601318","-2.47967803639265","-1.70913600986665","6.15614836037551","-1.7290120839964","-9.42208551476516","0.748638759136321"
"Random_Index6_32_0665","-3.44143627558356","2.22321829305339","5.61159605385059","3.23863212581278","4.72740688175972","2.07616050247167","5.14049028608113","-13.125009597747","-2.91721033478974","-0.359411852555576","-3.83380513756653","-1.29282174158807","-0.642620995061296","6.97029673292929","-1.5563316526953","2.91466515827915","6.32450186999444","-4.6945060492595","0.240576841786597","0.732890339610618","-4.40025725310744","6.85702908384283","-2.07313949106296","-0.0462214595548726","2.25286891828868","1.02765330763899","0.517367546475371","-3.80219381213271","-0.540391836980536","-1.01111011041309","-3.84672557731093","-3.28724361957311","-3.93915290533376","-3.00395383991522","3.08575238775208","1.65743484476554","-4.09680792236244","-2.99335129888761","7.11864761022089","0.104920659716322","3.44150439453102","1.30601322583922","-1.30121770973405","-3.56304277534172","0.225843617154111","1.14072292847302","4.97686653775575","3.47389715841902","-2.07749355020973","-0.56034510028848","3.46300509333641","-1.4299689753538","-0.843737588458892","-4.51168998497072","-3.8742257168667","-7.27639549847883","-2.37146692108671","1.07516640782485","5.11423721913633","1.19455858635446","-3.26285817065041","5.91956860623059","-2.94782750833046","3.7627072626975","0.929081215329174","3.45848073277024","1.48376038115338","-5.86602662102407","-1.00272015583961","4.48142580242576","-0.304198926826227","6.66050292849947","3.3769002003277","-0.94177662476987","-6.86866074811273","-4.66997075282105","-8.93082169171837","-4.02714322629858","-0.458631848988674","-5.16297114258279","2.51557693737879","0.256353109224668","-3.11240020980775","0.952066298385287","3.81021295837517","-6.59028678172444","-9.51467211518808","-0.932642573059852","3.5048979352083","-5.5795125479888","-1.00639805264488","5.37980521620095","-4.86824472913735","-2.01003108782802","1.34591294436557","-8.40484121537997","1.61316344816357","-0.439749129119384","-2.35122939086696","3.38925108214457","-5.09285668316851","2.95606763874487","2.96646410877378","0.763273106211073","-0.783788857579536","-7.80125605657907","4.73108621283244","0.188375453333208","0.72826652369139","-2.75569251037325","-1.5544434811507","6.39134764143518","-2.02850085114853","-9.69659384067034","0.804376267799001"
"Random_Index6_32_0666","-3.27401259375003","2.24607455568494","5.56338283385703","3.18489116826963","4.92053069688061","2.13926971569008","5.14635683974892","-12.9249572266571","-2.97290826197795","-0.256264041847614","-3.85247863542979","-1.285596342195","-0.727799667446673","6.9308714076749","-1.47302691820658","3.06751828595527","6.32551020341205","-4.69655502605547","0.177676862011683","0.829318012959799","-4.3628027784391","6.84661404351223","-2.09731150002163","-0.0120237566093886","2.41924172196223","1.06343796521862","0.161680131027858","-3.91747113603065","-0.69506228768455","-1.1601016947618","-3.99004309304878","-3.20137192934511","-4.1229575626439","-2.95780219709109","3.05747808749494","1.6506905443725","-4.1223884066638","-3.18246811316579","6.87917541188555","0.160697912602253","3.45120681124391","1.3099230132021","-1.29023097554045","-3.6094598529288","0.146999390347325","1.04752799485103","5.16506010675474","3.27909530494818","-1.74887202105448","-0.448872150916723","3.43057372026262","-1.39782844008694","-0.876384673759083","-4.57634445466609","-3.73088282085288","-7.24737938393881","-2.15652776616181","1.059574309335","5.08732598680903","0.987788406891576","-3.10552986571429","5.834195680619","-2.72593886034785","3.73801013299526","1.00204922296074","3.34734855498847","1.4691027595419","-5.97087295740284","-0.979268897538639","4.43680597869372","-0.305741085189872","6.73066655713409","3.30750191964018","-0.912361933105627","-6.84136733392106","-4.58055172332612","-8.86787942777556","-3.96758604775142","-0.327270533497453","-5.2729165060668","2.61931853745861","0.0983861565016508","-2.97078099062052","0.961969206165904","3.70297778762446","-6.66930648226122","-9.21044545183013","-0.775547880111052","3.57002412165604","-5.62761450503794","-0.941744258130952","5.27155878771942","-4.89374678252576","-2.2646843952917","1.29515593036588","-8.49701305523131","1.67347260051409","-0.483124506819371","-2.45223107486693","3.39400526731762","-5.00146579866046","2.93336396844978","2.96560026537389","0.817879128160538","-0.669732847489877","-7.71309154526662","4.72119961860455","0.301989019420457","0.849291936074097","-2.87352760680084","-1.55074149264274","6.24312177783546","-1.88843691561949","-9.35690569788761","0.945052395606377"
"Random_Index6_32_0667","-3.22617988515752","2.33551824860097","5.77668757100839","3.45794976992018","5.06559436064358","1.86151404739924","5.08392234225607","-12.9754907453441","-3.04448146215394","-0.490516948584586","-3.93628537434209","-1.26749276004675","-0.72384657864365","7.14212072318664","-1.50165793990975","3.1125121978673","6.59957829980559","-4.83199422337692","0.155005453959785","1.01261532136341","-4.34629397739315","7.06058871097806","-2.20110261082129","0.189826610907542","2.4998003469109","1.07794889603192","0.439059937831582","-3.79619957004999","-0.283132073473296","-1.17459983737902","-4.04423207989603","-3.12206177762266","-4.18470957828955","-2.99571811237231","3.22629806879383","1.61631186463183","-4.08540611359363","-3.07028419415072","7.28338307610176","-0.00993849044888467","3.45848212662316","1.2986818190124","-1.3293192443401","-3.74487355064971","0.289329653571954","1.12887403729386","5.42005544740075","3.57389190767329","-2.11303201525587","-0.380005345204369","3.6663454218434","-1.47425447005721","-0.881386955343125","-4.35295303793161","-3.62853244666807","-7.40010429276461","-2.04968407135643","1.20398154147671","5.41039273075721","1.32802955201916","-3.24457185069011","6.04979462021575","-2.98632154847402","4.0161294279011","0.966805450495173","3.59666887753842","1.55105161707889","-6.03147431311964","-1.08983189965318","4.78890907217809","-0.147771244747646","6.8530739595803","3.39547645208803","-0.991545901339108","-6.84632126686524","-4.73287792919918","-8.83110617032388","-4.15237106790571","-0.573662738392205","-5.19264745012089","2.69884756923726","0.211697430948748","-3.07866007686812","1.03605043757512","3.89872818817645","-6.9246223597099","-9.28656436942329","-0.872984213616574","3.6897985318268","-5.51310020733195","-0.983768663579188","5.44764087343358","-4.69285214423684","-1.99302227505177","1.62427032531657","-8.48175389106437","1.80946756737955","-0.544254662355243","-2.22400136726605","3.64141607942238","-5.15297184226591","3.20070169329462","2.97146239036464","0.647598882061676","-0.807713014679951","-7.54285876981433","4.81386098285973","0.234341156419044","0.727700085102596","-3.01665178506228","-1.4733069828228","6.47812363589318","-2.06242571446689","-9.72989655059851","0.854776354879856"
"Random_Index6_32_0668","-3.10341964824566","2.09340304134273","5.48869381348278","3.20106464686096","4.72037938032617","2.04635318457756","5.28480735651919","-12.8660185892212","-2.70795631392805","-0.34036282553989","-3.81961928850012","-1.23892939206481","-0.627363800184985","6.77420103457268","-1.55953639418921","2.96273926169933","6.40836415548464","-4.42287350240652","0.058078898742732","0.748333597351182","-4.34620955232346","6.87724803634533","-2.18368903002101","-0.0445067363019147","2.4656679132962","1.13173459773142","0.388170116255443","-3.84877400243073","-0.747318889951926","-0.9893823628116","-3.80691079644488","-3.12458470278493","-4.07406901954292","-2.89551086599455","3.07109994972913","1.57490453922569","-4.05323056739578","-3.04066012994213","7.0040579568484","-0.0137913965653069","3.29073702547154","1.2853415140181","-1.14287085660306","-3.53543605944911","0.100802408471577","1.10298999924607","4.99719254893577","3.41304491025732","-1.94611517691516","-0.374009921045836","3.44693362667229","-1.39814633952384","-0.800122630275515","-4.52209653423238","-3.6579498666255","-7.06198971406082","-2.04810977426319","1.23530735043824","5.05028624984721","1.12410821269156","-3.00144600555725","5.88768294132986","-2.78710160416504","3.5978149124169","0.996306821106888","3.3822801990835","1.45404985862662","-5.76939672962311","-1.03214365077835","4.29808859540548","-0.375067812804957","6.62111473793661","3.13053339349135","-1.05163597930046","-6.73414434965491","-4.54632518886534","-8.99400550270657","-3.87971160273754","-0.479863498420605","-5.06976960279464","2.49862118333191","-0.066210085483879","-3.0700460590649","0.835359886701801","3.7110342862878","-6.69031771998493","-9.17324307330959","-0.761559905980953","3.59633489499882","-5.58380895664345","-0.989063485294146","5.23799019996103","-4.901887979957","-2.27074140924505","1.2884429773071","-8.42974720921649","1.53809586717911","-0.361634624991026","-2.39127819906294","3.3792655458273","-4.9762218326197","2.81000314006662","2.89162790342848","0.659787099876899","-0.6415503420736","-7.43710911867684","4.77975489569018","0.153635193420542","0.878577565860957","-2.56003107583752","-1.59178859118911","6.35518501291744","-1.9565903240525","-9.43416842004349","0.849136271927632"
"Random_Index6_32_0669","-3.13042967495569","2.11933044475223","5.60833689160663","3.01253005229915","5.00921789325241","1.92040970307159","5.12163886270414","-12.8585442658405","-2.79584091065953","-0.419074604491976","-3.81319371424034","-1.20526907317425","-0.611101435154678","6.97984548641211","-1.43746004921727","3.17971621692932","6.22933634967744","-4.82475906083311","0.134431717381452","0.916113134939125","-4.14971252192259","6.78357494001327","-2.09966905996489","0.166421958868085","2.37644098445831","1.25211100776917","0.581387093833518","-3.88713298232125","-0.39201962919978","-1.06263618298658","-3.97006533411007","-3.0698425794854","-3.84899454872324","-2.97245741935538","3.07897993564329","1.7752636001638","-4.31023289126805","-3.07534128714","6.82981122291316","-0.0899789001988184","3.36891506087827","1.29332620656115","-1.33985385848701","-3.71874604857486","0.201639404820031","1.00304711689951","5.11964042127654","3.29616988724363","-1.92702485478385","-0.591834466919882","3.61541300398897","-1.34851492528848","-0.659937542283024","-4.46599139845007","-3.36924464061027","-7.00471073514825","-1.85072109448522","1.07066320840894","5.0003022962207","1.38167951715175","-3.30966642916874","5.98196044159272","-2.95420705956252","3.71669259078945","1.11442036738484","3.27338799426148","1.63812049500684","-5.75996279975668","-1.23295851328759","4.37206949841956","0.0342415403965563","6.4727339236823","3.28427608328696","-1.0517202774095","-6.99619694299552","-4.47289809068914","-8.96239127943301","-3.9145110295973","-0.414215273294824","-5.1638090521089","2.38253045697871","0.206334823041134","-3.10546608938284","0.812693238622126","3.65720516850311","-6.71943955456761","-9.0807918381232","-0.800611180641128","3.55008638045963","-5.57403619513001","-1.13014548748458","5.51430061313987","-4.97858985190866","-2.23255668016901","1.46945216928218","-8.51258261886074","1.8815004775809","-0.464038404198402","-2.04045576936127","3.40234124241621","-5.18751677648487","2.78034796252521","2.81719909653317","0.613780123103447","-0.77365088607592","-7.55903784749858","4.63764024297552","0.200752725733317","0.870990602555351","-2.61000478110182","-1.65425083821753","6.17876302196895","-1.94491404503455","-9.71930543468863","0.736581728482474"
"Random_Index6_32_0670","-3.12048949101978","2.33165493324235","5.70670977101038","3.16442940158434","5.05567311766914","1.90331068255978","5.07694407855059","-12.7466139333638","-2.9373206678667","-0.527543534462695","-3.8582290431816","-1.31769661179922","-0.789088359104171","7.0170286528602","-1.5168080740765","3.07980312039502","6.37847284786742","-4.88604992188407","0.0969675218025285","0.865282518100779","-4.2707111065921","6.90082203813664","-2.03362538712378","0.176700769066789","2.42145002564816","0.996375210859582","0.559161831838156","-3.81006265585909","-0.355725883713514","-1.15685686422004","-4.04499522447285","-3.16664095652068","-3.89625907246953","-2.962024151488","3.0839334006083","1.53128171489408","-4.18391968693346","-2.97376288327512","7.0602914917301","-0.146905593523159","3.36877225250363","1.34894336180598","-1.18724349146361","-3.68873521147747","0.213027841960719","1.22367840103777","5.26616487358561","3.42151725939446","-1.78783312267676","-0.589694796407558","3.60663926990453","-1.46854892503242","-0.74146941832796","-4.44728217975875","-3.44737741680003","-7.25212563229689","-1.80534874948594","1.17812803363898","5.15912595068182","1.33725065042879","-3.42885261791708","5.9797328497096","-3.0021175633414","3.81562837565847","1.05606704996785","3.35654402418192","1.51018945223551","-5.87321084083325","-1.1935281988375","4.56048311815108","-0.0336061133577443","6.75354624005909","3.45469162622339","-1.12028438861501","-6.88971353048942","-4.70039008523056","-8.95812270160048","-4.03194033179289","-0.572261740119696","-5.15131279121157","2.49041163603395","0.0945449468249116","-3.22038577153975","0.955592889944249","3.73019090719149","-6.86955527796135","-9.19237881331789","-0.849139628961052","3.67898831649029","-5.48439196603075","-1.09731545848162","5.43041704460317","-4.71214308407494","-2.29453212535903","1.58679665998386","-8.43621218162421","1.85967621046017","-0.641467831468172","-2.09275981872013","3.4928965276515","-5.18128429262013","2.85908054169753","2.88479230756225","0.629612606430579","-0.812358194189087","-7.57716563277177","4.72158887037708","0.070414558996047","0.856466392132857","-2.89335949439491","-1.42101731043796","6.29697407162831","-2.06763032239884","-9.67872871126086","0.623588940242837"
"Random_Index6_32_0671","-3.01064398659043","2.19254410222009","5.54897400908316","3.20123304337356","4.74387031722315","2.04311827981078","5.37504642416074","-12.7983166139328","-2.70241147824139","-0.318834563719627","-3.70636095310558","-1.23759256211614","-0.599413464281783","6.79654450893239","-1.44072311517329","3.00731979399102","6.17564237375838","-4.58440946429651","0.133772743133818","0.863494619687151","-4.3757862970164","6.79516191893997","-2.13724537745285","0.00823722955487907","2.28112595716292","1.07908500301734","0.155238265060422","-3.81554783736259","-0.810162247708185","-1.02146036877117","-3.79917029356158","-3.14806338983096","-4.09329383474683","-3.01502922203774","3.0247335731358","1.63764794177327","-4.17703126797854","-2.94621486973368","6.96856943643466","0.122664503149608","3.3870949747654","1.30219620169456","-1.19061346779215","-3.54150956198149","0.0706146747600345","0.826641141854024","4.99885845464778","3.27142906151417","-1.84044142215946","-0.586515684530305","3.44432503572723","-1.28348115573466","-0.733461713683912","-4.57178603073795","-3.57982765997932","-7.16154191988024","-2.3885735565033","1.0344437415714","5.22126914432758","1.14962371103334","-3.0222327921106","5.8622206218507","-2.82897261100628","3.61518451109384","1.10858495179609","3.26474328075855","1.68001362700212","-5.70802606458358","-1.21293750121189","4.3539139402923","-0.151047220481806","6.52599411390949","3.14500598790891","-0.879260756105361","-6.71348984673115","-4.42243512781598","-8.81973876055431","-3.9815161451699","-0.353341702326475","-5.05458354578314","2.50081535402723","0.0343755160729501","-3.0993684727839","0.80521083074376","3.81759668305406","-6.5501990150184","-9.18272634249618","-0.728926936831518","3.5222536437099","-5.62699464224508","-0.97566869364453","5.20318319084797","-4.84119875076205","-2.42816367976621","1.34235152748532","-8.50205234270159","1.58126133770386","-0.311713085763623","-2.40855892895065","3.34036659742525","-4.88090827161923","2.90755185710944","2.9576805820091","0.853793809804036","-0.702869250224686","-7.60778923326485","4.77016122031657","0.173283817269149","0.883649510247331","-2.77764420538984","-1.59848132616575","6.28472885453717","-1.92894139704092","-9.5887715704786","0.853592670966991"
"Random_Index6_32_0672","-3.12453430630947","2.23579336673459","5.66389051106769","3.25617649520885","4.88020721398294","1.97811740884196","5.13059992709778","-12.8154774588967","-3.01058826990352","-0.396315434790493","-3.75981819727805","-1.23325841711673","-0.645572219742156","6.90743742338782","-1.47338380566008","3.03783494952937","6.20625590009327","-4.78550606059674","0.193053873415751","0.88921963254415","-4.3873274976021","6.96581946632053","-2.04077386152151","0.252083355878157","2.28261290815103","1.13952982275805","0.529217720688932","-3.78747150818509","-0.57724583196972","-1.07557245448455","-3.89425507385722","-3.11481717159218","-3.94180089975005","-3.1030196976054","3.0288160838289","1.69294305752848","-4.35357876884323","-3.03238510694241","7.05293335002372","-0.0155710434834964","3.40905009359024","1.37087309381037","-1.26671213114075","-3.61093150390895","0.21867098465011","1.05551196022675","4.98540666856819","3.36425970364945","-1.83625476153153","-0.545957678298187","3.59355067756729","-1.32076452463318","-0.736755232537769","-4.45434238411725","-3.63387810191459","-7.27062188298797","-2.05785244162149","1.03320476277538","5.06983832307356","1.05781518132295","-3.17521478458635","5.84576013057531","-2.99582037197474","3.7322137225172","1.12727389191816","3.24625736079125","1.44844106436615","-5.94377581320644","-1.1433223115418","4.46415632605913","-0.150576397607846","6.56902749628925","3.21800153888542","-0.870145178017763","-6.89218552122917","-4.67146334945003","-8.84587594630081","-4.06428733750922","-0.446575939934005","-5.19162413075437","2.44480422421028","0.155013799819078","-3.09249106203881","0.971810451910189","3.77224154768479","-6.73176210640032","-9.10356282896715","-0.772076560360137","3.58083135437804","-5.5394067133313","-1.10024613523832","5.39369387599806","-4.97808980945966","-2.10441285465444","1.44767359634151","-8.56472760567962","1.65307735572962","-0.467268831229657","-2.23902214340938","3.41077951936129","-5.17146102311664","2.80227945889174","2.9482608071822","0.763563213566855","-0.74583145137371","-7.56767701382056","4.74246772341844","0.248887459582027","0.756003777311513","-2.72154600632224","-1.68817557519946","6.21314384396505","-2.15829537074829","-9.51177976193958","0.889836701216847"
"Random_Index6_32_0673","-3.093570276892","2.21968038452788","5.70724520649362","3.4405062532823","5.0314059423204","1.87753964500632","5.21339753085303","-12.7289880020696","-3.02216464669683","-0.313834362447112","-3.87639816216865","-1.20133631103535","-0.767500234341094","7.0105588761639","-1.52332213879451","3.14590455998388","6.30445572148181","-4.65006051850698","0.0810618701341839","0.933880718243024","-4.24311576174409","6.98395250725311","-2.19957178098218","0.144210419855436","2.53472495848519","1.18132544388849","0.542855412634241","-3.96608554645996","-0.490272282146113","-1.07955144085233","-4.12279314809011","-3.34499306303559","-4.01982129527863","-2.96874348149419","3.00630944725988","1.62179776381062","-4.28246142476837","-3.08655950288238","7.06829546376129","0.085954622691968","3.39217820301987","1.12577896931327","-1.38400401779982","-3.6235830218725","0.280244571405623","0.882664587455305","5.28457322062701","3.48261572170966","-2.13276507958894","-0.42353391913896","3.69198918543925","-1.57363940433207","-0.911842255404259","-4.5238633544772","-3.69714392440583","-7.1422743987949","-2.16958202761556","1.01331182552145","5.38904200157716","1.26574587872224","-3.30802275400572","6.08796065460258","-2.86114257659001","3.93481078614395","1.008690337674","3.29922626353359","1.55601122998818","-5.66620197432081","-1.00272097302266","4.5674545242854","-0.152722856988042","6.76717952678182","3.28865081433957","-1.13501848216908","-6.66724125708593","-4.5721220786257","-8.87817776394733","-4.02296072030857","-0.553082716470629","-4.97999661689327","2.62049067864976","0.0329210678287008","-3.03447442358758","0.881310026351889","3.95768614749279","-6.69208764423515","-9.11644981694225","-0.840137101454096","3.52105169525997","-5.55959545024584","-0.831641178000837","5.32809812202356","-4.90790305523835","-2.15696722450641","1.54903858184129","-8.1753290068819","1.90581231311121","-0.527754275541565","-2.12894793178377","3.38330657586462","-5.27916719130665","2.84103660820141","3.08963918969265","0.569141508642195","-0.782419941806508","-7.47780415890252","4.89935255839167","0.122943642007761","1.018940310639","-2.66111150073875","-1.61852777606044","6.50695168073161","-2.04691897045149","-9.54579102992904","0.84021945226695"
"Random_Index6_32_0674","-3.09389465374731","2.17428473918622","5.6579090679957","3.14209150979287","4.86951400800256","1.76400947307722","4.98315370396719","-12.7408299490658","-2.83930000152043","-0.483791134163895","-3.92481945074582","-1.18249892088048","-0.744205578820782","6.86463551357124","-1.53171806674603","3.07323137748362","6.22622332114886","-4.6819789089267","0.0880250275181128","0.983199975048317","-4.09273295285466","6.80222606773782","-2.2570242995126","0.167112497429763","2.30369956848123","1.25491948586286","0.399622288512467","-4.00699153906528","-0.402991237832742","-1.20833937367909","-4.0949394920462","-3.08397831180124","-3.95869517855625","-2.84063893527495","2.85479850068978","1.61392968550398","-4.18430580174041","-3.1852943698731","6.90330778777723","-0.243570504578561","3.44304273076646","1.21268904843974","-1.32891392590749","-3.76274612705049","0.0769589758672698","0.885737830435619","5.10710708618938","3.27230238694386","-1.92105383171564","-0.624075759300185","3.59934511428544","-1.41429474296484","-0.796829222377211","-4.56716952788411","-3.30441988719126","-7.16880923200891","-2.02206705109171","0.982641987700718","5.0738240157093","1.31863965086351","-3.29513347055096","5.78747778795087","-3.08577625645451","3.6818887548932","0.930977648456073","3.25446064958092","1.44938549340379","-5.64945738646412","-1.18492250817422","4.44704240903561","-0.135444026368796","6.51546665056714","3.04744062639978","-1.09407924494271","-6.85447013368985","-4.39198785068772","-8.94204259135553","-3.95210430397862","-0.510215160735364","-5.12947728206299","2.30431943628962","-0.156290303615942","-3.4106261526318","0.715024368476957","3.60493140658199","-6.71835603220973","-9.09629821639157","-0.946376407414207","3.43130777347312","-5.48348355875275","-1.22371990413846","5.3442895548268","-4.80853300273612","-2.27611866374978","1.4357348703215","-8.15794165707563","1.75204951934859","-0.466064720419599","-2.17976042631585","3.31057041483819","-5.37466528927174","2.81360372597424","2.79333072027488","0.590827898080841","-0.672274133412525","-7.31469525406046","4.50832579693262","-0.00169528648524069","0.822416447602038","-2.74664965419664","-1.52622059968205","6.07591182357985","-1.86189625061563","-9.68782457637373","0.489791614079153"
"Random_Index6_32_0675","-3.01141965832009","1.95707948761093","5.50643017640678","3.05532829577342","4.63772866270961","2.0248404839146","5.063427090837","-12.6680973270128","-2.74104370520661","-0.114716361615235","-3.68196098451781","-1.08340651792803","-0.47242492139405","6.81688556259482","-1.38686039081961","2.97302897224096","6.39014131325528","-4.48561513799904","0.429568306804768","0.74396919982738","-4.27520790346482","6.65383026752932","-1.93569469304062","0.086633037444881","2.2301211304369","1.2449751280192","0.567506011855967","-3.79258386231049","-0.591828168152691","-0.981589934405916","-3.69420847895741","-2.99231854805082","-3.90806876679568","-3.01504579215663","3.11344565784991","1.60855694189314","-4.22718661241238","-3.07822789761486","6.78691362760553","0.0505968695454673","3.18955078252239","1.36788256086172","-1.26803112247959","-3.66461781309347","-0.0951983155927638","0.875131491175634","5.07954272287832","3.28898764784027","-1.8444922087573","-0.549533530794579","3.40676147626529","-1.33006645781767","-0.55645771492431","-4.44851295364244","-3.49092908490859","-7.06438562904999","-2.02069734396713","1.1270632987873","5.06127163316417","1.16462273695345","-3.03352524839304","5.68431402078192","-2.79754346989322","3.48409357833103","1.08115919766483","3.44811390540404","1.84536613614221","-5.74740295657239","-1.25253955483873","4.21466724020259","-0.179243885562605","6.50956647604799","3.07993219479491","-1.08582419384861","-6.7408962291442","-4.44018363778239","-8.94827102590704","-3.99114325644342","-0.315135036969975","-5.13282561296076","2.41526587424282","0.22545054667442","-2.98208897433363","0.867160007837373","3.73348445384087","-6.59368002711991","-9.00298554453556","-0.683086147856599","3.45491998725777","-5.4965617314684","-1.28373481867052","5.27601277076824","-4.90633578830312","-2.33060493271907","1.31017892286423","-8.52226974221612","1.57336159238515","-0.16628993422452","-2.15366957017258","3.41039476679427","-5.02107805242031","3.06779420166386","2.7967314674791","0.682460059083211","-0.606681301246985","-7.39599403169608","4.5983408120368","0.251465604698798","0.704723875428287","-2.70154908438864","-1.5690988237596","6.16611468131815","-1.86186279605311","-9.56668396151696","0.894313318009067"
"Random_Index6_32_0676","-3.13229956988388","2.2177039239478","5.63787601397883","3.14866676962828","4.77955505406613","1.86787177148954","5.04016181288669","-12.8603272990535","-2.91931863666224","-0.420123488061678","-3.77330467350073","-1.21915143437967","-0.711073501226283","6.82254187748192","-1.51264536646142","3.10112211722378","6.30428528190471","-4.6739945598106","0.162924997849893","0.789044701970941","-4.22488433708826","6.88358727115212","-2.2166364815102","-0.0120154700568299","2.23048540760374","1.08017502542013","0.426216785049758","-3.81341103196857","-0.493821499497832","-1.0606783742867","-3.87233162305298","-3.06684732080064","-4.01979891848578","-2.91666716922359","3.23687892980064","1.58289498883495","-4.20625427390657","-3.02351819214738","6.87764168273435","0.0874401177700954","3.32261181496492","1.26888989800659","-0.959607204964097","-3.52474989435257","0.363998602532896","1.00903671807245","4.99336295517162","3.39569393407706","-1.87117481981168","-0.602944384061001","3.38618725878565","-1.41724199516181","-0.831820006560989","-4.42532482410426","-3.49596558435667","-7.29416116755711","-2.01288423238994","1.20319711919427","5.05880401756481","0.9258144363973","-3.14159603985643","5.81041700012881","-2.86861483488694","3.62004745282904","0.947027322936956","3.27992353186049","1.43437044925283","-5.80834771014961","-0.872289023800693","4.43756768853051","-0.102618956418814","6.53059023656933","3.25189598926208","-1.1935753570635","-6.71166983319562","-4.45666212925464","-8.87006560080355","-3.9658898706124","-0.400400268720111","-5.18775268286451","2.45853097147471","-0.042001586614675","-3.17988730116331","0.854812351945002","3.55473642245727","-6.59488648989357","-9.08231284531463","-0.766478904140656","3.50825776351967","-5.42053554916304","-1.11107366130868","5.15018129073066","-4.82180830070396","-2.20422418166879","1.39603661239156","-8.32503268669523","1.63404204613408","-0.468516501010393","-2.31582995026693","3.55208253754771","-5.12902978998972","2.93726528747962","2.87687474607697","0.613320934982871","-0.665816785302655","-7.53179657164593","4.67708847852809","0.0818122899398523","0.775087517611207","-2.85272499192398","-1.58448772398284","6.24699162869919","-1.98829919963871","-9.53504117495279","0.609553604431802"
"Random_Index6_32_0677","-2.79303017708261","2.43753413899712","5.76008871779028","3.17119428260125","5.08840833226213","2.02977096043561","5.23419835576724","-12.6956454166707","-2.86567391351286","-0.336872732149942","-3.70815218381972","-1.03957370189679","-0.523813227220347","7.22275127887382","-1.25032834635903","3.15220067318524","6.04386491719069","-5.03064423407396","0.279861651399063","0.934077156343464","-4.29920193116906","6.97605597383867","-1.97629389348919","0.122297582203415","2.28300204701491","1.08031991725919","0.479423477769449","-3.79685402256278","-0.288684656552934","-0.945134334553836","-4.20401412673287","-3.11999083875131","-3.85047949801104","-2.9096379980491","2.85447113503241","1.806066638314","-4.44890580988943","-3.18247602139031","7.02704769346458","-0.050364363387882","3.39490562562693","1.53437874372111","-1.45497088483977","-3.54159739767171","0.180528561589474","0.695174317416591","5.34387687761904","3.26754832983425","-1.80141928901753","-0.765613817145729","3.88873643426072","-1.23631708748574","-0.701228687009739","-4.43050135336083","-3.49807551551116","-7.0152406839661","-1.9242924171804","0.777619084545118","5.30176635301172","1.17364139536539","-3.44339476698689","5.99352497021175","-3.13470740853574","3.83112755137986","1.05348265402261","3.04416688394703","1.68618818763576","-5.88350778411438","-1.26077983904046","4.48473054034529","0.155571249115244","6.53651664633766","3.45738814604104","-1.19721508508653","-6.73166564259374","-4.52219830180701","-8.90969998860781","-3.91809347785579","-0.414071510425695","-5.14643910888319","2.3480177017559","0.307722770899573","-3.25204451546531","0.878565422030865","3.79245979122645","-6.73249117323096","-8.94089295783272","-0.779716648062752","3.57977089434795","-5.75718282637664","-1.18735227045275","5.52923615736558","-4.88704918965091","-2.19499432258633","1.66925153054494","-8.40730156974052","1.94518331014325","-0.445104504518697","-2.0544834151455","3.2902453213237","-5.24691720465832","2.71437259360345","2.91775109476347","0.662445217619109","-0.834261667400423","-7.51942812779055","4.60471643111608","0.313264001546737","0.831634826046171","-2.61007737273856","-1.56950037511371","6.24591886861822","-1.88352642270826","-9.79010710512736","0.793678508962578"
"Random_Index6_32_0678","-3.05057116789061","2.05291531821726","5.21679098292208","2.98091034033779","4.76813397883796","2.11296582510851","5.17425425229319","-12.776026917394","-2.68048146935442","-0.173248720967739","-3.6758894407818","-1.12960921502879","-0.437439942800128","6.73044229831377","-1.41754235992161","2.99288262635619","6.12824504472846","-4.52988976502625","0.33524455234965","0.854151674848315","-4.40395434700836","6.61689347102264","-1.98506647434945","-0.0468411880727368","2.09777791671428","1.34751809582414","0.404279571013065","-3.69451295301658","-0.654734864040399","-0.957043284207723","-3.75586534405435","-2.9107972996321","-3.99572975579194","-2.99991569577117","2.94132422228445","1.7996140919376","-4.24022994077741","-3.20863366494096","6.84406350621425","0.225427642377611","3.15526990177472","1.49957746588808","-1.22803094647865","-3.46167627228732","-0.0463362401756061","1.04570085437232","4.84509614655595","3.18967912106213","-1.66501518603488","-0.750440907870011","3.3144963892768","-1.21259342081048","-0.605201615871429","-4.33378759381756","-3.55656210927901","-7.08513793762602","-2.09846358904592","0.958483312377218","4.87724187254287","1.18128861623235","-2.95656724618636","5.66711500196571","-2.8871776966484","3.4639813569955","1.26564561642807","3.17467527267841","1.73164536431854","-5.62835407645862","-1.11825113623275","4.13348539789247","-0.0152862753794982","6.40974052943803","3.00461106604325","-0.998504902518826","-6.73272267115164","-4.40694697914448","-8.81401116921675","-4.14646520856655","-0.303847430469098","-5.28947527118413","2.11779089310753","0.220825931585338","-3.04742382451818","0.694168586661679","3.52570191073575","-6.75201414459558","-9.01547135023358","-0.657155466207552","3.46479910739957","-5.4664700119883","-1.34854021551793","5.3567995748182","-5.07578077650227","-2.37081610129265","1.37634047199698","-8.29815399330688","1.48885150231679","-0.223695946488481","-2.21363440421651","3.33322752989872","-4.82684254743384","2.76631543598742","2.67612755623209","0.873522746435346","-0.437712724988288","-7.75639480242325","4.49750687562133","0.280896419770033","0.67525523580223","-2.55556933279528","-1.77288290111631","5.96072186080689","-1.98140537030023","-9.39042677182277","0.876315111338869"
"Random_Index6_32_0679","-3.13896711366972","1.99278012450486","5.34168012401033","3.10574429045433","4.77635263086052","2.04307213554821","5.19980850888833","-12.7339403706966","-2.73751244646443","-0.419753218345584","-3.81994714513151","-1.24796564107955","-0.605779593649026","6.74107924302445","-1.61921858736556","2.87310813105729","6.26504245824879","-4.49749822856922","0.097386656165565","0.861648834582021","-4.33821379211609","6.74435069946622","-2.2425312024603","0.0444880837305976","2.30533856662727","1.0364325443382","0.321595069415072","-3.85771842426557","-0.739585046824949","-1.09647480270387","-3.80626030787543","-3.06544147498973","-4.01934795403655","-2.78225432987829","3.08280303135268","1.58394156701031","-4.14605801683828","-2.88369225173058","6.839356931234","-0.0416651146908976","3.28187424665213","1.18526134905909","-1.23829450272115","-3.51069176855242","0.111714027392921","1.20093219584882","4.95692921984371","3.27018306929366","-1.84440439687809","-0.414007823735274","3.39135924588659","-1.48315121570171","-0.773020474222558","-4.42670539480119","-3.53561897927661","-6.96252690240046","-2.0809154492954","1.16998030974388","5.08526637761667","1.1791211503005","-3.06465663133138","5.71079594477539","-2.77444119945873","3.64204855518214","1.01101438728398","3.41300869247158","1.57057139843092","-5.72984967598043","-1.11610851225675","4.22884516305225","-0.0966974244129563","6.47837378859563","3.0588205424645","-0.987124320311695","-6.71432835318362","-4.43428402017634","-8.84740361493131","-3.77205101417721","-0.426231938111643","-5.13371850201678","2.44788934915581","0.0195998781176553","-2.96960456684769","0.80397371793279","3.63847823779592","-6.56390548760317","-9.12389853238361","-0.904695842309866","3.51853471355325","-5.49091177356801","-1.04534063535583","5.23510206300585","-4.86995370489651","-2.23693132494667","1.36212096854804","-8.30791998021279","1.62295499163851","-0.451615766655852","-2.3407193304417","3.40508324154439","-4.84150972829572","2.86810400359921","2.85407163383838","0.669299789618494","-0.788743081019868","-7.38985864688837","4.80345545609004","0.165631946275365","0.740757197714614","-2.70595927583752","-1.6088630529855","6.26149643722859","-1.96617106339629","-9.41156701558294","0.810531734803116"
"Random_Index6_32_0680","-3.10703879625562","2.09071026713703","5.53532624837688","3.1204225218515","4.76667339330403","1.9963122525999","5.03018994953095","-12.8452474641437","-2.9061551159711","-0.273921199589039","-3.74209946258477","-1.22676988529041","-0.654771592627809","6.90181913210744","-1.45559130205229","3.12400290365853","6.36447886876539","-4.66529491016542","0.344687757379344","0.973073189809465","-4.22872123691593","6.89672050666149","-2.11549223788447","0.21756759310387","2.15541940783499","1.20404351077556","0.572551942580429","-3.73588633561604","-0.517716444165875","-1.0041562835892","-3.86140070823441","-3.04053522487036","-4.01717198228461","-2.94040411954849","3.12522505491838","1.70556449830591","-4.23047018886949","-3.18348343853381","7.07260368228956","0.166419502514175","3.31062236886376","1.37446119427787","-1.07616203457456","-3.40891185386642","0.213316107433321","1.18616667179357","4.93553118811823","3.29993833780253","-1.82198561212899","-0.596371898388773","3.34732264350844","-1.3430905320081","-0.794918033214248","-4.3187676167015","-3.46620621548966","-7.11118209315323","-2.12832072276186","1.10721430014311","4.99846538551398","1.10215184876772","-3.24321119124798","5.76666222380777","-2.93004329416397","3.64216449994136","1.12331153940075","3.44929651188159","1.68293147107228","-5.71833935204263","-1.23092341763673","4.43395218169554","-0.20542978509997","6.56349372901823","3.15178448010194","-0.974279592619676","-6.85330616644744","-4.34226901039321","-8.94318359045253","-4.13709989780497","-0.438603355956033","-5.18735607318281","2.38520223757867","0.182871246692284","-3.08395710828691","0.961069298459125","3.73457164323496","-6.78098045488897","-9.01090639679865","-0.643104372026886","3.47044499280701","-5.52295628122867","-1.2416370407414","5.41961025633269","-5.11398312425885","-2.20486196584617","1.50981847217964","-8.35743982329642","1.7431532988833","-0.468802005607416","-2.23923186701194","3.4937076771633","-5.17935136754171","3.01550021644884","2.85277400346551","0.768989554318518","-0.598708109363572","-7.47383354967521","4.68689038119252","0.249956502511309","0.745212790231033","-2.56896482818488","-1.59075369079568","6.13558603230539","-2.07616782305454","-9.52584078986144","0.778150113041878"
"Random_Index6_32_0681","-3.01101302082255","2.12244853045764","5.57933262498839","3.04928162447863","4.9775464118066","1.85054660289078","5.0129607010473","-12.5827258987116","-2.8474494017","-0.36023751296014","-3.7077591155388","-1.19508163192601","-0.619820459280437","6.76854203596842","-1.44570139183237","3.11068188933144","6.15229595341915","-4.73421580720571","0.3109106295251","1.08746269601371","-4.23182012226453","6.7089852901205","-2.0766126739259","0.284112792440719","2.35569943504257","1.16446736726149","0.458368073818093","-3.79856871873804","-0.444030107771032","-1.07394982303097","-3.93878092587886","-3.09482410011269","-3.90561460827279","-2.90434275622969","3.02772535271587","1.69188340905872","-4.28195012892972","-3.14260432150345","6.78257180636447","-0.126414946013733","3.31650441891261","1.27373682347576","-1.1653466968075","-3.70032933817538","0.200596694090381","1.00420365616594","5.08831315394882","3.15649202722912","-2.0515763506209","-0.508559567144447","3.6006203026776","-1.25064155861425","-0.641144718308035","-4.34346312661236","-3.34217612399666","-7.10899986061155","-2.11639889623737","1.04618774462057","5.09658913970598","1.22477741235569","-3.32238153563884","5.79596552063378","-2.91777630217167","3.68064522264366","1.01057673471383","3.27836331026998","1.69797773443791","-5.81550793602923","-0.932368423176075","4.35224500345798","0.0420387258019214","6.44372580651917","3.23432220253968","-1.11112447023372","-6.74558240304434","-4.41296695609544","-8.97387343258373","-3.83866412479117","-0.509556485829869","-5.12846696434013","2.29916413323149","0.132163811844547","-3.06835318636517","0.820985582275227","3.69467376493978","-6.69820388770608","-8.94245923717112","-0.853892089104053","3.5250988880433","-5.64387098923605","-1.17092188717063","5.50393023103825","-4.83548682470535","-2.16809409685844","1.47979288668591","-8.39523143607535","1.92057937316216","-0.425394662645501","-2.15659690721261","3.40599770832708","-5.09269858685379","2.87258367476737","2.77716763290554","0.520641108294191","-0.939234605007458","-7.36711909803219","4.59636153769991","0.121082459080607","0.979738382557716","-2.68120470763235","-1.52607973926066","6.13996134801894","-2.03273444001589","-9.6082709028303","0.599899276281044"
"Random_Index6_32_0682","-2.95351224298455","2.14557057696392","5.60478214241328","3.13438282714126","5.06275958924849","1.82175307174659","5.01283936871841","-12.5897314762794","-3.08113217348947","-0.348285973033362","-3.66643474151312","-1.14213472124819","-0.675954501346033","7.14402843843463","-1.50102541648323","3.31063311317816","6.0918476388489","-4.77090166808232","0.307855728344426","1.16917850094183","-4.27904355797061","7.08448676372423","-2.05524266127298","0.246111333774526","2.41152786012209","1.05444563357476","0.512336684063789","-3.78996799451106","-0.396710399477115","-1.01369188334842","-4.08380539128953","-3.12239596499316","-3.95695359737583","-2.92249456383367","2.74527335471026","1.69991049461681","-4.27669621853386","-3.33964137469812","7.01580053656385","-0.0732648119889167","3.44171318895699","1.2930572056205","-1.27378146286222","-3.75814497649584","0.160524209922395","0.824399400505969","5.27285403915613","3.22904698376075","-2.11994656698744","-0.636820358294271","3.79357005106739","-1.2484463385967","-0.768530028973896","-4.33601247851482","-3.42363282822716","-7.18528962831659","-1.96580282852428","0.82862468508151","5.29625619973477","1.15482483614084","-3.28660430767531","5.87092937918977","-2.99595124425684","3.81604092954128","1.08442611046365","3.07432881078456","1.48340884814746","-5.80993722633416","-0.985366214379484","4.59972185174254","0.115232434702675","6.55303189036805","3.30845925102764","-1.41353605063537","-7.08089632850121","-4.64132023678986","-8.81366292203516","-4.02260832746328","-0.632183241474796","-5.18501984628324","2.50127773015537","0.0937891860718869","-3.13687775496219","0.752753135399865","3.94742937358535","-6.98444409510733","-8.94429282448552","-0.859621431079672","3.55330644974489","-5.4509875241323","-1.06021447937454","5.49063335013532","-4.93440269943362","-2.22570859309279","1.5633770834777","-8.54755702686668","1.88314971112069","-0.584577730801101","-2.25947239648794","3.20137945488635","-5.25689083262265","2.67252376283979","3.05005726660289","0.455682779557038","-0.780214344384836","-7.51947393975227","4.68103288918202","0.107616033749432","0.860375766633973","-2.72781537572824","-1.5788439025712","6.31381471249087","-2.08888879299952","-9.68905934045395","0.696335432067732"
"Random_Index6_32_0683","-2.95958297399622","1.96973322791319","5.52084421246152","3.1553182398446","4.83328768482263","2.22690741847264","5.14549313150852","-12.8427347429207","-2.70413373042101","-0.0949073705567813","-3.54190488756473","-0.941259617956434","-0.296979811576369","6.61804795296625","-1.16445763886267","3.057672067177","6.07126063965075","-4.61654165540892","0.430172751572721","0.722041145076806","-4.48894144352658","6.67704118337541","-1.86868105526678","-0.137940065834757","2.18465841091547","1.14492435712082","0.14152537803506","-3.62796468831504","-0.699674495820603","-0.851449299993859","-3.72391281304874","-2.85050917147531","-4.12468633504582","-3.13347242298496","3.05591436238276","1.76892317029684","-4.21617636703784","-3.17533759704756","6.83005841902158","0.163739317168445","3.12052666107252","1.50048407510365","-1.04760313258185","-3.38612126030319","0.0571751998255847","0.973681854947865","4.90996777389463","3.25133914967309","-1.87128626273995","-0.660229360428317","3.41892039860218","-1.11618856041727","-0.659411506884005","-4.34861656539823","-3.50880795395965","-7.1666988713266","-2.24405552572149","1.09339749861087","4.98508249012046","1.00176319438445","-2.97016332609252","5.69188177619173","-2.82653385089204","3.54725501650651","1.07936066538461","3.21215714436723","1.52751376168131","-5.77599257128656","-0.728211068617798","4.24611649708279","-0.210350455943759","6.38912570382804","3.18132330370895","-0.921969958314329","-6.78896847059201","-4.3404372870954","-8.95435693230602","-4.09366935561747","-0.293282962019709","-5.23290759705998","2.35580791721588","0.149556455371016","-2.95110643078086","0.790430690834742","3.51562822232965","-6.50061192509416","-9.14298352842064","-0.65598949659793","3.33757080744623","-5.65160401985665","-1.11561540990329","5.2006610181026","-4.89068930032386","-2.44472543200843","1.31531793168066","-8.23364525936064","1.55076614989354","-0.146271570889383","-2.49932221962396","3.37350812175909","-4.85249948529331","2.77683647871012","2.85278547161898","0.872795545405426","-0.645514853561657","-7.59505341505936","4.63394460412809","0.354824251384128","0.730232610246077","-2.55730739585381","-1.64400424363087","6.1371292215143","-1.83367116914237","-9.41871675778484","0.77341514610152"
"Random_Index6_32_0684","-3.10402818247243","2.00472242463227","5.48503605617595","2.96744838028494","4.82620394773957","2.11093988344166","5.2496633022299","-12.9478048286495","-2.71560554802166","-0.270867570511056","-3.6680085655513","-1.21694548891019","-0.531692948373074","6.88104526917596","-1.33830166830273","3.06610937949743","6.19313741517904","-4.72214802742914","0.267244795974396","0.889582206275991","-4.26195746328954","6.85849219778112","-1.91132693526859","0.0624610646321363","2.23493403038234","1.15228063646559","0.377671172485368","-3.69386028603759","-0.550894701467311","-0.896637863289369","-3.83568438442829","-3.02276551056506","-4.14059616314655","-3.17250205635143","3.05145091953408","1.60275999041285","-4.35398231970354","-3.00281880536241","7.03107538390254","0.049078091185945","3.24414523858094","1.53511505991219","-1.244371808986","-3.39308171447553","0.161930669915668","1.07697663926952","5.09448171563042","3.31476344371208","-1.84105995557577","-0.652632707795441","3.59219984896772","-1.29681358335282","-0.728941524704575","-4.3558549947951","-3.51890727268844","-7.12122999056735","-2.0847567222952","1.05487375981849","5.1091079139183","1.19463039025186","-3.28176997618886","5.75911660291122","-2.82835151527077","3.63871278522652","1.11445924012148","3.27866018395715","1.40140869426971","-5.80013822096896","-0.994710911184517","4.32259442031889","-0.152310156421514","6.52140906930633","3.26294583763768","-1.17390893786538","-6.79599064624233","-4.48837358904553","-8.99475462809674","-4.12368710291154","-0.304654746356188","-5.16817764984586","2.29852086102687","0.310492743400085","-2.99265577576118","0.858668517524087","3.69190476003692","-6.63896891667335","-9.00711928490554","-0.767243731248411","3.52968425220146","-5.50467643983354","-1.21292296940036","5.33632056952958","-5.04378142549459","-2.26742867175956","1.4281950746695","-8.29240011573146","1.65422810700058","-0.37692837631963","-2.27527756538112","3.37622572902267","-5.0147457728434","2.92350083983431","2.79875236689216","0.836913724456975","-0.680914462101648","-7.62173884879388","4.701999764429","0.310618418294633","0.653346750555987","-2.74214308525167","-1.64543486932776","6.22612705396245","-2.0094053810569","-9.56809885032633","0.907759073153853"
"Random_Index6_32_0685","-3.1572707045541","2.29693480182406","5.7555987259214","3.38399012872822","4.96480481731152","1.92848361555704","5.11466263224232","-12.8095732653378","-2.81953459837234","-0.40277036554436","-3.86422978367376","-1.3320452317528","-0.926470103553489","6.87681651555816","-1.6446159338153","3.10837140539508","6.40391426153633","-4.50689874037772","-0.0109825074057969","0.860670464258966","-4.09818260534602","6.9339283872571","-2.10863647407459","0.228846448489505","2.53769612404246","0.844897103485016","0.213140801473572","-3.85307910329743","-0.515528239284797","-1.17498281214373","-3.8138424008803","-3.27090061544744","-4.26852122060856","-2.75234192555962","3.12092752452953","1.38503383673851","-4.11199443303741","-3.1082114049259","7.05104878785578","-0.128492010582891","3.4921229217309","1.15610441697239","-1.31316392795903","-3.58335761993215","0.246161223488164","1.03009782567454","5.26126380838549","3.36872536811781","-1.93035681653817","-0.29271401798067","3.50849150340904","-1.48617654604991","-0.974324717166905","-4.54717583426987","-3.69515479256914","-7.06904038291312","-1.85896245093101","1.13653261735825","5.12109567543662","1.08471597837274","-3.10199035283448","5.9252631268847","-2.76558955088646","3.76451254580104","0.841749931359805","3.2699394772332","1.26840683426625","-5.92445313246408","-0.899218550965064","4.53665054721494","-0.330988755723923","6.73044789056386","3.46208682091338","-1.03855015532867","-6.77464817401195","-4.69594315639204","-8.73069203915473","-3.63250512647623","-0.451624248311254","-5.10373336015915","2.6533441473769","-0.00379873581132097","-2.87127422158553","1.00815419742636","3.82890370159131","-6.58003679674957","-9.40648887504049","-0.923003687869332","3.59257667724554","-5.4762094722505","-0.951640209729258","5.3039432781735","-4.86625868073637","-2.14929656910293","1.41380263322651","-8.24128754286306","1.70460150459278","-0.625616030864411","-2.51628087905358","3.46442978263267","-5.0678633630777","2.85491135805219","3.14132038760098","0.500607456541689","-0.877526601786888","-7.20722717567218","4.83257441987327","0.191808357539682","0.963283299103895","-2.73421945422679","-1.34700668909896","6.33462930955502","-1.96910684799021","-9.42218110836347","0.772424688798291"
"Random_Index6_32_0686","-2.96537069779771","2.18059657426498","5.68548724006232","3.34633698461891","5.03954316749069","1.7625091390406","4.94071409618082","-12.6761198563597","-2.92577991032422","-0.440223979385637","-3.8626766681119","-1.24986405167148","-0.706146759603684","7.07257841212815","-1.48096983710939","3.12883236880984","6.2781089531985","-4.76056649786284","0.04920696823866","1.08496950759253","-4.3129432092884","7.02535950169911","-2.23831624899582","0.307871653717284","2.45187236972705","1.05009478860806","0.484281073804346","-3.88407567803999","-0.50130087158168","-1.05495490801216","-4.25911956759522","-3.28093691585236","-4.15381266364309","-2.80461461275683","2.83316060562697","1.5900891914079","-4.31633124141507","-3.28469220582864","7.13224992004382","-0.109868588207562","3.37864707561755","1.23086993643266","-1.23177401636762","-3.69439747521799","0.271949346682858","0.893006538666273","5.24985747377438","3.34199002528913","-1.93662633582928","-0.468329715457242","3.66336704456332","-1.38284134714188","-0.904865085343773","-4.307728073172","-3.4633162355128","-7.18182293652561","-1.88949677764619","0.850729845243209","5.20114074248159","1.08605885908338","-3.3720126823771","5.83677758470558","-3.03302113356633","3.74786364511363","0.839907962640641","3.15468875677935","1.4578899067162","-5.73024778374489","-1.30352070372054","4.60668648577973","-0.0725744816175483","6.68996927450858","3.17845444620303","-1.12012700507449","-6.96241588963947","-4.6208186246861","-8.89960315799688","-3.95954357040503","-0.634965779402248","-5.30721967031543","2.49346624498926","-0.0135002980556466","-3.20490670163503","1.02662363030865","3.85174832184149","-6.77680744110744","-9.15346757597626","-0.851283479617799","3.58845293490122","-5.49632787602773","-1.14651573818275","5.63223175228158","-4.88823145700177","-2.16211858477873","1.56367171351715","-8.18018236293874","1.81384458369891","-0.554701743135849","-2.27597343421473","3.19957143218836","-5.21992594763066","2.68637459710119","3.03661832310119","0.520948828728947","-0.880131844948174","-7.28699638381302","4.76690633579235","0.00679575714010486","0.957887872790298","-2.61516865181083","-1.49527038511575","6.32479833248218","-1.99078934941534","-9.57409704521629","0.630737641572913"
"Random_Index6_32_0687","-3.24662961932814","2.16285701950112","5.44675858391097","3.06472642038603","4.79420433347907","2.26196485507135","5.29408464846857","-12.7543277750716","-2.77056091188531","-0.23727446294363","-3.54332026578265","-1.21058142305784","-0.408799075346941","6.81009197121299","-1.46365767540998","3.08954779800137","6.23133636299112","-4.84607932006608","0.297491711325386","0.913946405078134","-4.29114836806016","6.73809577545372","-1.92436275929882","-0.19093317690344","2.29285259203247","1.33769275882455","0.394556445219052","-3.61309232752682","-0.548826535922554","-0.79015573444162","-3.84384461810363","-2.85046387766529","-4.09932866145534","-3.10337318049531","3.08775456358957","1.66710904248212","-4.2148448360999","-3.07617848363136","6.74734030956157","0.152119011526766","3.26644192654859","1.64288771300448","-1.12345459062944","-3.46084022621111","0.0447346817103591","1.19940994338229","5.08117481118987","3.27809915194526","-1.74868705516424","-0.679367516190896","3.3102483757687","-1.20939186541603","-0.527061823534114","-4.51937436263061","-3.47873544974504","-7.00636880892925","-2.00590309646382","1.10926644713286","4.98073062656833","1.23372901199415","-3.10910793627563","5.81464274950222","-2.80609570194092","3.60398577247726","0.988236500323728","3.31719261531804","1.56377746873648","-5.85473291521595","-0.952802887061768","4.32579280717924","-0.0956675180909334","6.43665383855489","3.36781718650502","-1.03994448745738","-6.68529067197738","-4.49543959311002","-9.00295776076185","-4.00653494991001","-0.169962414555819","-5.14437226650487","2.29586545105085","0.304246323976345","-3.05015794504888","0.641623483203209","3.49781744333271","-6.59067481291182","-9.10342422974964","-0.664357930029905","3.45675209815745","-5.61180842667858","-1.23512477083639","5.3488331190459","-4.99581781427701","-2.30638428170126","1.27837242999691","-8.50290751069427","1.56165743225034","-0.300610342855064","-2.39569927947541","3.36255517747855","-5.06163598211054","2.78722869952588","2.64083680258178","0.852712276753423","-0.682289931201775","-7.61854902616729","4.54557464191868","0.337042492932335","0.64302654910973","-2.784172954653","-1.65813401588991","6.22317926719074","-1.75053466671151","-9.69476996212271","0.816330398669951"
"Random_Index6_32_0688","-3.21909029154258","2.27308535741658","5.63085744707671","3.05468887968265","4.77322997008394","2.45943769007225","5.38309512002347","-13.3120026063023","-2.70403822035539","-0.15755320347769","-3.59652252340499","-1.16618238536012","-0.560725639171836","6.79474155484954","-1.21321750670587","3.1888469584872","6.46311851538592","-4.65100124073088","0.336783040060374","0.812645246538354","-4.44913185364572","6.77229291720348","-1.86299722325497","-0.00528986057191024","2.24401846175289","1.30625720745778","0.277641144215327","-3.56855064735313","-0.603986991001033","-1.04164028527369","-3.64064913301333","-3.04934747741958","-4.17464591376789","-3.13147983528557","3.54192505611633","1.78714766150763","-4.05700814095742","-3.07466442333583","7.11524324156931","0.439025593025824","3.33404057535149","1.53433616267996","-1.17969127504477","-3.50979409645192","0.0950320411135477","1.20186898303252","4.95968786144958","3.38853934147454","-1.75999041100169","-0.714992443585563","3.22634737733434","-1.37144215964674","-0.761858597755787","-4.62242308824404","-3.69116661934565","-7.20855066921931","-2.30948447714595","1.44992134570624","5.07434969249552","1.12816015136823","-3.08932020514146","5.74976115869577","-2.93998060503612","3.56744654971096","1.23783820626008","3.58830047623458","1.62987884145123","-5.64946224246203","-1.08327256171445","4.50966425466946","-0.215724241276086","6.66810290997528","3.25099473602438","-0.867638452706839","-6.80356643460446","-4.34903925952445","-9.21230153315109","-4.21312316811222","-0.178879440069057","-5.42383465542427","2.42339994124286","0.417227677662087","-2.81778524330255","0.633427190377648","3.63534588050569","-6.66653218967096","-9.31589061667189","-0.665085439584847","3.43915978149226","-5.42470430877955","-1.3212112502148","5.39931603333846","-4.90119793760809","-2.28325629404951","1.26445699972458","-8.46734979734132","1.57624285883292","-0.138533222109739","-2.20576274013012","3.81956424599009","-4.95495451253613","3.11428656378459","2.78953860459297","1.10759806669236","-0.319670043257847","-7.86178817214158","4.52257630824089","0.541651490117098","0.705882371608922","-2.78170285093451","-1.67823472213713","6.15752001628991","-1.87622016778407","-9.79670895455865","1.06342339275654"
"Random_Index6_32_0689","-2.97973109874567","2.129487452919","5.55788038078523","3.22829531027138","4.93607066345105","2.05415209361867","5.16192143235784","-13.0544820059179","-2.94666229236166","-0.281492759769388","-3.72926319204553","-1.08005046441595","-0.584372932634223","7.05112159373163","-1.45771597553216","3.13219982581027","6.20617334954905","-4.61929049712842","0.300662490382422","0.893524203402736","-4.18165116892126","6.92189480231966","-1.99632807181319","0.0327789090910619","2.27163827327578","1.15793760341699","0.421268181492573","-3.84242865494395","-0.626017545982757","-0.933034977510597","-3.9224778534976","-3.13917742563831","-4.02371300258388","-3.1199664488374","3.00326632403547","1.69347030976871","-4.40863524813724","-3.04140043659802","6.98594404718226","0.0685642106077758","3.34430844909566","1.42204773059224","-1.30618239944911","-3.61625024327018","0.216620173433494","0.958316433388708","5.11531165211873","3.35043069190071","-1.87714512239625","-0.718676917798556","3.58312951211465","-1.29312946389208","-0.632379886551911","-4.51560396329141","-3.63446556865818","-7.36805144706651","-2.23243207024641","0.97892436075034","5.15271312290789","1.16927122310083","-3.1941989184889","5.89183882507538","-2.87546093947366","3.69473893790646","1.22701612286298","3.32144697787479","1.63182045653154","-5.75634927183737","-0.989267142479646","4.41223024459091","-0.143686635643004","6.5991456046375","3.11902092110614","-1.058854748397","-6.96193511186362","-4.4247878833762","-8.94672072015203","-4.10112859901538","-0.405302544476826","-5.25927710330249","2.51270068918887","0.141336601677088","-3.17719576519181","0.837289578887963","3.80266706359483","-6.73954146918175","-9.26072493374368","-0.66781448089984","3.54130064968945","-5.56820072591877","-1.04338298084996","5.30391313323309","-4.94444658425228","-2.25732085639447","1.47567271004388","-8.41724702309204","1.6549872723727","-0.400072181976752","-2.25596384666804","3.37859262240705","-4.96728807523926","2.9255917396993","3.02301101167384","0.844094206324455","-0.692744341401985","-7.65904857683454","4.71021151425982","0.257176277614194","0.769626407274294","-2.71423200542539","-1.67462812281854","6.35198217868721","-2.09782143970317","-9.76111454202861","0.898275501292343"
"Random_Index6_32_0690","-2.92607750176406","2.23560763605466","5.4898780223305","3.1041509368462","4.73543730850834","2.0272333441426","5.15037910224818","-12.6809051994413","-2.72680384588315","-0.208947794101914","-3.66708238971008","-1.11071351901749","-0.59209654493457","6.79370700417306","-1.40427178710862","3.04484542128179","6.22364826919658","-4.638483905675","0.24774113234799","0.931187250695815","-4.25307187415121","6.69525961288779","-2.09904467994899","-0.028412007563298","2.26415489761914","1.1263128964102","0.279232316055688","-3.68553690972666","-0.475024085274272","-1.03704282295261","-3.73398879912554","-2.99949737260142","-4.11650391360549","-2.87883056384188","3.15014216267355","1.5197204612883","-4.01955417321387","-3.14344118372169","6.76255103587112","0.0375667157435055","3.29349529139691","1.36409487509979","-1.18170053321923","-3.44805797337239","-0.06559699973743","1.01184927493548","4.98496050445281","3.29907606564433","-1.7089892799031","-0.562841456676918","3.38563956974986","-1.29375652286363","-0.685624817955487","-4.49207688944873","-3.36078232418325","-7.03908030824406","-2.33515282902236","1.14749287422743","5.02911845267429","1.11884501335782","-3.08606117105251","5.78043884123875","-2.75548902465171","3.44223250172938","1.11438275114908","3.2662297007761","1.59323842003508","-5.88822400702856","-1.20743362787728","4.26074400167449","-0.135477529167126","6.44249697281617","3.07509897822297","-0.957553814228518","-6.78609329110968","-4.32266729804131","-8.76143902214621","-3.93451133798099","-0.292123753591424","-4.98493264030098","2.38683811498049","0.10864590622505","-2.95353063398718","0.765292907611002","3.5140314652632","-6.63856282064783","-8.99072645672132","-0.65375971604173","3.36937844427861","-5.46603080888922","-1.15259600276923","5.33313104353857","-4.79253655718601","-2.36672227377401","1.39094344272426","-8.30794583422952","1.64169311558446","-0.286006177159575","-2.21598687470833","3.46052272617327","-4.95259471921129","2.9147594004767","2.8576826047214","0.688825318310465","-0.559061565431691","-7.42859801734379","4.59266156659184","0.287752894940162","0.689102586665412","-2.71264824892084","-1.53984016685888","6.0918432173975","-1.89566376627017","-9.54201436876646","0.722182513410453"
"Random_Index6_32_0691","-3.20189031772845","2.08302966730691","5.49148418013664","2.99939819326134","4.64963711112051","2.4778247302679","5.44231738914443","-13.3646213501881","-2.71059901834047","-0.338438144414034","-3.6113269185931","-1.16919346872738","-0.745435255262774","6.76833400804439","-1.40314109521138","2.86110880128152","6.41363626425891","-4.60030073351575","0.441747308349764","0.608837428385541","-4.42564562630599","6.65539011289554","-1.94935377504817","-0.0542019730124541","2.15576393227966","1.23619966209164","0.329550905704207","-3.74388864169148","-0.641528874413137","-0.901775701079703","-3.57775547265602","-3.0710045349341","-3.88200332307979","-3.10230362738359","3.37032789728138","1.84104365961063","-4.24392424292185","-2.9784731972959","6.87281483468388","0.359552525207627","3.19536538489467","1.55947051601832","-1.32860554858765","-3.37372428670557","-0.0437016128508579","1.24429829208887","4.9492150092621","3.23245353460333","-1.57624450788378","-0.707067640879901","3.14913012524099","-1.41145453205617","-0.572824061057662","-4.70351324660013","-3.54217399741696","-7.25718575657515","-2.35268248297625","1.35929828827719","5.12188052185295","1.14647491611946","-3.12667234468997","5.82005691607606","-2.70972660649847","3.51622683174291","1.13451492352717","3.66016365566332","1.70205369773457","-5.82571272221485","-1.10824594978364","4.30798749822489","-0.291242366014019","6.49843533007197","3.21819312040448","-0.817947805655281","-6.81642199620162","-4.70698001085538","-8.94650399388996","-4.04621227958094","-0.28466860418072","-5.41801603733018","2.35406592150678","0.500998616511726","-2.80857659557828","0.835806650552133","3.5611353634196","-6.55013664589988","-9.18393193599499","-0.74214455790128","3.38108631608663","-5.55933790402941","-1.19588208265519","5.35401005071054","-4.99726542482006","-2.30527644170257","1.33246758951391","-8.51158029897686","1.45907466213579","-0.203248886633902","-2.2366947933783","3.60829926443663","-4.93042087385395","2.90617315235361","2.817653779432","0.922997388318095","-0.61265086765804","-8.00198697986364","4.71436021619566","0.613721201124029","0.879121557296488","-2.84130051410622","-1.79441983704246","6.24466086710466","-1.97302847019975","-9.69269672301827","1.04297191046873"
"Random_Index6_32_0692","-3.14532604450436","2.26484140200708","5.56538936503625","3.35880703625571","4.90756302802925","2.15876543276424","5.23161837079662","-13.01811197788","-2.91529192215965","-0.332061280349521","-3.79599900611941","-1.12331205917731","-0.640731591507149","6.88827460183192","-1.46529694343728","3.12026096413455","6.25450484443732","-4.79650291679911","0.333759734330805","0.86727349017481","-4.43503021408923","6.91064270623435","-1.91483072972771","0.0567393285264454","2.37962031440037","1.04857643953786","0.291871228468631","-3.84473175538245","-0.191200227107137","-1.02940590084906","-4.03768272970964","-3.15606396864777","-4.08489562072849","-2.83349867116982","3.10212396867809","1.68234019841257","-4.17815330225842","-3.21204991316353","7.07353342999007","0.0281109846568159","3.42061205148375","1.42486354342505","-1.43420154094448","-3.56861263267207","0.172600573996219","0.930755948176625","5.25580077149256","3.43859536196648","-1.94047301632455","-0.552484431620453","3.62839612618615","-1.40983992728495","-0.719555849044664","-4.59222555273634","-3.63360048253785","-7.12037978877159","-2.20546276906399","1.14449880375905","5.18867905041706","1.04446514228261","-3.28409221469245","5.89938247045371","-2.76852378406035","3.80989930067879","1.02547389968193","3.38356155011664","1.60495333030388","-5.90393096142503","-1.09422484924695","4.44463448784617","-0.131328662675943","6.785964396483","3.41627979487486","-1.11041973428044","-6.73876724306243","-4.39696158393025","-8.8464135938278","-3.92293669010101","-0.517153165528398","-5.31052557027446","2.59489325054594","0.270102488785816","-2.90097175676299","0.877496518035845","3.85454319873278","-6.54573148142513","-9.23608649936687","-0.891523964867896","3.5719807611521","-5.7479126840808","-1.07662691781827","5.39961807253527","-4.87650220366241","-2.27654889949639","1.46568172803611","-8.65331592072111","1.74010973781698","-0.45022269822063","-2.34728444845923","3.51015004774882","-5.2583400952663","2.94948839762238","3.03451449918271","0.714451034094984","-0.802372965982918","-7.53009137102944","4.79449480895616","0.473304498063911","0.889111528517699","-2.79841958947596","-1.58549376338965","6.38504826703731","-2.11331565224052","-9.71719412485132","0.871719819626867"
"Random_Index6_32_0693","-2.98419064373969","2.06695586935356","5.38911655353075","3.08891071326059","4.8169607387557","2.16567570697607","5.30743452740513","-12.7345768223606","-2.72615093865246","-0.317589312981747","-3.56337589411544","-1.1960823544118","-0.576306164899754","6.90278210084544","-1.34240142087129","3.02129014257414","6.0006824801895","-4.81369166452531","0.408060747061891","0.911399090637008","-4.49627301315091","6.74062869820401","-1.99788333043173","-0.0711841736643103","2.37545101411089","1.17102438331472","0.356951816673822","-3.85430981239521","-0.47083706318033","-1.01553905791101","-3.78830863693515","-3.0604258115529","-4.10513254910847","-2.90865038666325","3.03611495019337","1.97213313453219","-4.18071969216057","-3.16939877397191","6.78897008358613","0.0295663171754936","3.10663307287762","1.43877439585217","-1.27350510126726","-3.60068824863505","0.271244344285587","1.11182181014707","4.97070704409404","3.23891859897145","-1.7382998258462","-0.743647710014746","3.65836277999457","-1.26176665013037","-0.665456583048232","-4.20215913075748","-3.34498701318366","-6.96926440489413","-2.14138559909221","1.04617999811575","5.14249656749209","1.37087944021082","-3.21958652335059","5.95388151606548","-2.74766019261558","3.68582552024863","1.0272486692563","3.12253216872224","1.82744030520276","-5.67974860567449","-0.818898150479916","4.33208740831483","0.334007095384383","6.33927799720863","3.08038011614116","-1.15125377598953","-6.81355101092378","-4.32010842203395","-8.99502245506541","-4.08929191837685","-0.317759400934037","-5.13421346630455","2.34452469389767","0.0931268608209531","-3.05292730152035","0.713226336933586","3.5119710484045","-6.63025120326495","-8.96517744447632","-0.903490807543792","3.48327655500707","-5.59593899177563","-1.14580930357356","5.18371085075207","-4.86540200213541","-2.19761463104857","1.46554383197571","-8.35085569429324","1.7391118130581","-0.402479999671542","-2.27307570257185","3.40040356039685","-5.17610557670573","2.69104993213293","2.74510069178681","0.752921570434919","-0.771887579307558","-7.66965554912058","4.81110813062755","0.244635003118093","0.985113805091073","-2.70293547041804","-1.82220205145243","6.18916242197116","-1.93629803959055","-9.79849869570493","0.869676994869289"
"Random_Index6_32_0694","-3.08560770018308","2.12484585472404","5.50811397041173","3.05909228686074","4.71347195622582","2.19348927944187","5.34330193752248","-13.076568140741","-2.65192156597265","-0.185806368409295","-3.65340270644575","-1.12508874941313","-0.451379448261489","6.89169447969334","-1.38526436722401","2.91541411577581","6.34573651381256","-4.57950139288815","0.409952528312571","0.605892441306479","-4.43005664677724","6.80651815003234","-1.94491017745299","-0.166888605897363","2.28243878637166","1.22859603218506","0.348477247447294","-3.73198808309699","-0.774605184771626","-0.868572656087243","-3.72249524979675","-2.97611550250526","-3.9519988382895","-2.96305048423684","3.20100729242982","1.58913872803721","-4.13601070112381","-3.07640656988375","6.91152728650551","0.115483091629314","3.2643683903845","1.5039733610126","-1.1079561204847","-3.46489208373901","-0.0647809335478335","1.02188510694186","4.99058919862053","3.18435319398175","-1.90830728762162","-0.670433434025055","3.37762534806658","-1.22809190224551","-0.620652287160622","-4.59423254812355","-3.50179056113991","-7.14307165511277","-2.41304466136842","1.17111954029949","5.21109085840369","1.37302838088858","-3.21310425942283","5.92373021880476","-2.83044076227331","3.71729539957622","1.14441319954049","3.49629770108694","1.66952862536738","-5.73217279918093","-1.02723711677299","4.31615935934873","-0.0973739287709004","6.59151493326161","3.15541117104798","-1.03407070300925","-6.93054060464483","-4.33498556124946","-9.23841843592304","-4.0111491859548","-0.254156798264978","-5.06177145553764","2.30934607755209","0.342590279303555","-2.96124750997865","0.848251496128302","3.66682418098204","-6.65559962949521","-9.2817458499268","-0.74547133696262","3.46084263920365","-5.53801132375894","-1.26286877756445","5.36871917931135","-4.99175938083294","-2.59951805563999","1.16048337032013","-8.48039317566309","1.53520934466988","-0.133566616613612","-2.41987016147461","3.50415121999682","-4.99214805162093","3.01499062998306","2.87757430657364","0.809395513685127","-0.544862180709856","-7.7931366039772","4.79951692334853","0.443616064031473","1.01013093332429","-2.68903747894801","-1.60164710944389","6.22696096248225","-1.93237803130828","-9.75546656251979","0.858865265689592"
"Random_Index6_32_0695","-2.97005429073096","1.92848305808114","5.44407129127686","3.18063392580191","4.68560437620027","1.97842465081864","4.89565536387386","-12.7098696063533","-2.87681485065393","-0.255556963371603","-3.69552267866606","-1.06567603614646","-0.588745175096774","6.89476033517895","-1.29384308094042","2.94792192620165","6.35110778875859","-4.61797755865253","0.24262571498869","0.869157060117752","-4.36582058331444","6.74083860966271","-1.95246114084991","0.0976752251956961","2.32441198051915","1.31352736250412","0.376173227486591","-3.70840212920791","-0.45784884072105","-1.0636857877953","-4.00114307131803","-3.1010036610998","-4.09417739643995","-3.07600898013497","3.16862067461156","1.70436641588052","-4.36711380586733","-3.21140339255048","6.99616965446408","-0.0736977129357074","3.17145215039784","1.29849943405611","-1.17162781054906","-3.52729044763956","0.0823664977976126","0.944985409171853","4.95729098729951","3.34710397465613","-1.97485494064132","-0.665559459677715","3.56155860877782","-1.23363377626176","-0.799451087048676","-4.33459815159665","-3.56438930113405","-7.12969575735443","-2.12533072565474","1.14069364323518","4.91854797765473","1.10729350009138","-3.13557289018224","5.66639817662442","-2.87782042548966","3.60037348695055","1.03498373690639","3.43240076317396","1.59517014314355","-5.75921665117285","-1.16220310418333","4.20956965469472","-0.188169756582648","6.63903795957336","3.00945923584699","-1.18970828775392","-6.92952223372075","-4.28081713448724","-8.88791745517651","-4.12065062517008","-0.541971669003496","-5.22054375817859","2.33456562750939","0.185666638215953","-3.1246106712699","0.82712584327604","3.5686833933215","-6.68196420811817","-9.12786644262412","-0.82055868384713","3.35286864143677","-5.49041646551431","-1.27882110724082","5.31968773358883","-5.0018134305625","-2.22752024392667","1.53796325359254","-8.3290974249983","1.70739940652779","-0.38581524247857","-2.32586895464168","3.5886012386985","-5.18017747667231","3.07266574080966","2.74630202335185","0.785518480602408","-0.665087235094386","-7.43207377432006","4.5551145586858","0.325213877897583","0.687440041631541","-2.66394133086571","-1.59970394864074","6.21348534322787","-1.96599951455424","-9.65160982996654","0.75812372488041"
"Random_Index6_32_0696","-3.06497868453773","2.1838028491927","5.52136482333725","3.22445811940127","4.8873341163138","1.99136741222617","5.00390876702431","-12.8498482730449","-2.96259200525932","-0.412733683564556","-3.75255827177026","-1.10321750389633","-0.575296800621779","6.80955852455996","-1.46784377350313","3.08942791337274","6.21592146463926","-4.4528888218713","0.229838972256865","0.896220599233144","-4.35784627515872","6.90414820441119","-2.02446180718408","0.102646110788178","2.3047774532877","1.15433855660535","0.306875886928328","-3.72250706028296","-0.545210714820574","-0.95312748109319","-3.96575283017552","-3.13188442742241","-4.02518562513214","-2.91171095343864","2.92089017415389","1.64859699579959","-4.35345576013359","-3.19702993083433","6.97771707325753","0.138432569128323","3.2816844989919","1.4188656046389","-1.0606209820141","-3.55424649639592","0.163347506881723","0.9357504746659","5.05541956694215","3.21965051606914","-1.78541583806969","-0.573800968266513","3.50313686149119","-1.28060418131465","-0.744151909779525","-4.54018168502435","-3.38730713871226","-7.2091210621073","-2.1661157816467","0.982185905237969","5.05814290778978","0.903472440670805","-3.20787489856789","5.73313876892086","-2.95434177037916","3.6739902808331","1.15553365955477","3.15977373163386","1.57124963722992","-5.53585712706576","-1.07528549465456","4.44755760499191","-0.178428775568487","6.60067087878988","3.12252293656544","-1.02456186005806","-6.96255896903794","-4.40313498921172","-8.94235476340796","-4.04952126168998","-0.417948798767936","-5.25759309181478","2.38787016634972","0.104001128133393","-3.16947604639687","0.84187052176189","3.66197925256987","-6.62574543326829","-9.27168998783133","-0.676988526207521","3.44970361563303","-5.67162578467005","-1.19140039255172","5.31236240229773","-5.06765399020626","-2.41026271915154","1.4389732276802","-8.26397970070752","1.68423395951416","-0.410983280136651","-2.30846819215087","3.32102507556999","-5.10772816983464","2.73263765986999","2.83369245377259","0.757979239517895","-0.616601719433517","-7.41030038739251","4.67056688115098","0.204167682877218","0.788063128239363","-2.56944998516752","-1.62500295195022","6.15362294824951","-2.05383754735933","-9.51591587976199","0.837746099827367"
"Random_Index6_32_0697","-3.00222306389808","2.06314013918262","5.63265744544573","2.9905660544387","4.85627006224388","2.13538384686319","5.11570021223384","-12.714365946242","-2.81375020274358","-0.301169389457165","-3.83803439058209","-1.1591500830723","-0.554031929710291","6.75257994470558","-1.36792260874175","3.12832438398259","6.09674553691199","-4.73600673950949","0.159043144681221","0.953427470656162","-4.20596744574878","6.69953333660223","-1.97912122060518","0.204248350744965","2.37369440992918","1.06494006596071","0.464281849479483","-3.79633495736593","-0.349948380564136","-0.992514710028687","-3.89887508515032","-3.099287801707","-3.93749768403682","-2.86500306281426","2.91007514073852","1.78086117715409","-4.20808387918311","-3.13061406928705","6.78561676976712","-0.0831968544986031","3.14353107212307","1.46116290365883","-1.34435018396143","-3.61734831423154","0.135584760864825","0.981673569526463","5.00518374263374","3.08269036582782","-1.85726223342795","-0.580375239885183","3.5294011639244","-1.27969552687051","-0.655003143298281","-4.26378794367505","-3.3741595527082","-7.00132184083451","-1.86577443057769","1.04948993894032","4.89092468375581","1.19984984841324","-3.16978230416355","5.72500537837305","-2.95335133808203","3.53029744129478","1.0681755559822","3.15101967053251","1.5935257828337","-5.68817061168872","-1.02152768705542","4.31109699905792","-0.123546818829253","6.38982723376238","3.18045315317911","-1.20270040458385","-6.77979137076589","-4.36327384891926","-8.95957856343113","-3.86880976943973","-0.426349488594646","-5.23385889317831","2.1986101703118","0.324383431701591","-3.03339204354463","0.728485333699537","3.45186739150635","-6.69681557512959","-9.24192661925599","-0.731052194124503","3.40225385738308","-5.77275074874855","-1.31655864435928","5.52810926252367","-4.79686852159434","-2.13109446364459","1.49975339436829","-8.30173646010928","1.82326091832106","-0.367898418695185","-1.98831577015681","3.33959834650207","-5.11004805212365","2.70554885276888","2.66080677383439","0.783074266758243","-0.804187125255603","-7.50700769209079","4.54481654284987","0.317104234918623","0.797091199828177","-2.69727691716517","-1.66664236606161","6.04346080786109","-2.10558196126162","-9.60462021240852","0.78915706029127"
"Random_Index6_32_0698","-3.33866348340833","2.13925997606899","5.51051392770589","3.08250414643234","4.73792143176746","2.28619364064328","5.22736067393509","-12.8637490680386","-2.75472561192845","-0.147535864052362","-3.58960797659555","-1.0030379396449","-0.464835380895692","6.84268386304263","-1.26949300858454","2.94319242989778","6.29297385660033","-4.76874146048191","0.443987812231104","0.683183051103964","-4.43375766275321","6.72868094974624","-1.86653540242036","-0.102889292210907","2.22801319948859","1.16397484069161","0.16698717836371","-3.61760063413918","-0.622240784075002","-0.769657339802571","-3.69426946036339","-3.05840843473127","-4.11500332687232","-3.0691689750276","3.35451434373086","1.58768363576966","-4.13169829512923","-3.16343175884439","6.78688840671393","0.201195846699878","3.29871858040731","1.47839336422623","-1.26345898889413","-3.54910428527107","0.149484702838197","0.781244625811266","4.99041103209616","3.20523891275735","-1.86819885083284","-0.678242645208591","3.49891559007393","-1.17229156257605","-0.617170989946196","-4.59214337297353","-3.7143157326001","-7.13444859804126","-2.24913770730367","1.38795609915665","5.06968500563799","1.15897674918744","-3.20731471170983","5.75765981785379","-2.58788295244141","3.82394656269579","1.17313731364525","3.68299008705634","1.62506588029835","-5.68265616812109","-0.897624167491905","4.17603954459088","-0.13227345946114","6.51867851719431","3.12711394227637","-1.20439369253313","-6.87656610418533","-4.42367834855366","-9.08398926032042","-4.00538763629715","-0.264119075037623","-5.17476730208242","2.4918176135284","0.342668838968916","-2.88076328885449","0.536386438343802","3.70802231747996","-6.67575356779471","-9.17221449199399","-0.729269485612691","3.46379051030915","-5.83001419900229","-1.09900438096659","5.12192596831208","-4.80356764515238","-2.28607678456064","1.28903220747751","-8.45872042151218","1.66920951835225","-0.15146138813082","-2.35775571031932","3.73311685345911","-4.83509830765443","3.08766544943178","2.87887512017181","0.99624291135145","-0.924957981918221","-7.59927563211494","4.67865180937353","0.473924707957561","0.649905942331658","-2.81393631924058","-1.54788754290447","6.28472793391923","-2.03584831772362","-9.63556543737348","1.03000975632773"
"Random_Index6_32_0699","-3.22601884661116","2.14857293779481","5.48470510145728","3.12683623943714","4.59872005517104","2.22289047052779","5.30386657829206","-13.1547170379316","-2.77885731061158","-0.206008461060216","-3.7465170600901","-1.1797885175743","-0.543006818490854","7.00162390262997","-1.46551373430332","2.96609240366034","6.30696216972459","-4.68907598936379","0.241486122583833","0.765741858986347","-5.10512100618798","6.76591096488285","-2.04158879379617","-0.0706335840241281","2.31374122191389","1.38898598635158","0.404805393802112","-3.76717471464238","-0.6289749088073","-1.04682435085733","-3.75459837663004","-2.88631509251984","-4.02680930666154","-3.05788815702294","3.05802811283106","1.78740629229583","-4.20144195540471","-2.94901980611745","6.97567521104118","0.224401386551748","3.23802177266068","1.32895996232759","-1.2177161634323","-3.60353215566621","-0.0415587642388774","0.968125562098012","4.94533099220428","3.31777207978282","-1.94425696000751","-0.759184177618235","3.45670692132463","-1.23931569371047","-0.613255244441386","-4.5448306025978","-3.32059924557831","-7.10184602876462","-2.40887803262801","1.01413497284482","5.03467328694721","1.20825552239492","-3.20009140228766","5.88737019615471","-2.82808019999936","3.61760055168828","1.08970616122116","3.37335892980219","1.54087081862276","-5.7227815402999","-1.2093223196333","4.28047982092419","-0.206166025129575","6.58064038271932","3.09104268472552","-0.934025072676638","-6.84111891904758","-4.28294396776958","-9.15654324484135","-4.14715801158756","-0.310148959199304","-5.16602977183022","2.46291251967485","0.0549725473522777","-3.10379470645163","0.687970548052847","3.73072161430821","-6.67680721341607","-9.31595577056936","-0.752920364384008","3.4916795361044","-5.62739939966715","-1.15077047219271","5.23896868968879","-4.9499872889709","-2.51532545903788","1.2925156188161","-8.43119798577099","1.58337779140553","-0.296686382532564","-2.38209517426133","3.31941500051719","-5.03643217892391","3.00305159474132","2.89388838503137","0.906153643397046","-0.560892929798976","-7.73679533558695","4.61298644281604","0.230186985902836","0.824893362227567","-2.54991839149","-1.65875490124873","6.28301118955127","-2.06372056436136","-9.55353404431651","0.824751726151704"
"Random_Index6_32_0700","-3.07916540034009","2.34859778765168","5.91351869855826","3.35720835918824","4.95725797564673","2.03530324053182","5.32388742614098","-13.1164983773701","-2.92881977339149","-0.356586954419487","-3.76240335753995","-1.32890736389405","-0.586138768201258","6.98547643691226","-1.54558848263266","3.06996420893308","6.27946167575798","-4.86699076199111","0.207330548953298","0.895332231123059","-4.12490625512429","6.83127852129042","-2.13873443110592","0.162962795547788","2.49368758803222","1.05816027259781","0.489242918725885","-3.85539288259447","-0.477322451168242","-1.13756673077692","-3.90312472422338","-3.14568796270237","-4.22668290701432","-2.88803094897091","3.04947354863082","1.68659707020871","-4.21549484641627","-3.01273501844198","6.8803235875723","-0.0752310743758271","3.48389732172673","1.24924225508343","-1.40290147930638","-3.57301991368033","0.297064713006528","0.970262688978325","5.1649927724895","3.46006767630554","-2.02274131606252","-0.468322423043618","3.6000024583836","-1.58284426751097","-0.742116082781378","-4.5350677173182","-3.6103119332367","-7.11651616184267","-2.08743621697047","1.03937163145606","5.30628655473033","1.44909173211886","-3.36419430126111","6.06212681501303","-3.02857238012695","3.79042130467809","0.781919083489778","3.25163805290862","1.49386332857809","-6.04994046368725","-0.9671648874301","4.51452470569817","-0.153545818209359","6.53671103992417","3.39024844227075","-1.34895028125948","-6.63817375395224","-4.48743131178702","-9.10655657128203","-3.96746578835","-0.486248566146501","-5.12432332020193","2.54323268227642","0.255609016365018","-3.16340996853483","0.932322896089092","3.82080304187449","-6.75690301259831","-9.32877293918916","-0.942030947964872","3.72518326329185","-5.64120357241438","-0.989915213570878","5.39555442597001","-4.72146342452988","-2.18850388402647","1.54500787489728","-8.76902280659735","1.76696141263758","-0.366454586420124","-2.26695707423182","3.38648154534295","-5.31401096077799","2.96832706012051","2.99600458991339","0.558893533486806","-0.836416006051196","-7.6473124074416","4.74296678198357","0.163122214932225","0.996909277086","-3.01245037463004","-1.44071093476792","6.42974266172643","-2.10424631128601","-10.0374140463383","0.812055962311879"
"Random_Index6_32_0701","-3.33910183439056","2.31173503613469","5.67661659258785","3.23322235818696","4.88853563130108","1.99031372576573","5.23346095671389","-12.8994437529405","-2.72891364535319","-0.498598366021088","-3.90375306760562","-1.34837929288285","-0.774194457943926","6.8304853578077","-1.60835015364313","3.09222887058813","6.57653997432555","-4.7454978469477","-0.00229187416570961","0.898496035783278","-4.13863445172151","6.8665433823572","-2.23409257671716","0.184821863260348","2.41860769154134","1.00537122517986","0.510199313142274","-4.03323872284218","-0.445123225466382","-1.22828484607477","-3.84310327765859","-3.2311486584909","-3.98555848137111","-2.86371405049815","3.17573510145436","1.56934383037924","-4.14043116821915","-2.87118913453394","7.02078965780818","0.0396770260900731","3.36110881916279","1.1380510016597","-1.1461631856996","-3.69498698647874","0.188683273837186","1.26807998604793","5.16126496284952","3.51187604902633","-1.90148403909545","-0.483928803677927","3.44255082408805","-1.58213500436261","-0.875841801017706","-4.6008219255991","-3.56907963550454","-7.0456768245892","-2.08589790005074","1.24127213776022","5.25381448714937","1.40103009140383","-3.3066468252744","5.98461398190192","-3.00382043121476","3.78256338450488","0.937105197827653","3.63368837909469","1.65495927914076","-5.71573453281443","-1.26990267951058","4.39853987062442","-0.147573661342553","6.70531432328659","3.3887456168337","-1.05820399857858","-6.72701385299921","-4.47539806044259","-8.98023054679508","-3.92834710516469","-0.367201761585341","-5.24170258015423","2.51623288240373","0.0567190274505103","-3.10386641240048","0.902259501073267","3.68547842618931","-6.6419346799523","-9.27623637048506","-0.948901286234969","3.61536689382572","-5.30386395253122","-1.18507713687396","5.54230059620328","-4.81124687117985","-2.04077765325301","1.4830088285717","-8.17919250561831","1.78124928713713","-0.482624057210895","-2.12131818418313","3.46508984607346","-5.05864565295234","2.94986673856466","2.93655466677635","0.643350456713472","-0.663722679108042","-7.42903182341247","4.81983806742828","0.0508546471017445","1.01981539741715","-2.91343666661052","-1.57411880609913","6.48218536830853","-2.12921699596726","-9.78032484187681","0.686713864216476"
"Random_Index6_32_0702","-3.08989958172949","2.00874837099156","5.5372583017279","3.00358510202897","4.85794392797745","2.14178255203526","5.10214189243881","-12.9617356112667","-2.83468844461427","-0.155344686328399","-3.59944377870188","-1.03548263122576","-0.377127491316463","7.02894978236104","-1.35450868336806","3.2514119514158","6.37394718972736","-4.73792330051039","0.380701385689817","0.897463925984139","-4.51418826566268","6.82338995159229","-1.77161151605997","0.0730824578496581","2.02896942094278","1.3345021390439","0.537280569046243","-3.57358066363107","-0.498928104884583","-0.794148075653511","-3.79586129066078","-2.88606229153661","-3.91544356291415","-3.14654445861641","3.25098544373365","1.80561771958137","-4.38755875543854","-3.35549767192499","7.07071209596137","0.21466470116416","3.23657854468913","1.62197754274145","-1.07697020353048","-3.52950270826054","0.0210866694068822","1.04674712378291","5.00884087179335","3.2463186868975","-1.87623411474871","-0.784734269097637","3.433353208789","-1.14083903371123","-0.518517325661389","-4.48032207594419","-3.45883630356656","-7.31419582133695","-2.23811701550068","1.28404440509812","4.96240742748592","1.11965886562471","-3.19930721622174","5.699890806661","-2.78884230496903","3.55478630507164","1.27656925232311","3.4264805297063","1.71246985272084","-5.73173717247813","-0.96168076984011","4.44111647891747","-0.0583822137146178","6.5485256087843","3.04424560441276","-0.960463260896307","-7.0631004713017","-4.52824449891452","-9.18706854628494","-4.08064962210069","-0.343107646979691","-5.52247953375512","2.24725044108059","0.382621365624037","-3.08116355562124","0.718778497047652","3.58518610344879","-6.88227763006035","-9.10588911795825","-0.531183560034645","3.3633261084345","-5.61355354401477","-1.38974377316339","5.51304032382023","-5.1421035667122","-2.28816718085041","1.39585349102228","-8.56313162230015","1.72516997647284","-0.197660642501706","-2.17757061321803","3.63843196946919","-5.06310707111243","2.95226887295584","2.66505642480361","0.878056138823042","-0.602620401321404","-7.86041643387647","4.58032423070247","0.353544198091727","0.565845011634161","-2.61345244565931","-1.88714745639513","6.10056392019547","-2.00918586202088","-9.72179414280783","0.918883127518882"
"Random_Index6_32_0703","-3.18346748240149","2.14864770018652","5.62335090283339","3.15509657595323","4.82579603680968","1.87632995019442","4.98869584656357","-12.6390947781967","-2.974320503795","-0.339664075204241","-3.79805817716216","-1.00933267406492","-0.763019724030307","7.01288423577852","-1.46362313846303","3.12155204770573","6.32011291672502","-4.71676960922508","0.304073598924483","0.988948291621094","-4.32981225066704","6.91600253192188","-2.10017488882277","0.277467209731474","2.25662744443468","1.22318242645468","0.552400126953445","-3.68730849466988","-0.550203329245603","-1.01339289950287","-3.95244659048541","-3.07929730693967","-3.93615536647906","-3.06171420340522","3.23422902236191","1.80977480037849","-4.36657991433091","-3.21700883217343","7.03419184011802","0.0213197941374142","3.36642548150267","1.26921637914218","-1.04277961020693","-3.63603544833167","-0.00451484818397274","0.83658197776138","5.04685215535139","3.22801054708034","-2.13424817218085","-0.635772249066623","3.54613699581292","-1.28350427211339","-0.77447698142125","-4.37612858822053","-3.48963142494804","-7.13955258333689","-2.01620358049164","1.22805465113841","5.0543301052296","0.95831158610677","-3.27364922807141","5.78636160618043","-2.94808634695469","3.62495244057071","1.02568838203081","3.45061166010927","1.62763143351314","-5.94095105097931","-0.994375046512002","4.52329889643422","-0.127240243452533","6.63006211578071","3.14474639705656","-1.13448319374301","-6.85437160870397","-4.63174551433282","-9.0351118861682","-4.31116592309129","-0.551734668211153","-5.28488603639194","2.45736688174209","0.134339645018575","-3.18045058965014","0.874943621018562","3.73498417025363","-6.76694629487559","-9.10394645699912","-0.752996721504601","3.4248481195735","-5.57774488042157","-1.29346803167823","5.37449798401904","-4.88089119764554","-2.1102842278987","1.55670957386574","-8.31246265570684","1.80296624469781","-0.537722525631848","-2.23497039607821","3.60067305986759","-5.00003657661832","3.08089899123741","2.9226022041939","0.710505629986987","-0.746574283450758","-7.57443339563988","4.62679293719562","0.0306168448973493","0.827237596473871","-2.8417388951299","-1.61650822152061","6.21035620582902","-2.1073565046071","-9.57055897818362","0.570088755214415"
"Random_Index6_32_0704","-3.18776575544228","2.36529203773543","5.66630741543543","3.04460993494134","4.85500720203347","1.83247116556591","5.11614844550242","-12.7053350590573","-2.91633329741647","-0.550069086968955","-4.00290053750132","-1.41116231936969","-0.70630009539328","6.93323578365393","-1.60165855592751","3.2233683232887","6.16617597507507","-4.62599999591977","-0.0155745088178797","1.19315112378675","-4.16925437405723","6.83890914876487","-2.29473788300616","0.281830206962137","2.4275063800107","0.997360084558387","0.45207151086398","-4.14973319860093","-0.400611487154114","-1.31563981778243","-4.06270602645012","-3.37687288972201","-4.20906917938483","-2.75119373736834","2.98881369466461","1.61394081176768","-4.12764172887459","-3.19514889239091","6.92750887331149","-0.130525016381113","3.46257143623236","1.08525811826545","-1.42371454235472","-3.86108359158112","0.201629397752142","1.00192831498084","5.21146024898815","3.20596150421037","-2.00816699925738","-0.579490715584431","3.57484128262228","-1.4442018115468","-0.966614197035199","-4.4749272022121","-3.52683687209985","-7.11291833499888","-1.93147971200425","1.11906101432818","5.16262896510648","1.23354106439418","-3.25236934939186","5.92197021778574","-2.91408400363054","3.63755113176794","0.875539960154634","3.32271509592101","1.45061463087405","-5.8063198622471","-1.24075062714888","4.46560402186202","0.0437422683906964","6.52883676408042","3.26710077593069","-1.14147007783817","-6.76502876560541","-4.49051001614456","-8.78329619445545","-3.90692486844595","-0.705745383819751","-5.13229966780568","2.4316215359742","-0.116410753354737","-3.10453910700633","0.919397730294818","3.68995242876045","-6.79241529076668","-9.08313567497764","-1.17483484767275","3.53467170977355","-5.45456784739167","-1.08556612695347","5.53312910745754","-4.74273463240802","-1.98752222582672","1.55464718796022","-8.31913539710823","1.87951007249336","-0.62681912289593","-2.26382433021552","3.41904674685022","-5.28302970752793","3.01171563407392","2.7704356968111","0.418874821717302","-0.720610217439592","-7.4956661832768","4.67211200221597","-0.0115681246590743","0.890745567334612","-2.99192993483814","-1.45893470378243","6.17737457252949","-1.99183136864093","-9.6418380369317","0.466696968174326"
"Random_Index6_32_0705","-3.26217464462222","2.28631651448107","5.66983941489481","3.23306484634535","4.96519560281992","1.91268395563679","5.09924724003559","-12.7503020134376","-2.84284097114433","-0.542918323601087","-3.88842342990838","-1.47309495106834","-0.811605832216493","6.98463131926164","-1.60540671177601","3.05106206620199","6.3955539172476","-4.88637759862107","0.028255148092421","0.931854509484567","-4.2918786683415","7.03814698693973","-2.28218902644233","0.167149532359641","2.4459955681408","0.990774543284562","0.458552395425181","-4.04627895369329","-0.544174103272349","-1.15370994208457","-4.02745693504099","-3.37360286374106","-4.13320985724287","-2.85056832141437","2.9340017777581","1.53203819251977","-4.0235629929876","-3.17553401509714","7.02542374767208","-0.106584737234432","3.56615520836254","1.1509603654568","-1.41486727502321","-3.80880717312816","0.32532032903219","1.0812231238288","5.263416035181","3.4927329981401","-1.85828745809233","-0.391607766077982","3.65464405226134","-1.5751617332368","-1.02327016085225","-4.57102847551847","-3.63864343181136","-7.03648385285366","-1.90443786355714","1.00466338783475","5.33015115121159","1.38381776035409","-3.18552349920677","6.00554947119585","-2.89307880077893","3.92464335201608","0.788783987252168","3.36724138272615","1.50641775125455","-5.99636980813405","-1.31900234433626","4.51069750664103","-0.355317224476341","6.85825318193256","3.41521420981568","-1.00145620869365","-6.71941258488707","-4.72879151031353","-8.7944563043705","-3.79264183973646","-0.699532374165423","-5.19016467788531","2.57705391670748","-0.0123867899014693","-3.02467141421533","0.955880006971377","3.89431605080527","-6.78780270164987","-9.15038738574757","-1.04916995494547","3.73575257485266","-5.47469427184763","-1.01541760148501","5.41022594546502","-4.81189915352472","-2.10873437114579","1.41193524906502","-8.16539112738908","1.71385382526472","-0.578587451542711","-2.22709014875898","3.26722003250866","-5.17332430503225","2.87433238630929","2.9833576749879","0.550159872530548","-0.875595412723519","-7.48297903832852","4.93758690421691","0.0142850440612622","0.871509590210709","-2.94429721349286","-1.46830322033967","6.46284012659618","-1.952362633134","-9.64186655951053","0.690044845774059"
"Random_Index6_32_0706","-3.03705965549114","2.16820053905225","5.68166867831475","3.08376197426715","4.93058076348617","2.19592892695313","4.96890833250687","-12.8489729105992","-2.7108958350095","-0.223912147627818","-3.62447860763214","-1.12383068751861","-0.60030784677435","6.81314976842422","-1.2962730508258","2.96572799553878","6.33687526882002","-4.65539284226674","0.198966486202705","0.804169518239813","-4.46420001362315","6.80547148706561","-1.9643012419172","0.0942800378167842","2.38805555329889","0.954748397482367","0.258508255467131","-3.7508872558671","-0.746821839119148","-0.852139962289421","-3.7642243496095","-3.09714717287922","-4.0601645361084","-2.93630694908995","3.28673205213038","1.41368481967409","-4.1659897223879","-3.15896288148003","6.86634625319805","-0.0679066148763955","3.22338323473843","1.4555170723741","-1.15816588795187","-3.52735724161334","0.101664804461639","1.00104548308911","5.27532557222551","3.36317005761704","-1.91967440622382","-0.425377330401725","3.5445530518797","-1.31758188346248","-0.680990268876048","-4.64887706253572","-3.50611657833452","-7.09038876768179","-2.14620374401478","1.42505097806744","5.11354456936206","1.09463353159769","-3.12191579570421","5.86028244101027","-2.78382885498081","3.69268723006194","0.9788680982946","3.55142623548668","1.5879483409953","-6.02854675267973","-0.993498411964162","4.44769952703939","-0.298250736190857","6.56506196949025","3.38249589599243","-1.23844009588117","-6.84036290859976","-4.54474148575472","-9.11576644647385","-3.91542765777549","-0.360884126024655","-5.19199521655323","2.5178894402097","0.258077011954964","-2.99575382672314","0.767458304087232","3.62232435036998","-6.52960019511256","-9.2332429162856","-0.785023954203989","3.43261327000877","-5.69543057493776","-1.1446285089908","5.35258034832477","-4.80787828441561","-2.25103057080998","1.3102160150238","-8.2804581090334","1.73989376589035","-0.247959002427086","-2.18530345388781","3.64839126387655","-5.02525091688855","3.11926214439384","2.82630138775698","0.788313040624235","-0.697526415521596","-7.42546981906853","4.70466788861061","0.302206003751643","0.849526986981398","-2.72728370712728","-1.6001312604653","6.29160063724819","-2.02786005561966","-9.6209902161324","0.924119562129802"
"Random_Index6_32_0707","-3.13630884299812","2.14280695027844","5.59577648657705","3.19604515296694","4.91022324211941","2.06332426789584","5.16548788874262","-12.9015253459951","-3.021860240241","-0.399055383556821","-3.850155015785","-1.32036339364541","-0.782241952226007","7.01607849423228","-1.57060381778763","3.16463018122803","6.36254068444504","-4.85135057361983","0.157881013189275","1.00603807979326","-4.46442478514031","7.01000429727513","-1.95540653359632","0.114035823004284","2.21446233938706","1.07133488678646","0.602440191926617","-3.69041121052881","-0.564324170370156","-1.16210067270434","-3.92124548785421","-3.06425409175691","-4.08840536167742","-3.08218949346229","3.10477357952115","1.72866182954828","-4.44185435430969","-3.19323791682462","7.21585062602073","0.0789111851978239","3.47146063443861","1.48939895754216","-1.24642887155569","-3.63798289680695","0.116140940432444","1.29732783614575","5.09473536728354","3.32137600577379","-1.90786293276356","-0.703346626952226","3.43071990699682","-1.3642730921209","-0.832788739415434","-4.5007607598748","-3.51595243613186","-7.5303436016494","-2.04882527647529","1.10252884304708","5.05519035933393","1.21412496022957","-3.35433667581938","5.89414189778348","-2.90489888185359","3.60570016179887","1.16643481677204","3.30951068646636","1.62206749361984","-6.35658598395656","-1.16407131390503","4.60059479943422","0.0100882617702363","6.55209436968895","3.12154525907799","-1.06540007032512","-6.95164250671609","-4.766214054125","-9.0256457545301","-4.21736551258055","-0.597934401425047","-5.31306908610518","2.31944424071459","0.311765766089251","-2.9747524116726","0.933696680388059","3.77898583241215","-7.01193348772234","-9.38483577196672","-0.75363157018695","3.57905819786482","-5.38209890430433","-1.35827757881845","5.73004498129963","-4.95288479451608","-2.23596758242183","1.52066505190065","-8.54405202363721","1.7537663854201","-0.463146489977031","-2.35425347700873","3.54014767997952","-5.25873196447845","2.93185232170413","2.85274966059403","0.853152553708377","-0.755572698329641","-7.95118443245634","4.69894144578884","0.362787664971288","0.676427684392093","-2.67812373481265","-1.53742339072539","6.18872554676893","-2.21877462485804","-9.72617359293457","0.995533251751841"
"Random_Index6_32_0708","-2.97800037916311","1.94811304278618","5.30206907251825","2.9198614250732","4.55130453711291","2.24944542249404","5.04563026238966","-12.7895146499092","-2.61750768067244","-0.0949636355785978","-3.48280031187883","-0.968838338059736","-0.43331616047818","6.65037433673435","-1.15984371647007","2.92432694342494","6.0910795438881","-4.50031200800739","0.4918277463569","0.792058050760636","-4.38935902433798","6.5755020218704","-1.8746042747542","-0.148850410588075","2.23077597593532","1.24452708544283","0.388284387495658","-3.53289851062038","-0.620114296505247","-0.762746231282228","-3.66478208803899","-2.80900583545493","-3.83467888713582","-2.99254683600489","2.90236508352427","1.78355415708789","-4.29151112991231","-3.03054715571092","6.84959704061338","0.307978870450117","3.04039034377707","1.62397071987634","-1.10670265561609","-3.32465534428329","-0.0243134072824619","1.02259414081746","4.86315984358604","3.18212792374938","-1.54648175850142","-0.762239187166586","3.25456310795691","-1.05115408641396","-0.500851690855097","-4.39072782579283","-3.35484328540265","-7.06564976675997","-2.13977658874649","0.914834621596971","4.81176272422763","1.18293772835824","-2.99095247804284","5.63273836500414","-2.72267088277585","3.43664318807492","1.24176776956667","3.2173790729955","1.68783510942854","-5.61872284582473","-0.949059769235157","4.2109129184789","-0.111705332463755","6.30505227541206","3.10458886658889","-1.03142407749312","-6.66810687815869","-4.26425766539537","-8.8745020993017","-4.03191666883085","-0.24802751649165","-5.26964469025063","2.20265972077283","0.336581032468983","-2.96378155519304","0.686242220566475","3.41113777507111","-6.5180804763325","-8.95153666210054","-0.534467424958044","3.38400738296063","-5.57842267820139","-1.40503245871125","5.24107058226092","-5.21639786341069","-2.29722851677073","1.07639617106086","-8.35921708150695","1.48073708977656","-0.109992618797076","-2.3254498830662","3.21183252532711","-4.91944648867112","2.73857976942907","2.63075947804632","0.997803396656326","-0.471573173463626","-7.49480652143138","4.46658172756099","0.488517238017182","0.687460461607606","-2.54521358395197","-1.75945737792179","6.05534619445258","-1.87131602549486","-9.44712379677947","0.908082888654541"
"Random_Index6_32_0709","-3.12506536078888","2.1683403550443","5.37530559015113","3.22560797392362","4.81594585431801","2.22743674921002","5.2345131103792","-12.9111639732389","-2.66496500894833","-0.417983421796363","-3.72867650103765","-1.28517245713752","-0.693125743833792","6.85210746851204","-1.49004418684618","2.91068223483795","6.46230306643293","-4.63549871047436","0.250228889473408","0.698069388536507","-4.38331836854211","6.85199143452294","-2.1148227602255","-0.093859197035417","2.37736777695972","0.973502997474867","0.143478319515131","-3.82771170118751","-0.5342591645928","-0.997005529349763","-3.79491669939576","-3.099437355164","-4.23850653716004","-2.85437984599468","3.14340353732361","1.62312310400749","-4.00672266026405","-3.00580615923011","7.06687524825544","0.139106477624077","3.54259222183108","1.41486423584651","-1.45417957933616","-3.55284704172749","0.316444265179975","1.1737262538661","5.19927408654558","3.33466837214982","-1.90063333009883","-0.420052038263336","3.4505539903985","-1.4141589574767","-0.778137409227464","-4.61611927522226","-3.62761703450667","-7.20013023799806","-2.11712229054923","1.14962329028058","5.17286754076986","1.21426464882195","-3.04646319614653","5.86523728122184","-2.77855181566503","3.80908012824862","0.957122344019949","3.48892108584084","1.57360735024449","-5.86524185998697","-1.16110043323446","4.41677014115413","-0.256619343239695","6.69915086753225","3.52492248659764","-1.06166679488416","-6.69036240383802","-4.60844918141323","-9.02897361227915","-3.95243907306582","-0.394980963018988","-5.21657589313215","2.60571288786491","0.197604196611911","-2.95991456411091","0.866174514897902","3.75507756262323","-6.51964799449325","-9.16275962651952","-0.960247276456844","3.59855534086299","-5.52138790529421","-1.01665223167497","5.37433840267359","-4.76895422979851","-2.28015706229919","1.12661346048902","-8.47838826368609","1.51151546381723","-0.293652783983003","-2.36240161371073","3.4147767083143","-5.00945560619302","2.9419709822299","2.84184537396526","0.748922027740657","-0.78011905479024","-7.75697971929211","4.72126843809046","0.305804856115465","0.838515916536705","-2.95016757748123","-1.40582158965797","6.30786715346841","-1.91200727812637","-9.68114501332027","0.906856242898833"
"Random_Index6_32_0710","-2.80829653487602","1.89854564146687","5.44097398567398","2.90493974916668","4.88262293021752","1.93312270608441","4.80597823387127","-12.7642507558249","-2.96918754854811","-0.135742250824753","-3.6057935008254","-0.833860533913969","-0.316876700724193","6.73803719101512","-1.30766883875022","3.15542949989338","5.93182277877036","-4.87960490696067","0.540605918727695","0.943595025707794","-4.14595385363029","6.68136501054571","-1.903199831249","0.0866408932503912","2.04775159492579","1.52414699998889","0.568959665959294","-3.65606947622241","-0.513891535987065","-0.865314435203658","-3.99229355389076","-2.96093591325253","-3.77254659459587","-3.03809417053938","2.86192814551722","2.10170409746349","-4.58927307429021","-3.1335696829793","6.94506069818805","0.068389183732455","3.0971542664184","1.52654916791698","-1.09000537970899","-3.40004843230212","-0.172552856482867","0.825542849950497","4.82952706497055","2.91221650591036","-1.85607623134027","-0.992488029624441","3.36331986907941","-0.987625769136294","-0.334511897554616","-4.21388372408064","-3.20910945523872","-6.96401579733081","-2.03517286302428","0.860422174353338","4.74966328440571","1.17731093060711","-3.3028119625578","5.62748592519034","-2.9205166020293","3.4123932828046","1.21692327418105","3.00054662426872","1.80586944110357","-5.55521560929498","-1.06214165524981","4.16721909870974","0.179589745793906","6.34392028298855","2.90822104772743","-1.06363568392965","-6.8256731993618","-4.16918797222268","-9.02110556721579","-4.06989806134964","-0.373179385155269","-5.29579074168215","1.97890141253504","0.168365452481313","-3.20526016861138","0.604511060510159","3.42635801577477","-6.56847489823995","-8.90296511908353","-0.405798338154217","3.23537165772826","-5.73415376984667","-1.41857298321306","5.4223831401014","-5.2163040088676","-2.32575430631088","1.43488142232472","-8.24482626015315","1.83076961487432","-0.259822007882587","-2.22421876450879","3.35996559200023","-5.04927221945038","2.67069715026841","2.54721532694612","0.72323385219141","-0.558142230273014","-7.492694799568","4.25638664847367","0.291135225042561","0.732140455233464","-2.37847338055205","-1.97226787282948","5.83967816911061","-1.80377842800215","-9.55442415966717","0.682697819984073"
"Random_Index6_32_0711","-3.07401099869524","2.25218515368143","5.54097763848348","3.23693482708656","4.8064885048501","2.17475212942991","5.22106361672579","-12.7328134592614","-2.73944741260816","-0.170664880840557","-3.74096211384817","-1.06264677969255","-0.529719542245635","7.00924496657159","-1.45309168772955","3.06510558067797","6.35798291165169","-4.63606671348141","0.181461630601782","0.783462627962879","-5.29142285166964","6.95448055147296","-2.01002048892786","-0.100904397830954","2.33887266325308","1.28944387658473","0.215119928544885","-3.64015019878338","-0.622213205609734","-1.02408473095948","-3.7405172110106","-2.89939466594521","-4.11448408837433","-3.16040065543464","3.16918152757375","1.86665230846889","-4.0165922004381","-3.10615178091692","7.11039032336249","0.182547506543213","3.41838672306495","1.46355939495236","-1.16415768929134","-3.61444389320334","0.100319118715076","1.13311521663231","5.07992536457903","3.38611741689271","-1.83481567312989","-0.531798316185794","3.48537445007497","-1.15988757970903","-0.763238013155115","-4.46206478938653","-3.52561817636415","-7.22833659428661","-2.06091221306085","1.0871396407894","5.19317276157726","0.958791002846003","-3.02385254565647","5.87085191606011","-2.52891700958528","3.76647492942292","1.05670964096619","3.38076296105462","1.5333078131197","-5.89466283828297","-1.08145091266643","4.43577273783473","-0.16680855100595","6.65707266365319","3.28832079026025","-0.909975226559","-6.92997554255768","-4.65786241640521","-9.11417479209311","-3.97707029885919","-0.0879755004849793","-5.17950363193372","2.62617518892779","0.153904340207105","-2.69917876713027","0.958261671127138","3.85690946002824","-6.62655010200704","-9.25179172874708","-0.750732415187743","3.50739827025845","-5.70297704272499","-1.03231134849867","5.31034838462296","-5.10149802251908","-2.36459717397108","1.37976022715213","-8.54664524093779","1.4507424996186","-0.227410027938814","-2.40144976006672","3.41760531270987","-5.0117820351546","3.04174237922784","3.00972700624976","0.966379388438637","-0.758747312482331","-7.55152695857019","4.68904641910725","0.285608942445893","0.726015777064946","-2.70346873712737","-1.62310586460586","6.29044355254787","-1.79920024959221","-9.41941567633858","0.982965788539816"
"Random_Index6_32_0712","-3.14078134533037","2.03069399038339","5.51365798195442","2.99875535974028","4.72756023766209","2.16355755427698","5.25724494576682","-12.8271386763558","-2.60820551065136","-0.290105810362268","-3.79051994331498","-1.19124237001456","-0.604418571581678","6.72360474203229","-1.43925647564974","2.94393704725059","6.30082162643522","-4.61889049778458","0.261477946643628","0.81130210707831","-4.29050318084623","6.65599450047715","-2.18351128894347","0.0188270587913396","2.27305051411094","1.18532707743007","0.350656207252079","-3.81937817630602","-0.544405162201707","-0.98752278441768","-3.70799648425711","-3.01381261095047","-3.95919729745378","-2.9426696925945","3.10026337734617","1.60472845210268","-4.09900162599901","-2.85433046332687","6.93666130875137","0.132787977677124","3.21781353509719","1.42293577023724","-1.39350236646724","-3.52919027502523","0.0524775786208238","1.06575994076447","4.93819460389268","3.33877715706121","-1.80979762221969","-0.628733277207163","3.339920012501","-1.33794411362481","-0.672345275661162","-4.63934815824351","-3.48502061748548","-7.07425468792675","-2.178033431967","1.11555456166252","5.05999489551497","1.38820362139091","-3.12508797849471","5.76807832572158","-2.95068493931028","3.60798173507787","1.07424536573271","3.36985318337436","1.67456320347717","-5.68826787685603","-1.13434231794262","4.22647564007897","-0.129059608233579","6.50897543554201","3.12013264117169","-1.10464927310952","-6.66170760539981","-4.35144679569935","-8.98368287639114","-3.98044949901361","-0.419979898302036","-5.13126809502644","2.31664879943834","0.184154759187152","-3.10237610125739","0.858712592954687","3.55228093501838","-6.70013177396253","-9.1771257572844","-0.860775291294717","3.47163940961886","-5.43351141573297","-1.22221247916622","5.34638717087571","-4.82324454794434","-2.35406750312956","1.33179861875436","-8.18396782673077","1.58616982751516","-0.244970668622446","-2.2253658511084","3.37658255937845","-4.95046854719449","2.87919139382204","2.70931806217658","0.819364545634121","-0.589757706680936","-7.55529502857146","4.61108561819048","0.260401900757856","0.760912725006938","-2.7373689485303","-1.59969890190369","6.17428740191278","-2.0011252012506","-9.77688105603534","0.855043111792267"
"Random_Index6_32_0713","-3.2890599048291","2.14064676698316","5.44581909714491","3.13051928219001","4.71012908714002","2.22599123085851","5.26349277748631","-13.0941709997375","-2.73227933248007","-0.371996748242836","-3.67693685531095","-1.32100246559079","-0.615907050177727","6.80888058938659","-1.51092702100359","2.84171095688751","6.39530469323619","-4.51659448329122","0.128612731515449","0.773098788057037","-4.47145624127719","6.81426051350295","-2.07092048688518","-0.0661219289594078","2.45217201158924","1.13319689490166","0.319755598439864","-3.8006010574988","-0.69736809585586","-1.12575330776208","-3.72971266327663","-3.02083435470064","-4.13543872617883","-3.03015365390028","3.20817801926656","1.50392015456031","-4.01233926534578","-3.00953852239898","7.03871285558921","0.193024913716116","3.20784731094182","1.33796199417498","-1.19214360153116","-3.58297420279668","0.0464181595993383","1.24219156101939","5.03691709544494","3.40886487719713","-1.8618874152942","-0.519605448784284","3.24039684140243","-1.39037695737875","-0.819452913834663","-4.5400198840514","-3.61695013095292","-7.12845083613834","-2.11383499221139","1.17245388013245","5.0970374799304","1.08441694480161","-2.95592717620266","5.71344440968986","-2.61464331939055","3.59076537202641","0.954661291705155","3.44960964054258","1.45140413344411","-5.66662419381479","-1.14234158467897","4.33240589510706","-0.285325168503828","6.52279162276167","3.27357942660603","-0.864579374668643","-7.0257077070581","-4.63241343302834","-8.80962281270914","-3.95992207769537","-0.230531254706842","-5.30051552218094","2.51346841697006","0.155597646107484","-2.75571373287472","0.966629132816632","3.58870021590072","-6.53799469558417","-9.46157505983355","-0.633924536492763","3.40448588170269","-5.38198292623888","-1.06079969637477","5.3151756660473","-4.86904135379974","-2.21052808501618","1.33907576111345","-8.30681187191307","1.4940410402958","-0.286775651155356","-2.360184564713","3.45477175294345","-4.94803614536389","2.86171245423852","2.9248598558106","0.895743665202862","-0.505835918313075","-7.53966190319796","4.739181768661","0.34324396694804","0.777797328168169","-2.62476403149592","-1.61562328466881","6.31395656816559","-1.93082810824167","-9.50170649545495","0.961837182777866"
"Random_Index6_32_0714","-3.46101251553989","2.35277502800504","5.83637898876466","3.43187125215904","5.19375185688808","1.87380852879612","5.19420972567036","-12.8731340860801","-3.17649145426842","-0.570505899801958","-4.04804594794286","-1.35889417862921","-0.734068764525909","7.28629953838092","-1.63140649973335","3.1859140049297","6.64046162298926","-4.92719408466515","0.248898639643207","1.04914014313757","-4.32050754789865","7.18048789900204","-2.20811656417672","0.21297222229066","2.3850982617914","1.0179708393257","0.562413148269201","-3.90674626686538","-0.328211442010146","-1.25459614119221","-4.19740192881117","-3.28703869595039","-4.13418158334356","-3.07390762062957","3.26207609188975","1.68257603937349","-4.36232483355484","-3.21172899699109","7.39113042019767","0.0679830256758766","3.54603214785245","1.25132303167089","-1.41240338203213","-3.81215790338946","0.421899427733351","1.14625587028818","5.32272168005332","3.52167832124929","-2.08177415804574","-0.603380806906652","3.69816744100792","-1.58211944272057","-0.906610331179694","-4.4181948393469","-3.81439545376396","-7.38245951399487","-2.092259959918","1.16831466407467","5.30801553129517","1.20220698568781","-3.46966815931099","6.14507135986786","-3.18982842561792","3.9947681252557","0.960964585547315","3.58559805097122","1.50601783846191","-6.13315301090919","-1.03071412726301","4.72929165329742","0.0713652752626679","6.93329143684451","3.35361800016435","-1.15604859220374","-6.82126503623122","-4.70371617060475","-8.8608039642354","-4.3143183140569","-0.778086507828388","-5.20680751018777","2.62484080792612","0.224581293053101","-3.17912781069366","0.949137798262423","4.06462698602111","-7.11235879048816","-9.24761555657362","-0.961378824207245","3.78311264916742","-5.59743658433256","-1.10188322751275","5.74628881576718","-4.85551259916772","-2.06129043805637","1.59881278616033","-8.40435906552338","1.85817908650761","-0.645530906929591","-2.22956162312298","3.70429094317306","-5.3399497307166","3.17718996713539","3.0910085411825","0.627795090010481","-0.719817534363437","-7.73616826748696","4.82606906426757","0.190176647773667","0.78499152353588","-3.24876127888926","-1.55660791929948","6.43978957743304","-2.20591953481649","-9.77779394621367","0.767547279065015"
"Random_Index6_32_0715","-3.1488507421941","2.21541076193109","5.79533031243021","3.33394393806919","4.88516621890683","2.19256704076142","5.22976700770854","-13.0268280646523","-3.0000268692095","-0.343402499070986","-3.72178960505297","-1.17197299663282","-0.720339352710964","7.08625551773077","-1.38176292902297","3.28855489719447","6.55528834508463","-4.65598281021497","0.217073293266353","0.881098052377116","-4.49342583658031","6.92992291476416","-1.85389588072184","0.0573254220049235","2.28096509687468","1.3703850352493","0.524425917922955","-3.73242868548814","-0.381822948228484","-0.972733625907059","-3.96503710605177","-3.08378340721679","-4.06181747858659","-3.26560582121553","3.31998515136573","1.8084762073487","-4.58165499990055","-3.008419581001","7.28866927703648","0.131371093467471","3.36505361273973","1.43825849577803","-1.09153774459966","-3.53967196382292","0.205122519069928","1.17815385562876","5.07521729334345","3.50840069712357","-1.93193609603858","-0.695973762299461","3.40042509954088","-1.28842374692652","-0.718450273110991","-4.41402223869026","-3.79973209348383","-7.25326554273708","-2.22373011794342","1.36868444182161","5.0426074977571","1.04406037979847","-3.33457787564591","5.87887255307193","-2.82978502754319","3.65753684585942","1.14515232739562","3.61841526131539","1.6063406518885","-5.83642976853644","-0.964418662516515","4.48227809713169","-0.199222515555744","6.80237417136861","3.15129459562803","-0.968782362626741","-6.91753372806302","-4.60194548013657","-9.06752696098381","-4.16766677211491","-0.507799070513609","-5.34462764925088","2.42211351029685","0.296180922100586","-3.11155158471426","0.795153563776578","3.73739644817123","-6.63298034495708","-9.24590654033902","-0.825906703133287","3.28371379106864","-5.52975338833045","-1.17236656946965","5.50011604389135","-5.08311249834446","-2.20512012635425","1.35675863435633","-8.62967717223614","1.78501973478815","-0.435125443035144","-2.29401355760999","3.78063818678536","-5.14677209162366","3.11306633721764","2.81005415799395","0.99587276711123","-0.623059277814831","-7.78410420856361","4.71292007805245","0.455319302567069","0.533627389174762","-2.60702996693796","-1.80758423536477","6.26008391175399","-2.05388797111724","-9.60186797666437","0.844496504669257"
"Random_Index6_32_0716","-2.98048631625816","2.1390046534935","5.55233563684475","3.27152458488272","4.89286351803396","2.04554023932541","5.16546078372025","-12.8105215499511","-2.89615756272545","-0.316216560528284","-3.65497691515555","-1.17364869087802","-0.583582056753458","6.88523828097503","-1.41614271568894","3.06788389947165","6.31363176876819","-4.61713719267079","0.347173129929127","0.980469043445638","-4.52029530580604","6.86782568802003","-2.03111963681792","0.0431201236261452","2.28779058524649","1.23853701491139","0.400678361402454","-3.76925238772734","-0.485168790528373","-0.972493669800832","-3.9160319059874","-2.92250419840978","-3.97680651847996","-3.0985361126177","3.07307235322254","1.69248873940278","-4.19565113390091","-3.0734167582291","6.97963329814265","0.0750192370806845","3.51012966770595","1.40169255532485","-1.1516994553577","-3.67538503888249","0.246254885552499","1.02012339814397","5.11383059691434","3.36300971800814","-1.82957717391761","-0.573943059954898","3.53766844294951","-1.26787842079594","-0.638652424748514","-4.43988535125234","-3.50669824165634","-7.29458792724478","-2.23716372927572","1.06911111568107","5.10245005494191","1.29345392433226","-3.20361588255563","5.8738022855446","-2.84820265521881","3.71572877804051","1.19761047329248","3.38340109054962","1.67353807426744","-5.8156064301079","-0.971131245615195","4.49666990841991","-0.040169995185558","6.55807266625158","3.17641402244223","-0.912315282487581","-6.80173993936912","-4.45243291451581","-8.94086911387683","-4.07474580649942","-0.432848055245871","-5.04144483163147","2.61310810776288","0.180375230747928","-3.0924796785725","0.826905110678784","3.6770749680363","-6.661142525952","-9.21219251408776","-0.818314307280276","3.48540213371498","-5.61523577634258","-0.995843848026573","5.31994509882188","-4.95902319151053","-2.30703974421747","1.40574776919568","-8.60190756965516","1.62184846609708","-0.329193675611193","-2.32221165242556","3.4361988080351","-5.15099217418996","2.93082527580384","2.84444602456938","0.776312869278833","-0.69760717882983","-7.703616908363","4.70909215956542","0.15727072907901","0.694371074239087","-2.6761378554888","-1.67053257469189","6.23030223792173","-1.88288826029902","-9.67938229230048","0.835074903616006"
"Random_Index6_32_0717","-2.98466220628214","2.04765279555193","5.31746210130509","3.01776124290544","4.7358387344907","2.1067828885148","5.09869698587429","-12.7998893375263","-2.77092078145309","-0.257706069152687","-3.53315231423654","-1.15883645116193","-0.497154061170346","7.00411738604718","-1.36227408531226","3.22100370775926","6.58498542982995","-4.619488071626","0.34006311683444","0.894707350368874","-4.44720538085676","6.81715593970816","-1.82847469447477","0.0435762367579963","2.15926162840084","1.03917949586515","0.415347296899326","-3.63457300131256","-0.55561922901687","-0.93020085598858","-3.83010955241354","-2.8810038949578","-3.77311760338635","-2.78838540531753","3.32073664989167","1.60394803349391","-4.30720915123474","-3.13435774997817","6.95359505939332","0.205542059843011","3.24502734274107","1.54259384084765","-1.11398747453179","-3.51343623234402","-0.00262590017283641","1.04001471853816","5.02471633847895","3.1664328393688","-1.82814025843455","-0.704085625200415","3.38170347554201","-1.30961797004542","-0.578857057358987","-4.64144043372173","-3.48855726734609","-7.35402721933191","-2.05279415343353","1.30151557035136","4.99672641304519","1.08141188314984","-3.2012388905231","5.70551777373202","-2.80975855130777","3.5665399435426","1.12562679700333","3.58271182575088","1.62893750278916","-5.9106545779221","-1.17680496203761","4.29828092876029","-0.0899946812006307","6.68166058460152","3.21527126306609","-1.22546779799911","-6.84128169341594","-4.68061247642615","-9.03667328756344","-4.10376322359689","-0.581201536222081","-5.20446440438261","2.43866793084986","0.378003347173271","-2.92695173452779","0.828459892960772","3.71684268961699","-6.67550704665411","-9.07064681970378","-0.825354126438408","3.4034193547526","-5.54003114328153","-1.21269334572303","5.35953226401097","-4.83271730498889","-2.31257242469864","1.22700786378407","-8.55086425937531","1.61226108578985","-0.284066708173684","-2.3937452686423","3.56173540528557","-4.85524127972442","3.18921682020202","2.84279784294656","0.852118248498684","-0.606781307901562","-7.62006258696069","4.62589681162984","0.468602030514061","0.57965047630193","-2.84226017701607","-1.73261430352966","6.14346705124029","-2.18641410755418","-9.63226010811794","1.00578735147752"
"Random_Index6_32_0718","-2.86355466167484","2.01880884833568","5.33143391941704","2.8926433730542","4.79625573954646","2.01813418516153","5.20076877240359","-12.5420784829739","-2.92274474211612","-0.0697000365178511","-3.56503977762085","-1.07377620276385","-0.3941709669812","6.96105774568515","-1.1673471121699","3.21226741956334","5.99810984157357","-4.80021637468995","0.534051246999592","1.03114292267381","-4.43131992053899","6.66110428664616","-1.97351393118336","0.00181239125756145","2.03130955368305","1.15175184285596","0.185090336683561","-3.67096696365742","-0.445496174621085","-0.876945363823854","-3.89327091105242","-2.82091063656894","-3.83683250791992","-3.02646373440369","2.93146082200173","1.82279132843738","-4.25722249525054","-3.3199568713815","6.79097177037951","0.102072332057823","3.05232907108154","1.49733327542372","-1.25895959419219","-3.74156985457672","-0.0403245324283336","0.813937698216758","4.99167336913567","3.05830275025253","-1.87606876622133","-0.891096462218412","3.59852655466436","-1.14762544829208","-0.490542264116062","-4.3199063818091","-3.01227012699358","-7.12695260809016","-2.10629031862219","0.951271148780879","4.8659366011459","1.02715009019152","-3.32323205704109","5.73756321373884","-2.85006834918449","3.65536551662319","1.19132766468915","3.17858585335338","1.89075806751109","-5.67150189681428","-0.946182039895044","4.2305447314073","0.222603067158377","6.44097788340484","2.92528850954093","-1.00623167097352","-6.89566072864827","-4.24285163898868","-8.83956543812275","-4.18351581679801","-0.507284230360935","-5.14919324471678","2.31108826828206","0.222269107648377","-3.08134033944422","0.616842507699816","3.73767641575183","-6.69638772819062","-8.7048912796534","-0.535607273822832","3.35531703409722","-5.86575235379449","-1.33753449899779","5.39302957493933","-4.78175018315254","-2.50289187236016","1.38764824023453","-8.45684012127223","1.7120915920994","-0.305721473214232","-2.09597192881486","3.35273087564658","-4.89917537079413","2.77817809520791","2.67470080556112","0.803303168517009","-0.754525175901253","-7.62111477914559","4.50682712373463","0.15864405296874","0.623299961322652","-2.59917239710174","-1.60548611675236","6.0614384091881","-2.09199185616377","-9.53948843302079","0.88671053942983"
"Random_Index6_32_0719","-3.11753855098577","2.05759367833634","5.54956385230992","2.90540886184755","4.6630031553697","2.12600404319508","5.06988561620426","-12.8548296569007","-2.57767933824716","-0.100987525070772","-3.64823480296572","-1.02873806346096","-0.423634896002837","6.62692279015514","-1.46425693482541","2.8327214268348","6.03649155117772","-4.60985755668432","0.311211297024043","0.646059581720736","-4.2882853335878","6.51027560901653","-2.0597518115447","-0.266066030409235","2.37878123027924","1.16997169218358","0.251874153936604","-3.69505845575601","-0.709415990765035","-0.942904639402682","-3.78951759282531","-2.98317265131773","-3.8551352232094","-2.93744128059207","3.08188530191953","1.62711093721782","-3.9834985869277","-2.99281784894589","6.66169662855642","0.0690707650660279","3.11357873591808","1.35707654689114","-1.26205189237386","-3.55897096411811","-0.00355660588940267","0.869041841800885","4.88884051468547","3.27741214037294","-1.79172344373233","-0.606075506135307","3.38548686440243","-1.25595633342355","-0.705005683652869","-4.4707950078395","-3.3850947019789","-6.92094039998225","-2.47563647950251","1.10614606503986","4.95633880223051","1.191163043714","-3.10586331657435","5.78336365731904","-2.89801079681359","3.58083086617724","1.02632761868949","3.31809213050678","1.63337643227153","-5.72757595408464","-1.04646938283879","4.10198596264131","-0.22888226892548","6.31498412660087","3.02030921967146","-1.228946680503","-6.71209256772884","-4.28655336280147","-9.09827192548001","-3.89727368895041","-0.36320545348147","-4.96810370435534","2.24381310137096","0.153652039909878","-3.04242739094091","0.752254978779261","3.47900705973847","-6.65364653984876","-9.17544386701365","-0.828399774875265","3.37576338230867","-5.57661882361752","-1.18957436774904","5.17652608274189","-4.81669999690159","-2.27784789928919","1.26464743497827","-8.25747553076719","1.52663433033982","-0.183945579296902","-2.1357747318366","3.35721246038875","-4.88742850547927","2.94698244664557","2.63000060326945","0.847630392438406","-0.682383174280798","-7.51213021133974","4.54621026488432","0.341695997947372","0.864426909973819","-2.64311310972584","-1.63238708688505","6.24852232239607","-1.90885782289492","-9.64788964425959","0.782988715914918"
"Random_Index6_32_0720","-3.08795672182749","2.14475482211488","5.43916803126768","3.08846468728108","4.74224533261584","1.87568098471608","5.00560162093962","-12.681725347068","-2.88278725377808","-0.263090904656896","-3.68591526577104","-1.20270451770555","-0.570412850610903","6.86357293640939","-1.45570045032498","3.0227684184367","6.32859347601815","-4.68315246735268","0.212241459217827","0.91754497516841","-4.31333691645442","6.77793572718289","-2.0658053388268","0.167452046277974","2.325526350354","1.10987813735975","0.337151521363245","-3.79421942193028","-0.448864168694983","-1.02567429905398","-3.88435309422888","-3.04814905505235","-3.93945877990676","-2.89745397614788","3.13352194684427","1.62813485700706","-4.16245640356515","-3.176200467607","6.8578069896","-0.0294807299237829","3.23609403908764","1.2513264707006","-1.24379594470182","-3.53841394241858","0.11607715677284","1.01030698417263","5.05523021476951","3.38277928113492","-2.06777153067446","-0.551106328392418","3.54267232941413","-1.29221888026944","-0.723432190045667","-4.3031906280735","-3.53375294341968","-7.01623879845215","-2.15756574323385","1.12471725576271","5.03007424025955","1.15356089294776","-3.17470210029061","5.81760058299685","-2.90102754820536","3.64238923142221","1.01656005735496","3.37855873383522","1.5665726752591","-5.56150977991332","-1.04296937160949","4.34490646636853","-0.143058750650132","6.56387070401837","3.24317648352633","-1.10599581541776","-6.80219511955888","-4.39933001498874","-8.87296779153152","-3.89094716550895","-0.514826288507324","-5.18169057316379","2.41573843431217","0.127248614390927","-3.13301689789734","0.820579601004792","3.68886543925799","-6.63963185900838","-9.00835000999621","-0.900558704623745","3.57205454358051","-5.52885406057448","-1.13039166689207","5.29594759766578","-4.84440465297134","-2.1484606485095","1.44704064810292","-8.28052305822196","1.63227695174676","-0.472819081363959","-2.2055336521411","3.36602972797179","-5.1497658061517","2.84504339901802","2.83297086861233","0.676537564212932","-0.730559141105314","-7.42352766713997","4.70518449550088","0.191699936642478","0.771866752508588","-2.53968606124833","-1.61328277077751","6.29125682047059","-1.98172188894983","-9.5571836204099","0.722947737236641"
"Random_Index6_32_0721","-2.83462926075448","1.98406792892874","5.6759762203159","2.91491505564559","4.84883381588888","2.24500952706612","5.52910856434263","-12.8931247065351","-2.96522202892373","-0.030817529273001","-3.58097773514615","-0.966526262560923","-0.394264624915575","6.96448071559616","-1.12248617614882","3.54013546065564","6.28832080553172","-4.83108934448677","0.468472297286366","1.31152318174876","-4.30549007656355","6.7734480277972","-1.81026527939453","0.184345309754157","2.06964461118044","1.42829529563566","0.616629945873397","-3.7046282393531","-0.407956592642233","-0.929281087058639","-3.94974391791886","-2.92597539118628","-3.89520830404252","-3.16758091164049","3.28135875478408","1.91333745975933","-4.44289035199875","-3.41191258233645","6.88805135080696","0.264114170590228","3.20587793618708","1.73485007092471","-1.08974152346386","-3.62705625402181","0.0664093425174377","0.931462273445979","5.0845687464509","2.97006916306551","-1.82328282576109","-0.917862462326389","3.45960821646244","-1.13905371471471","-0.490564522084667","-4.4311840631805","-3.25677962113871","-7.28116117435847","-2.10420803128321","1.27572596296437","4.92791063729795","1.17873654603356","-3.33854224565962","5.76151159002231","-2.97341127460178","3.4627940524256","1.45184880454089","3.33190490513232","1.93520553786563","-5.61117012650049","-0.937301845420924","4.43050959667718","0.106919323987346","6.59242193293457","2.96062734522539","-1.04543097714733","-7.10395836224535","-4.29859271822029","-9.04460830572998","-4.31546308794315","-0.303192060212447","-5.44814544951824","2.22600109976946","0.459892264267552","-3.07100039010978","0.813986341905169","3.5396688807422","-6.85214568117355","-9.08370572097393","-0.529693254588788","3.26013355181178","-5.64740569008003","-1.45262618459072","5.65784353765484","-5.00304891567717","-2.2356748944733","1.62766643863846","-8.37495635917014","1.90027477592187","-0.214522577616216","-2.07555103375713","3.78548357780162","-5.06398125943638","3.00769739282202","2.57613956281038","0.954380137494916","-0.498783938885166","-7.82768426121603","4.35882584484791","0.567616204557364","0.901675489733632","-2.63226493191451","-1.83790524766747","6.03868466677701","-2.00479981574095","-9.85870259718829","1.05762172639369"
"Random_Index6_32_0722","-3.05260202742962","2.2856636585249","5.75960392593915","3.24178885616733","4.97023628752204","1.90487210559225","5.00261464362747","-12.7733993383442","-2.86024833649286","-0.474396618377934","-3.73510844517899","-1.17989649161263","-0.726383165256564","6.84057118232488","-1.47195790462147","2.95758806630666","6.34558739162037","-4.7231752898842","0.210012817859735","0.792502551948303","-4.18306517123148","6.86446362583054","-2.17956288457348","0.0152136816971752","2.50737684271883","0.953892866334876","0.358797130996482","-3.8711585210088","-0.462291860636312","-1.16016379712767","-3.86900313765682","-3.29776542362997","-4.08821477248514","-2.88779927552664","3.22556550480353","1.45900028234522","-4.10283763569033","-2.95795625236201","6.82291769368232","-0.170718001766997","3.48560784688139","1.18965644763103","-1.34847439950319","-3.73885924073681","0.198584447925275","1.06645482347259","5.2436659023431","3.38974357188456","-2.09985558274476","-0.457443184984809","3.59914778225806","-1.4004588484574","-0.869312517588189","-4.52725847578525","-3.71683250183668","-6.93370933835725","-2.00269102514468","1.34221959434912","5.20216069886821","1.18768669254843","-3.2946530758917","5.99823420625068","-2.71217128696892","3.78740143410304","0.927121625915519","3.51570865795132","1.39692925403902","-5.82331794073547","-1.12404200252935","4.48186483150064","-0.186429825574862","6.62476955017509","3.37836774774455","-1.17190062897508","-6.68590727911551","-4.51626199666831","-8.9303338548764","-3.84140654706904","-0.459058109855084","-5.03857410162454","2.581495349214","0.0816265414825701","-2.97464086932868","0.78628153741966","3.78469255200044","-6.6413471203128","-8.97745554515751","-0.91770183247941","3.63496768355463","-5.51231751414939","-0.858478872983026","5.27715507153096","-4.76596747601098","-2.26188489110014","1.36918271895007","-8.58364863786742","1.67818128207039","-0.474160045949399","-2.27150698564394","3.57676763374254","-5.15617096582378","3.0098533555282","3.05927183321149","0.501154429503154","-0.882808225392949","-7.42547480347622","4.80538718467703","0.0916076384043601","0.927048023772409","-2.92315121426905","-1.4011393808199","6.34118652137539","-1.90865828160095","-9.56473970386891","0.694138908600208"
"Random_Index6_32_0723","-3.05176465701624","2.37001770214483","5.76202967588708","3.1028913953318","5.08506881677092","1.83327005064894","5.09503543072657","-12.8629365022894","-3.18649371524047","-0.406036982475415","-3.85406134298999","-1.26978496407631","-0.737108903782609","7.18909512247301","-1.45840146833149","3.30023939726485","6.13691715880028","-4.79357104352027","0.129862059012559","1.19469528495637","-4.21866465528897","6.99809704109323","-2.07411083504561","0.356724813010486","2.27784747643858","1.11092059658395","0.639321065060271","-3.98842536578226","-0.359531939386843","-1.21974601179953","-4.3036966092638","-3.28016211751949","-4.0598402821254","-2.84842802485969","2.99023288633817","1.76436935825564","-4.54167376572461","-3.44153966090087","6.90338611038343","-0.149978335629717","3.25448324754305","1.3816888937758","-1.37390823102365","-3.76665086650447","0.161990805684586","0.663686062074008","5.39519092703309","3.06922612156917","-2.0721998403385","-0.786444455796818","3.80914165789552","-1.4690225723089","-0.933594598483587","-4.47523200399116","-3.42924644244088","-7.13749644438122","-2.07904623541728","0.988299495516874","5.16272259344555","1.33109273087755","-3.62224406508079","5.86815441046143","-3.25665806668073","3.93471481479347","1.02225479733852","3.16281164227902","1.69584619190809","-5.83175411474323","-1.18473886434809","4.64288813565311","0.0922095605643232","6.66196212899207","3.19202029450011","-1.1368292837315","-6.98662859727081","-4.48303693064982","-8.90900628776319","-4.18023033437433","-0.696490339795902","-5.21268188934365","2.33374833355819","0.126274323032066","-3.4130080566427","0.795034419190246","3.61604472219663","-6.84910125883095","-9.09816844516526","-0.937218571675261","3.4295744522058","-5.58983602075799","-1.27140007483014","5.43889745924178","-5.02171549060825","-2.21450418804122","1.69911127465834","-8.38474006337484","2.04361379413402","-0.642499368426947","-2.11457629880485","3.47568701688786","-5.40071144276573","2.84834754081705","2.84165232008606","0.58143964387059","-0.823224645361621","-7.62937063120325","4.55153126040857","0.153032002234568","0.977988098205091","-2.74586643399892","-1.5134311337332","6.14396806401974","-1.99233701655194","-9.90042934410468","0.666326722528733"
"Random_Index6_32_0724","-3.32972489510924","2.28037797251926","5.54755672556698","3.07945826117199","4.85625735044152","2.09662344006492","4.96831931271643","-13.0746774946043","-2.70413379378505","-0.207950774912694","-3.59327509100851","-1.07062711832149","-0.583479211881314","6.66887708619019","-1.16634155539099","2.84393658358691","6.58435929139964","-4.49947319120479","0.191674019512195","0.520096773286776","-4.26729140521431","6.77573991636608","-2.01759019817748","0.0142486501784202","2.35944081754677","1.45442903962828","0.095997788215969","-3.7215436965879","-0.672380798905","-0.935306940901096","-3.68139931704343","-3.22727704472905","-4.10767620960688","-2.94818939616689","3.24128397876707","1.51353253527225","-4.05863502185351","-3.07189755460821","6.93953786549897","0.0161544835681552","3.17291533760075","1.2836993629061","-1.16196063154485","-3.5641455041533","0.0173779272869592","0.924171160581929","5.094273196125","3.39898194886393","-2.07077138783763","-0.526973059275846","3.37215707273214","-1.3482874033525","-0.784015020789727","-4.62352125483187","-3.56491631540677","-6.97554698295956","-2.21487753283566","1.41308384997382","5.04980827540658","0.840739887660356","-3.16043613364363","5.802753885637","-2.72106579268697","3.73036977930282","0.952061169863437","3.51454990469774","1.34199859203109","-5.53953758940083","-1.0429716425524","4.41845250574425","-0.432299108859301","6.72765593198504","3.14775426235967","-1.29706559522053","-6.75975861260921","-4.49207325503419","-9.35107287622163","-3.73703707727307","-0.186892273696203","-5.19947359754265","2.53801026393278","0.184519028716974","-2.9187245638466","0.537037959615198","3.59239958707512","-6.52685702194522","-9.18856537728954","-0.801380472367025","3.5717057026503","-5.54988384918953","-1.14935818699541","5.11064201266097","-4.91126136566379","-2.49776720614184","1.10172717178924","-8.3023772060057","1.57439164838291","-0.334638036156471","-2.31800449965286","3.55751156488547","-5.07239731232937","2.95280488709415","2.83571686980116","0.577285243403951","-0.539763537414249","-7.3744725841827","4.78290519054283","0.300664094835524","0.88065290071811","-2.6896872092196","-1.61801361581618","6.39249079838357","-1.68509230799546","-9.65307162775194","0.787421215107571"
"Random_Index6_32_0725","-2.96145605428076","2.14002132401613","5.61561185971458","3.04342249439164","4.91141929276464","2.05267810908729","5.26088341388881","-12.8068261673738","-2.85832070726218","-0.353188166204747","-3.72740814062891","-1.175468242869","-0.575494462575091","6.84244085646389","-1.35000667874792","2.97582454439478","6.26486648107304","-4.76176010816781","0.424633765083049","1.03062897961826","-4.24494321666586","6.63267553149867","-2.01632162735154","0.161787149157582","2.38007581330925","1.24074913084494","0.604190686402639","-3.77254355709634","-0.405085080373624","-0.945109367800368","-3.84129803813657","-3.12799814243405","-3.97590413729348","-3.00300849390171","3.13987092649748","1.76821345335441","-4.18673714509814","-3.06015576698361","6.7878971625493","-0.00294168354745996","3.23301566008121","1.49081430529347","-1.2309851333673","-3.533774085802","0.214106688117197","1.02941989557642","5.04857165230491","3.19692169829047","-1.88603261377471","-0.692315204889929","3.64355716178666","-1.30681124715845","-0.565832707081838","-4.46228811768518","-3.38429151595553","-7.01165109321174","-2.10497129657386","1.14524997858177","5.18015766252537","1.52601975447154","-3.26954470342405","6.01250367504692","-2.94404445546692","3.70316441135242","1.05570878010743","3.46723331662738","1.73022646243297","-5.70759249831566","-1.09631417509087","4.37022746364956","0.0640550884168774","6.41554009094675","3.11672014027199","-1.39888264354077","-6.83617593053262","-4.46008270230397","-9.07166388688336","-3.93979924350389","-0.386587408184101","-5.15221710443108","2.26700782496413","0.243907629908903","-3.13602559565073","0.822454465524829","3.62702150802581","-6.69423547772506","-8.93990735728358","-0.74497532350173","3.55289376965381","-5.61145175455894","-1.29567929700734","5.51342233428572","-5.11590601237299","-2.21227080310091","1.41884289825581","-8.31064840794574","1.94292735476062","-0.277927512199651","-1.98533147942876","3.56212911453869","-5.23527018669693","2.89287025334671","2.7375185439347","0.816587800372885","-0.835943152134888","-7.55302310515886","4.61259731340925","0.320271580638891","1.06224521715074","-2.50201474681833","-1.67977036495664","6.19258724398008","-1.89617007359018","-9.92608060764576","0.887964636816287"
"Random_Index6_32_0726","-3.13607568669494","2.09910856265059","5.58345347508568","3.10820758358694","4.89655369747848","1.97294195422962","5.2125249357447","-12.7398693545874","-2.76681814891157","-0.404068293731645","-3.83491636306387","-1.28992188402439","-0.611604504574649","6.88128593008578","-1.54031888391113","2.97261333124442","6.28677434078272","-4.82206072624934","0.199389353056865","1.00100259531776","-4.16248276092919","6.82160616708245","-2.20201262167385","0.0943324324919005","2.28277785780146","1.20712581851529","0.553813669517215","-3.86592432995378","-0.504977481011551","-1.04321997062774","-3.94636671591972","-3.16143700840588","-4.04234430338024","-2.910955241295","3.08020328742714","1.58976103729448","-4.42120581212862","-3.19841651023202","6.85644206110179","-0.00536432581431284","3.44246356565545","1.35488198914716","-1.27073747023124","-3.61524844398284","0.0862109594194986","1.1152122153733","5.1358601419776","3.3272692168986","-1.80349032801137","-0.590069228760068","3.43406118015141","-1.3314657851315","-0.715631943760121","-4.36937779962325","-3.44575402372065","-7.03950127064149","-1.99106418262624","1.06524800046817","5.14963758612287","1.37970288227515","-3.27458513627957","5.94702491368252","-2.8936856368256","3.65006844571994","1.10869442447883","3.21029530883234","1.61045505022492","-5.73784386295016","-1.18783106632817","4.39074099929607","-0.0313621791683011","6.39005792894309","3.11709982041193","-1.08637518740047","-6.85738933923269","-4.60868684889989","-8.99645039369567","-3.88008238042022","-0.24966748273384","-5.31245944555919","2.2753067706292","0.131609099096216","-3.08508408641748","1.01393957529187","3.66609649470557","-6.68766453288754","-9.0598842226193","-0.834543900312158","3.58232147367582","-5.43483217902817","-1.12492931063001","5.45932488760747","-5.16500890653882","-2.23136261664706","1.4892849611861","-8.54735786786045","1.65457952238498","-0.444684666989771","-2.24022187700287","3.35837927390219","-5.20908019897702","2.76129150839216","2.81652382986133","0.649912191100006","-0.746478113759861","-7.4069306886611","4.6320179729713","0.179737570170595","0.561004005252677","-2.56731718016603","-1.72544137827189","6.19573913670898","-1.8160458497664","-9.5933325559778","0.880806201427123"
"Random_Index6_32_0727","-3.24208512809434","2.14364424061753","5.46244766421612","3.2296442994786","4.65250952595407","2.11655683493701","5.09934286329853","-12.8035498101575","-2.78850640522892","-0.318645281091569","-3.74549001307883","-1.4024503647959","-0.689713704596694","6.82648992790393","-1.60870056747956","2.91178016017846","6.28243973877418","-4.5426348172133","0.208187606471859","0.67370284044998","-4.34754708208226","6.79775475475561","-2.09285495583349","-0.0189529793055518","2.46459950971753","0.919250920275243","0.211400579373701","-3.64108797473223","-0.835247548045856","-0.97826959085739","-3.72764597725517","-3.0900882673822","-4.17091035586418","-2.98620618730378","3.04861713309205","1.59744894029087","-4.08309198015245","-2.91619774313169","6.90527102754295","0.0894936038571837","3.30354043988891","1.35403690341637","-1.37192796034379","-3.49186953489962","0.0448929790642954","1.05191622787222","4.95567096400192","3.40296447085078","-1.74135257681659","-0.438390254432597","3.40960831782165","-1.27122010655263","-0.842593900269813","-4.74340811644222","-3.755896766588","-7.30306796810124","-2.17827830255488","1.05900337924422","5.12955345889856","0.892146836262933","-2.93630476005533","5.79804013680061","-2.60419969860334","3.64854970348453","1.03269096953754","3.34196292865161","1.57318846685302","-5.85182382369404","-1.08756209273808","4.28921742317217","-0.331519767342396","6.52988666986939","3.16774993147302","-1.00523599912688","-6.743600310709","-4.48204378459279","-8.84403033643074","-3.87924639344648","-0.397577818536589","-4.96155866148076","2.58542089811927","0.0998959529216784","-2.85898149167066","0.8549419624918","3.71107360264197","-6.61164773055046","-9.16756636588248","-0.778467687967184","3.58584517301614","-5.43142689108613","-0.990622348320148","5.1958622232688","-4.77601005152756","-2.32780916816611","1.1860294329631","-8.3386003401592","1.54761886685415","-0.324711767006384","-2.42259494312514","3.31880012318875","-5.06258191069848","2.83480324298643","3.00313130660069","0.723180956186411","-0.833356435963072","-7.57189755901547","4.74690439010534","0.255883796252217","0.938502418003158","-2.72673469697053","-1.6204506530369","6.34668483728512","-1.96601271579743","-9.50484016401485","0.879883113041579"
"Random_Index6_32_0728","-3.10638376634049","2.22131276856195","5.59542125880375","3.21527351640948","4.80513421908335","1.99008871311765","5.03157195884268","-12.9888955260088","-2.88880075727602","-0.437374993736624","-3.74273968288196","-1.32228691291712","-0.823903360778089","6.91538083324637","-1.48269835586044","3.14845963016456","6.35704567597916","-4.64118691912893","0.114812566864068","0.900209922152761","-4.32755969116606","6.787049032458","-2.08403130436232","-0.0258721672998428","2.41392474295262","0.999573109897552","0.340473336271326","-3.90536863327598","-0.534026471070598","-1.09437608045483","-3.83972340612661","-3.14164798726794","-4.06653420198802","-2.97125364149678","3.18654008493791","1.57856290823937","-4.2584291159286","-3.05672957087611","6.98078854401149","0.0949252265974894","3.31164740281887","1.26035929025025","-1.17907098798866","-3.60647307828389","0.0630067865159862","1.10482247114759","5.0720300157591","3.32297663583536","-2.0625062902409","-0.485925741986451","3.50798207688662","-1.37515120128222","-0.693079575587068","-4.44878129083325","-3.62566269918064","-7.28721898386068","-2.09084384396889","1.28069178980313","5.2246691036144","1.11475078517722","-3.13644110468358","5.88429042085658","-2.84769721721858","3.71539612785435","0.995275572216549","3.37535149111122","1.40336158309301","-5.8614695265412","-1.06084382579618","4.47834528925896","-0.224804501228597","6.63019455944489","3.36209013670143","-1.03963403932451","-6.80960070440734","-4.66566908764178","-8.8467960178401","-3.95555669616487","-0.411059032856973","-5.14651373904486","2.48878334829293","0.0379113943976573","-3.08679762461465","0.898463867047205","3.82495163600524","-6.76670398876591","-9.25615902750331","-0.837882706553902","3.53625823502864","-5.46074310228566","-1.03642408405952","5.35991725278248","-4.82627011079399","-2.33711560618137","1.42246898213107","-8.56679971267898","1.63579784621435","-0.386299440629407","-2.35783443889224","3.48920620573669","-5.07900126375072","2.9670894364539","2.91873507525774","0.6629027528321","-0.66889167683717","-7.51415194303786","4.8380118966573","0.0745819816982824","0.803809706761535","-2.67708855311778","-1.58600522978428","6.31292315836507","-2.07841337642677","-9.78740805969147","0.804578154667391"
"Random_Index6_32_0729","-3.18219436408609","1.84109721379532","5.32044368112177","2.84604161697169","4.64679480108734","2.36748220085646","5.08575794342606","-12.9095610672072","-2.62980907105085","-0.019682918232046","-3.47423994371834","-0.981782951533203","-0.35056438679434","6.61010870817024","-1.17596520719036","2.74743225290801","6.30586884480315","-4.540416715447","0.379527968294554","0.547983904780385","-4.49808429384366","6.54111646477093","-1.75569606339567","-0.104499069836847","2.09999596983701","1.17332169639753","0.220421382382894","-3.48507449705107","-0.839610911018516","-0.734716958737213","-3.58252902102699","-2.88361838108475","-3.82502555868652","-3.30619416491779","3.308367703888","1.52719272501219","-4.25309403769446","-3.22326370578729","6.71888322418641","0.260939934872197","2.91287304412572","1.7002330212008","-1.04605046839518","-3.36039625957269","-0.231868650069204","0.845947672309905","4.84968096309844","3.0537894773877","-1.81662338172904","-0.675856923644056","3.15773118976685","-1.18192744430258","-0.462346139974257","-4.62910176193755","-3.56980831848541","-7.11042735745846","-2.41004711933572","1.55208123176335","4.80381413276132","0.964229772567598","-2.93019899677479","5.6158210965137","-2.67253852887429","3.38788317405307","1.3401738449684","3.4832586336389","1.72195117023146","-5.57096362238271","-0.805751073770688","4.11584576241915","-0.291752978044317","6.49280789992005","2.89127350111487","-1.0869125551865","-7.02263063582457","-4.41073377819205","-9.07141285541626","-4.03107573451877","-0.186373255662441","-5.29159490101139","2.20540082453155","0.413379851622718","-2.82601979570026","0.512893043853906","3.39476543760714","-6.5104625755007","-9.11870455627852","-0.6118080893177","3.21006150326314","-5.66547477391583","-1.29023506046197","5.15346018030453","-5.06075614760284","-2.46346365019246","1.08812124350197","-8.40498767523793","1.45115095034258","-0.0855010117904615","-2.38237136935597","3.62456700513893","-4.71466890917216","2.99822689437299","2.58352850726099","1.05423084613206","-0.495204273056059","-7.60840635898656","4.45219242321492","0.665780919485845","0.586424255845093","-2.64837931131555","-1.87722009476989","6.06051329036413","-2.00696385700353","-9.48296439076159","1.16499373931624"
"Random_Index6_32_0730","-3.06362565172898","2.12577165210125","5.63932156627191","3.05971668640288","5.00689832553766","1.98529263615427","4.99044104883141","-12.8841519632999","-2.81178926024592","-0.145196504549612","-3.74416444770629","-1.05862280445446","-0.648570624591353","6.86281055944833","-1.28852543352206","3.12535103066133","6.05777616138649","-4.72890878237947","0.34610612275877","0.940594090365668","-4.14912047412109","6.90133821614285","-2.02971633718484","0.129947966119481","2.32504803585658","1.07128005099895","0.266127467925143","-3.84192919777426","-0.550118386556905","-1.04460069814196","-3.9583724212219","-3.15180723237591","-4.05830939341758","-2.88591408304267","2.91349725963136","1.73662927836054","-4.24977605391819","-3.25425188431597","6.78431166098707","-0.0678283177600959","3.28630685800687","1.3314486507416","-1.28788832381874","-3.54934408590927","0.0769785971739171","0.849262277467779","5.16197391918038","3.18743275051015","-2.03274877145877","-0.61673616284676","3.6522219089026","-1.18389470243956","-0.719270762484049","-4.4959393407507","-3.40628634490885","-6.96783663534689","-2.08777062040711","1.07444226852168","5.15701258217902","1.12004042497436","-3.20349844636051","5.82546702410846","-2.93873075453168","3.77877054719828","1.03734998704798","3.21404868946257","1.60754691250362","-5.64063447791027","-1.02120876983948","4.44124531386698","-0.116515807134262","6.43198517003918","3.15733006636595","-1.32399330430908","-6.84846178131773","-4.3365149797191","-8.97742302714311","-4.02842678288872","-0.413402342429115","-5.13498340858493","2.38520792447807","0.0299428148404965","-3.10506034113532","0.573197124112631","3.6754854974678","-6.70516162818976","-9.08404852354687","-0.790730553298051","3.47548490991101","-5.69710555240725","-1.16740322297663","5.33950676303501","-4.87071792095173","-2.24937883702327","1.4582832353419","-8.29500688074542","1.78781639606524","-0.387172968374845","-2.34614977724807","3.30987857150401","-5.142406173713","2.76947881589741","2.89258193538399","0.603913318432994","-0.829222928095402","-7.46454988483351","4.6981072531461","0.174939093460049","1.03201472681359","-2.70345397323197","-1.62544480037802","6.21867039298492","-1.95367118717231","-9.59088213797167","0.702049990757368"
"Random_Index6_32_0731","-3.18962798207259","2.30451046931167","5.48962477172864","3.19663044301892","4.63204376347437","2.13415084018268","4.98051314533667","-12.650217295176","-2.71383233871709","-0.345887378168833","-3.67851781194888","-1.04643947818825","-0.561482891118994","6.72557411257638","-1.24769059674833","2.73353889275946","6.23601428070664","-4.59464535501543","0.259053245295638","0.562181126108146","-4.32511797961138","6.8393134456215","-1.97469854951374","-0.110359675333224","2.25403957152909","0.790765470916699","0.204390167111197","-3.58506742413162","-0.746313159718888","-0.91328239130585","-3.80608747160664","-3.03713825720247","-4.02458814955431","-2.81514590981206","3.01755819364414","1.47538283639886","-4.14617110898907","-3.12532424801597","6.91977570420636","0.00930153029965141","3.28822264443121","1.38805318200552","-1.1788265906107","-3.20154905095539","0.0598898628921166","0.801582720222278","5.04135564102664","3.35038304976158","-1.84788270872722","-0.571387374404975","3.40474007643889","-1.35645820422002","-0.814812866903402","-4.50285862333313","-3.65322680263929","-6.86922165076353","-2.27604007067302","1.10841442769119","5.05981271912699","0.972763424481464","-3.03822092696263","5.74161130606294","-2.81085511049675","3.58205929798088","0.947122957331114","3.27874889745769","1.33457463585572","-5.55099372091203","-0.966503492340787","4.31378652071939","-0.387075853539793","6.59433780330316","3.35431435613843","-1.04231875514753","-6.66509781137645","-4.3873241503929","-8.9615045406056","-3.93488520661054","-0.270374575422497","-5.03570596067635","2.38613593981589","0.246692819391182","-2.97981440949933","0.846914826076593","3.63509557072288","-6.50073046762519","-9.10281266712214","-0.822173550717246","3.53434985000646","-5.52656988840499","-1.27053831714029","5.12832536733037","-4.79463909179127","-2.16344363183792","1.36491973104269","-8.15568195102854","1.50926354565204","-0.309390844322567","-2.43102334252369","3.38533390984626","-4.90116198352995","2.85623675582294","2.92814682852557","0.770469247805533","-0.605153212387031","-7.37101596317221","4.67735851177807","0.401842483819043","0.747310467403084","-2.67250064206608","-1.49881201351304","6.23581541896977","-1.94072063692368","-9.38643637825262","0.793650790019429"
"Random_Index6_32_0732","-3.02460302549596","1.95795003722188","5.42138531567521","2.9698155710857","4.77881959226312","2.10293050172486","5.19627061253902","-12.7798981652916","-2.81011740628123","-0.16072103417981","-3.64185146170607","-1.02524053327243","-0.470113875031163","6.83466119377634","-1.26230371206024","3.0904992992347","6.01368030161418","-4.57680731864937","0.384587147779751","0.877441888156779","-4.22825752030318","6.75494114361402","-1.92444815003839","0.0477318097134436","2.06893058617388","1.36871246435409","0.414406554839662","-3.56561988104838","-0.547609745505202","-0.840581158266639","-3.76097060064414","-2.90927210352005","-3.95277763167923","-2.84640474626511","2.90509881657449","1.92053418124431","-4.19632846250992","-3.21861570149202","6.92849721758111","0.220576948795585","3.10516207376918","1.50571468315369","-1.0936668991101","-3.58474520988825","-0.0837321012239879","0.87742395533841","5.11429257392833","3.09308132648243","-1.75469758654438","-0.836708134485424","3.41584818577234","-1.10374620080807","-0.596786644509548","-4.23072482723481","-3.38309371164792","-7.06825846302017","-2.22202028569588","0.907145355666135","4.91078907506591","1.10296980718656","-3.11596861176596","5.69747661779594","-2.98806327430609","3.54335453943167","1.21400692957907","3.06854389792967","1.70569975217956","-5.71895776746745","-1.00295700035021","4.36038868157838","-0.102484474693092","6.42902707177636","3.07216406173912","-0.773994650864017","-6.97815320540196","-4.3085034019777","-8.91179511098904","-3.99864612356497","-0.292815657968013","-5.23457595386114","2.10979173059071","0.232052852173655","-3.10511297602975","0.648414221405012","3.59475911301287","-6.59969321312704","-9.01558179798278","-0.586071701337535","3.27336963442428","-5.52783433889503","-1.39115141857582","5.32838926962221","-4.9734620366211","-2.52040178169645","1.36139302236458","-8.3606500380946","1.63357074367091","-0.272058792730215","-2.16234174567908","3.279129211649","-4.99604004846828","2.66731063060279","2.64089764869815","0.887201154878787","-0.538168389830286","-7.48727178262881","4.48773068638851","0.274455037115337","0.763709716348127","-2.67144543968797","-1.78576681274866","6.0029179544933","-1.79580830375377","-9.57858319144733","0.813758614167602"
"Random_Index6_32_0733","-3.29704474028392","2.47313128171136","5.95881213737743","3.50596627514199","5.0672980720271","1.85693709636156","5.29851354884542","-13.0764134040768","-3.11806800482584","-0.517388281497343","-4.10127824670718","-1.45907005797556","-0.721830800718234","7.37480180038375","-1.58595445887597","3.12911320640606","6.52649654558336","-4.86549245495808","0.00789915287997708","0.96911038518887","-4.27585092785257","7.25340289251625","-2.29933962717299","0.0942301310280513","2.49075498325678","0.929459875712115","0.365365449323066","-4.06760752183369","-0.492336647248616","-1.20026411666944","-4.0913735069214","-3.29831862944078","-4.4446022541716","-2.93432630846189","3.20423838580689","1.46467782441291","-4.29043581529203","-3.14221688971061","7.31808737237962","-0.0319863618599685","3.56165641360476","1.26800868148401","-1.41206177767812","-3.86774931361421","0.293526425727786","1.13286420853574","5.48615531634412","3.60778682299452","-2.05541525305016","-0.477164974169693","3.64742146596439","-1.59870034546538","-0.930706592671232","-4.44981458808605","-3.76253181228","-7.43016864641829","-2.10361150319521","1.21447804976851","5.5807368023514","1.17136506884298","-3.33564882203534","6.3132777951021","-2.93391174686241","3.94566962933601","0.940336881755335","3.41592769957996","1.38117078601348","-6.13281200749729","-1.26874115695145","4.75378924572742","-0.0985105695302049","6.9959558956074","3.48913413793161","-1.14163872815996","-6.93574381850051","-4.75227370962444","-8.95121666120139","-4.19383588160221","-0.700554076571882","-5.17792260313507","2.72652525862207","0.201112719246863","-3.04685334668328","1.10521950254835","4.20919732543576","-7.01550787821412","-9.44805135201719","-1.03093362425653","3.87271885910626","-5.56214857659978","-0.907363239528763","5.60368136985779","-4.9685686361998","-2.25543301312118","1.54171000691648","-8.45356336559306","1.62750472744047","-0.531535002258816","-2.3132102640043","3.57403723458624","-5.15729918359606","3.00294011236288","3.25447231361287","0.604250510150253","-0.778206724289707","-7.71191781643169","5.09599945195856","0.180545446913197","1.01297748564852","-3.0965769402405","-1.42936167064115","6.57901593259567","-2.1861998030498","-9.86772452441903","0.910687733782619"
"Random_Index6_32_0734","-2.95821737894819","2.19605378536958","5.44604408485589","3.04889025556727","4.74295286188965","2.23948178186396","5.36425342555514","-12.942012182558","-2.67744992684851","-0.175503153610645","-3.59646011755999","-1.04480443770239","-0.417773259697867","6.84267272535557","-1.33301037762983","3.26163212411334","6.06618749627383","-4.61965422033974","0.463444121352949","0.837878312567866","-4.66084612162303","6.76708107302013","-1.90152061614118","0.14888146710687","2.10780041932989","1.33054495100078","0.461392776658852","-3.5757377671103","-0.678002024844327","-0.846079362802634","-3.78484470134601","-2.9915217915712","-3.91319482676638","-3.1599920251587","3.15661892500307","2.00810745326059","-4.15507303331788","-3.28593370642511","6.95201322551489","0.258941821085016","3.29701138925114","1.55196548872461","-1.18290990839748","-3.40280419765311","0.00960825178328848","0.762709306620275","4.96553151215949","3.08512657313359","-1.73026312319857","-0.877347361064294","3.52345326207456","-1.25520270190509","-0.743686734199659","-4.41691468164594","-3.49759918258251","-6.99215199933376","-2.30835641371679","1.10495494686393","4.85309678220115","1.00540145312272","-3.07056465166428","5.69673805243107","-2.70950548824443","3.50489622497748","1.26964389811232","3.3362523893386","1.77271312482204","-5.79285831931674","-0.890029440167736","4.27727287483773","-0.00420374437389335","6.42734380426589","3.22839223776625","-1.03689170321678","-6.91153859852973","-4.561151886748","-9.20827423777765","-4.16419105399036","-0.374547776426901","-5.31516361843017","2.2808203923099","0.42931639156121","-2.73412892277254","0.771752202991397","3.56782100062939","-6.50730501886305","-9.16724143441758","-0.636394604412167","3.41028932043339","-5.6522804390515","-1.24839882585239","5.48517064353076","-5.10229626616185","-2.15868816461193","1.42280765382176","-8.45633810112885","1.74100245175031","-0.398459593376239","-2.30638072628458","3.48481089168907","-4.99187721646194","3.02876126688339","2.76005023286382","0.9369268811706","-0.820706946461507","-7.97644279664457","4.5156114668603","0.404110460182055","0.838839960286453","-2.60594538581307","-1.68285066384293","6.11885802228803","-1.92769072682755","-9.48000626915682","0.914200674039851"
"Random_Index6_32_0735","-3.10183592519579","2.110844127368","5.54398281321423","3.14745809817102","4.74652438732539","2.08823554387103","5.16169115725784","-12.8550441594188","-2.67453721132931","-0.29969513006864","-3.81487783959615","-1.27349425968201","-0.633934058734675","6.73307805057805","-1.4964331995977","2.90768577791467","6.24093648977765","-4.65868008841703","0.149271939348008","0.705212648830517","-4.3024683230318","6.75766698977025","-2.13346718060897","-0.0223567199385412","2.33163646973644","1.07816286829733","0.333104794074182","-3.78320461447553","-0.558744823598949","-1.05348172978789","-3.72705091027438","-3.06718719002003","-4.15748548382206","-2.98379843373984","3.0575839178773","1.56643654705962","-4.08825521462131","-2.95635310570122","6.87302326249407","0.0253705541325104","3.28969794618097","1.29945036041482","-1.37278958443776","-3.51832774941529","0.035306765061584","1.10976278664984","5.00308964171898","3.36074470985189","-1.68564199011119","-0.494806914075356","3.47145407586821","-1.38539564187957","-0.715896677086697","-4.4514820111147","-3.60938935692952","-7.05016593579222","-2.04557257852057","1.11245035364761","5.06309304767022","1.33573169952534","-3.10930507657063","5.88141976168074","-2.74504466637076","3.6292980497274","1.01829503990354","3.31532779250586","1.52735225797329","-5.76418980301694","-1.23469083763508","4.23227272419978","-0.237148352261032","6.49889518092452","3.18851564757423","-1.09240507191675","-6.711834490421","-4.40497651773959","-8.90836234566272","-3.90802982976773","-0.318770053138298","-5.02344936439102","2.44254546261981","0.0463737114486275","-3.01551915787374","0.824411465610853","3.664407991394","-6.63852736108038","-9.14117864731275","-0.730926591346907","3.52948908204619","-5.60063328246346","-1.05026093281809","5.18761567449586","-4.8078974708794","-2.25239891376683","1.2969145149314","-8.2353237930288","1.64493351696298","-0.317519378934069","-2.35587604594734","3.34613012498862","-5.02234492997212","2.89172928571721","2.83724909563161","0.753166457836487","-0.620292841756583","-7.40186307034158","4.77188039838506","0.183901078268756","0.912668865746539","-2.71524342629614","-1.52111541686881","6.4000786134295","-1.92746208782078","-9.68792551817947","0.855577285630085"
"Random_Index6_32_0736","-3.11627917903475","2.28024582226676","5.68206433957099","3.09988798747371","4.92895841412078","2.04940509802192","5.07115451811668","-12.8594908218776","-2.92793443725569","-0.373087255759367","-3.70058270584678","-1.19150963236149","-0.631814346730688","6.98813364962832","-1.41115283068465","3.16003653250187","6.20993579561282","-4.78251359976367","0.267012672268362","1.03987772389187","-4.13944324641771","6.85990563827941","-1.98394203367691","0.237543123794107","2.28825091639845","1.20762034688277","0.533264195660438","-3.74931506122011","-0.55558641051796","-1.04841072182108","-3.90140632610636","-3.1792997559659","-3.92096144194042","-2.95809599197331","3.28441577790571","1.68987166064701","-4.29495910175399","-3.05508806607932","6.93571295509442","0.0241521104916682","3.39697764533815","1.43674745350759","-1.29949713803057","-3.61504071058065","0.228271425210239","1.14017659314488","5.12501848221087","3.36796355956449","-1.84383117769701","-0.692738440166666","3.47719658641536","-1.44466305124187","-0.648105022580073","-4.48834099042638","-3.41472172951767","-7.20386723709445","-2.07030365265968","1.24266190390698","5.1437901823513","1.16614603175042","-3.33575314362515","5.88035884816852","-3.07149760770766","3.65647215586127","1.00555088031846","3.40027635848911","1.63630957308954","-5.77130669174203","-1.16482277791093","4.45697245614299","0.0366906470384742","6.48035057615101","3.31140393110775","-1.17725517010091","-6.82185042412818","-4.48187955801792","-8.90202901609941","-4.13443000412098","-0.554586035189427","-5.39715518511997","2.32295808115812","0.26734549495611","-3.07607510218285","0.901793285352358","3.66830772987766","-6.84290528599398","-9.13591139493824","-0.722639902063183","3.59558443940491","-5.62510197769527","-1.18728408880923","5.54321475096262","-4.85244338043886","-2.05467497072324","1.54140269174004","-8.26431781004501","1.83258433320862","-0.468419891641635","-2.06670240581214","3.70935244337314","-5.11527255360175","2.9249023543657","2.86261063485084","0.681916592468571","-0.654790525766687","-7.55589912009386","4.62101579155601","0.302326784213651","0.603032815188248","-2.69796254292729","-1.64395762400935","6.20496992383616","-2.15966460283166","-9.65434990129718","0.777191166204978"
"Random_Index6_32_0737","-3.14122963745126","2.10947515994513","5.47535243763668","3.02533525642175","4.79566501215752","2.12589742991997","4.96345904270315","-12.7233358100246","-2.69579523383377","-0.0819288307636497","-3.6098739122671","-1.00821555430131","-0.48439423643025","6.80009792861715","-1.33815881249294","2.89909549337418","6.14363209156536","-4.80536793725763","0.458212089025462","0.654530531284401","-4.95776955531619","6.72524377635973","-2.01133015475284","-0.0847181855582814","2.41290793657938","1.20883337691964","0.294319223628019","-3.69025708649091","-0.559321154508116","-0.939566505033217","-3.75688403185424","-3.01821624509343","-4.06696200199449","-2.96286976893546","2.94390748369462","1.77338055252725","-4.09405878030596","-3.06457244763576","6.81267701235815","0.0300252013442384","3.30912705516855","1.40910797512661","-1.20762800925725","-3.49076688226249","-0.032194878290188","0.846787775816778","5.09118942531979","3.28419952822565","-1.83968560512762","-0.623778028427718","3.42202359378554","-1.13220519062681","-0.647734776933816","-4.70092007042003","-3.50211246613461","-7.12044303405034","-2.2635747309054","0.926209756858232","5.07097066528416","1.09998422834532","-3.12137267188517","5.88054103999022","-2.79946177783527","3.74791819615804","1.0569524696247","3.20166155186264","1.60408668730793","-5.74398597589855","-1.16102158018471","4.13672838276101","-0.132950952497463","6.57761563091608","3.07234608710966","-1.18350222599987","-6.9211399298892","-4.28912502664814","-9.17831820488744","-3.84693540981359","-0.368842159771925","-5.1423825843754","2.39442228695308","0.146572165565006","-3.068121459264","0.499725391178685","3.6413694261571","-6.55640574039015","-9.09028795418921","-0.778268262689025","3.58880384648186","-5.90297343089055","-1.1694659981233","5.11559956974637","-4.92440679277916","-2.45260309743885","1.28283861269927","-8.33523174534197","1.60115606541797","-0.325158062874921","-2.24113279904226","3.23530510124671","-5.02160851611245","2.83427127755591","2.84229891655268","0.739089882464341","-0.795854195473567","-7.43232394970195","4.61954784325746","0.27562273215105","1.01369646413931","-2.73730830964682","-1.61499053716676","6.22078279451451","-1.77104003873697","-9.65224958500922","0.824455228201848"
"Random_Index6_32_0738","-3.00249397659348","1.97468244924","5.39411678969564","2.92594986309941","4.67746572240831","2.1296085063416","5.06175895396112","-12.9826291797419","-2.8171644783528","-0.227536506063481","-3.73938196084168","-1.0243128900957","-0.58968154398801","6.77582463899468","-1.29657913810408","3.22321218082796","6.23831547064625","-4.48469324613871","0.15337443482917","0.839882643312058","-4.34597140133049","6.81368574818184","-1.88612411660365","-0.127086934439808","2.17975072216474","1.31035967963565","0.384803329121096","-3.76273621289818","-0.616706014477685","-0.853014822998287","-3.88056314424073","-2.93173295258931","-3.79992127290483","-3.22879174542735","3.07601344179722","1.9125569235682","-4.59319541154602","-3.12310732968114","6.89036550978811","0.161565942200001","3.07544871955202","1.55357242570099","-0.909189148714886","-3.42467193432353","-0.00820086893778003","1.05462670650618","4.90691419640471","3.1801457287624","-1.76173804652476","-0.857656986433128","3.40529881539355","-1.2807189839684","-0.627087487812797","-4.3720661913277","-3.4844313996804","-7.17226139473022","-2.19554250035245","1.14343945954556","4.92665731072425","1.03117432143806","-3.07433564536858","5.67734548129145","-2.81330808380705","3.3859948733603","1.44293441948815","3.1642655008982","1.75380967672772","-5.61945215484335","-1.12895937709463","4.24726283860191","-0.197173511158939","6.32667248059935","3.09078817275257","-1.0354829990928","-6.97768800362094","-4.48507064646646","-9.08552189320895","-4.12270958215304","-0.176961005229192","-5.37820997366476","2.19280275827288","0.25833354001676","-3.03244816429473","0.768095936229651","3.42279945211704","-6.59536883073714","-9.17012372643965","-0.393628233885408","3.30044955318044","-5.51839005605748","-1.28734979849715","5.22479404522509","-5.31624422922344","-2.40921317842189","1.36303754462311","-8.4080150385819","1.50926573426877","-0.366732832037802","-2.20998595515991","3.45078428577964","-4.98771620465624","2.62138208405541","2.63210285234458","0.908987142233422","-0.52211611625265","-7.65286216405279","4.50650211680672","0.36276183752537","0.790253814277698","-2.43635635782609","-2.01240298155916","6.10245764369581","-1.95698202183448","-9.58821457487582","1.02522989405984"
"Random_Index6_32_0739","-3.21002527785406","2.23463552570397","5.408737295039","3.21645396408437","4.60005378115716","2.17911923726469","4.90483852935996","-12.7670879175392","-2.69322335218244","-0.060073728330167","-3.52371428690471","-1.01746375061403","-0.460082622451167","6.93531733488618","-1.17419126582713","2.80337906097781","6.40953166453058","-4.38555376867033","0.417710833420084","0.777127069125935","-4.42392069131811","7.03885084552675","-1.84206082675848","-0.194117669966005","2.21638719662487","1.09161874274938","0.216390370462265","-3.5825851294891","-0.750582048004019","-0.84358430119208","-3.69766430570135","-3.00363004108803","-4.07269591324884","-3.00783026351349","3.03477461683658","1.57559004027967","-4.2123773721487","-3.17315263858316","7.11762026944717","0.200207259694342","3.32571370318151","1.44907301511523","-1.10858274360547","-3.52938749709694","-0.0268442379962276","1.02361299102164","5.00159927208029","3.33027342410049","-1.85343222791283","-0.562264696168198","3.35817595985267","-1.1950956950973","-0.650908411056682","-4.40727501473208","-3.64445682978856","-7.10660852265179","-2.32067624430646","1.12986085322864","5.05982061182729","1.08962474727236","-2.96511218894591","5.77018363980069","-2.65090273066171","3.67668639762388","1.23781716461719","3.34305292703473","1.54607693731751","-5.58191005328812","-0.950917861065806","4.31759393826248","-0.284763987942777","6.76880534969496","3.03972212705923","-1.07630430623471","-6.66427604921954","-4.35304384530893","-8.98495331565339","-3.9408787519055","-0.422544971797203","-5.25285901657578","2.50690329685534","0.289547726980437","-2.87687778275732","0.73760059062559","3.79215231382098","-6.65193472834393","-9.05182216106651","-0.669192709882538","3.54190691125843","-5.39324527480297","-1.09827448320086","5.13227447425053","-4.84572964817196","-2.45863164415568","1.27288570253999","-8.31340937270022","1.43618672480204","-0.254120400712605","-2.41011217815078","3.33686946340627","-4.78974474897028","2.86375983262372","2.99800940356323","0.882975007470024","-0.603771780305757","-7.62242331563946","4.79586499984226","0.396648168784599","0.875400507875666","-2.76603905734795","-1.53388242697337","6.3070886826821","-1.9900711113911","-9.38898984677361","0.899666753583336"
"Random_Index6_32_0740","-3.06645902643063","2.13707522766421","5.75646758094642","3.23845336081537","4.98637443762559","1.82415415182808","4.81606670253939","-12.7461811611822","-3.00026972511467","-0.352644207935433","-3.74495916847408","-1.14795108479586","-0.695557947339539","6.88660473660438","-1.46058985460306","3.07613337405192","6.15045500681462","-4.89632815143468","0.252259542083118","0.924631140792887","-4.14937001986504","6.90463623555094","-2.06676015444156","0.336840758611661","2.35995569766498","1.2360258639182","0.43676257134648","-3.79836301286204","-0.409675015219396","-0.991978439036261","-4.02015932289133","-3.16416243526949","-4.00377279489544","-3.07097650264416","3.05067540765042","1.70837565058242","-4.31778172144759","-3.26942351818089","6.95076737344144","-0.0463797776356896","3.28200469208512","1.31465274221746","-1.37554770253457","-3.69486280123729","0.0884608594726811","0.896260896432445","5.16467617730927","3.28939351130075","-2.19154768054045","-0.536801570901374","3.73561513891931","-1.350616493692","-0.753344653756406","-4.4793328311168","-3.58053938988838","-7.16259730099359","-1.98554946428521","1.06034815128841","5.12768908989856","1.08972399748743","-3.21726075653253","5.87017650846377","-3.00579635039516","3.73003511111702","1.05297307489622","3.22583684943426","1.54231146675765","-5.78807490754495","-1.08480063925588","4.48167284137874","-0.240621682350757","6.58608862404659","3.13976982950775","-1.33199696251024","-6.97533739495411","-4.47395574759308","-9.02297136452893","-4.02987272651616","-0.544597972497348","-5.09019293530828","2.39471616758674","0.158079531338561","-3.18166718178408","0.882671693876225","3.86162731646674","-6.79729702973439","-9.11668640215152","-0.782712405085689","3.51316436528853","-5.59588206844516","-1.12084954455924","5.46641832425442","-4.90927681842997","-2.27265215870188","1.55377575825112","-8.39855357620249","1.87878485770315","-0.533303216320446","-2.25535441689239","3.42297281673685","-5.15654402310894","2.93623516208086","2.9619699337917","0.62156823888673","-0.892361016969439","-7.37423633048637","4.72344082888006","0.17936723741225","0.872626062802246","-2.6482248460854","-1.4841075441132","6.30754102752384","-2.12404433577978","-9.59342339068847","0.722116447309602"
"Random_Index6_32_0741","-3.1921140583609","2.1431924000438","5.52286009735464","3.05445137606464","4.9517606082107","1.91350946239683","5.21687797114197","-12.8431771549781","-2.77012256685311","-0.334981287444764","-3.81189507605977","-1.27257085097788","-0.638364684038215","6.89743504440967","-1.42691147837621","2.98442886319255","6.29701982528138","-4.77943976114911","0.210005395183168","0.818260064649704","-4.21293822076166","6.8019438974732","-2.20534056693246","0.0731832689138112","2.33485002605603","1.25434855138878","0.218762408558443","-4.0509128201798","-0.389182272616259","-1.11674884737562","-3.89963554045899","-3.14316612868067","-3.96331611424688","-2.76386668545865","3.05945147251399","1.70961680142284","-4.09148272955631","-2.97480441475566","6.8772664463874","-0.121941112962363","3.21742360099109","1.21239703863536","-1.36117987016107","-3.75922964574043","0.132920608506623","1.05808056995913","5.054616727049","3.23892627028074","-2.06280807931117","-0.521826363434183","3.66605628509533","-1.3406072343556","-0.637410166237843","-4.52727386903233","-3.26715108199996","-7.10584348154922","-2.00863705225785","1.02239337669601","5.07263909812969","1.25507129071892","-3.22334809700997","5.8360084637098","-2.89765351821883","3.75467191687422","0.982954921229828","3.38287229519344","1.81267024190862","-5.7021925207575","-0.960692934499207","4.32496993912218","0.234378710466726","6.59791711640568","3.18317261830996","-1.26243004633589","-7.03818445488655","-4.42817519114321","-9.10579422365907","-3.83221340298123","-0.40936510937194","-5.11540363016882","2.43468611694935","0.0533186905797744","-3.06306734251549","0.632206871145561","3.5958203814882","-6.72982372765087","-9.12820171350032","-0.876333015581402","3.44280631689235","-5.70605129723845","-1.13367384533993","5.38340117407976","-4.7885269237137","-2.30450413010781","1.3919686729787","-8.2230184601816","1.77034846126002","-0.428740759779393","-2.19667147494634","3.31531290568885","-5.2037056406447","2.83585011838013","2.78289523926394","0.500636933767988","-0.744225186658627","-7.52498462448374","4.7431840912182","0.06149829506172","1.03729950563714","-2.7507569335102","-1.62919636212923","6.23976332060853","-1.99612419385431","-9.81288918756608","0.766989633157785"
"Random_Index6_32_0742","-3.12425534077536","1.86638665422531","5.43248122300262","2.95905785055267","4.70533534589969","2.13550998349319","5.32514818282534","-12.8440660192987","-2.79113404312135","-0.289401978620067","-3.73129954258675","-1.14527160214286","-0.501179477612898","6.91922494999682","-1.40550865685377","3.05845447034425","6.40977584399897","-4.67122720816797","0.260891668875433","0.858712263414692","-4.30386753463005","6.79300111281932","-1.96241182167641","-0.022245361569147","2.22525245619557","1.63906630759878","0.5688645055184","-3.75275740406089","-0.523741111412293","-1.04587869199952","-3.90652640729358","-3.07206401604726","-4.06851306701628","-3.17287545806335","3.16641560662568","1.8189330383272","-4.19644416041674","-3.155778525078","6.85546033344806","0.100011851541952","3.16638165294847","1.41032902754029","-1.22762008120982","-3.6310960519416","0.0108993360034946","0.920032160283622","5.0034704872874","3.19633905541533","-1.85438863285693","-0.754488632790149","3.43685628384687","-1.34576939400693","-0.649204939176761","-4.33256471621461","-3.67138315681623","-7.00650243577438","-2.23066764320858","1.21361838831989","4.95498188118566","1.23135130957823","-3.05827496308875","5.71252109491982","-2.94318323122208","3.54239871431402","1.19521214288094","3.47634537781497","1.85825579654485","-5.78880345508709","-1.09212235449915","4.30620350327781","-0.0540893448454964","6.61065043226139","3.11885382897653","-1.05694616412326","-6.82461792977996","-4.52257467456038","-9.04617487082666","-4.03240807143959","-0.259203255157582","-5.29791486251643","2.33576281797213","0.250499844115603","-3.10366695652677","0.693776953704067","3.59337897643648","-6.67972921398851","-9.09386791467785","-0.725647554504871","3.26443570956877","-5.58151132879927","-1.22999995203776","5.26826474164243","-5.07446179762638","-2.23114466622227","1.42856604203492","-8.21644330703609","1.63732821113194","-0.368820304662474","-2.16120441474703","3.53682553824631","-5.24762205740842","2.98053972787992","2.66670690282435","0.802132243950283","-0.69312531074229","-7.60568484901455","4.61836121198182","0.313616078767644","0.7689299519765","-2.69703777977181","-1.7851060371291","6.21577814598921","-1.93490302852951","-9.73796413709298","0.885151055768142"
"Random_Index6_32_0743","-3.36824930549303","2.09255912968949","5.54998758442098","3.18567872775917","4.67406198383274","2.24300541395422","5.54854854876283","-12.8847939207811","-2.76277184337031","-0.457958719437574","-3.6238029757617","-1.32923753448928","-0.663124088113776","6.92254313335326","-1.48296162142837","2.98270915013247","6.47502147483584","-4.66041859739359","0.248115922083581","0.705427341187965","-4.4804185913633","6.77156799770459","-1.9319594355818","-0.202466242448656","2.46510375612679","1.20758488700063","0.419147548998825","-3.7243972977991","-0.501294517053338","-0.972689137738875","-3.77631583659172","-2.98930149152613","-4.09932159934347","-3.25159429445064","3.30474902850374","1.64577016639842","-4.07864463257886","-2.90743734078911","6.97358565031934","0.111698044324755","3.34274809620661","1.56930299424649","-1.33984346495724","-3.65635236409842","0.135342819945818","1.25225169264344","4.99070698394953","3.37252675143215","-1.70897064931112","-0.66987337676043","3.29545831379899","-1.51332900623671","-0.658461985797192","-4.60537276968507","-3.64855489257732","-7.41588420722195","-2.15487250464744","1.20726574949791","5.0854369532575","1.28600506266168","-3.21491453614898","5.94365802908929","-2.8206623270341","3.72397365148483","0.932470186598523","3.58260480731082","1.78390942127457","-5.94431859603968","-1.2128454916411","4.26007330920515","-0.196223757675159","6.57473730984397","3.2264193120432","-1.08296346839908","-6.58393657029356","-4.57995474363318","-8.84692889058923","-4.07616156407318","-0.477414837322583","-5.20223737412263","2.52890394162703","0.409516762349488","-2.88297182339695","0.778736553930193","3.77183337148609","-6.87024127050838","-9.17311786225977","-0.927210952506884","3.54534382749575","-5.58810909339868","-1.17025596953998","5.25412841692164","-4.99157250534161","-2.20887617712829","1.17769761763026","-8.46411808180882","1.44891959124147","-0.293964342808848","-2.49213363631751","3.63618289563793","-5.09876052673385","3.07418060112318","2.8573918249158","0.917414953927843","-0.498720010492797","-7.71906019156136","4.74772716344986","0.446115679057384","0.636721590845789","-2.5595770324546","-1.67720893632134","6.32186177771458","-2.22216878609661","-9.77393066282363","1.0948260770043"
"Random_Index6_32_0744","-3.11115675406798","2.03433169635205","5.47582709855272","3.03717462648295","4.82595804939377","2.26087074776646","5.15687835038666","-12.903983704869","-3.02406461810356","-0.148410424493811","-3.58333628936325","-1.12802553272812","-0.496407704558735","6.8437196845351","-1.20053112254053","3.25351163031226","6.13300116577246","-4.83460408418197","0.34084599648549","0.891871931443256","-4.37595967962193","6.7437474182691","-1.9155638837491","-0.0967677571336664","2.21670457436093","1.23273528814186","0.217293769031566","-3.62725455166028","-0.638598236953242","-0.869359617058922","-3.90546643168762","-3.00083995833029","-4.04651064467826","-3.21743109135088","3.10678651964133","1.66286208618403","-4.30417756804148","-3.11689061276527","6.91792875468374","0.138618958484474","3.1947501717246","1.56627545651829","-1.24832414483537","-3.45270622874428","0.0889601636790584","0.926919349440632","4.9563908648643","3.13487257510141","-1.99897479120425","-0.745719315136037","3.42905118822152","-1.27600623020115","-0.643186544650715","-4.43377151590142","-3.50652657336536","-7.11467612448056","-2.01948452300435","1.1160930160036","4.91029527235025","0.978435071957518","-3.12091999429897","5.74910562908226","-2.74091913689665","3.62840220227899","1.1868564275825","3.33750159152904","1.59164161816779","-5.96372598883455","-0.920990344419511","4.30256510671435","-0.149140821961871","6.35244499234799","3.09372592289414","-1.11219517087356","-6.77267438735337","-4.36917744149918","-8.77892701800668","-4.30133066878277","-0.294970078423526","-5.09213213302295","2.34592223389638","0.456150691971542","-2.85752370135784","0.770538948809149","3.73616118531389","-6.64560362562671","-9.28509034115601","-0.681820760787879","3.19057364906902","-5.56920360824556","-1.17109663505871","5.27066460191504","-5.05668117624809","-2.14325627451957","1.45768949479534","-8.4464171193236","1.54136194192278","-0.286122327882261","-2.4990373993796","3.48957842046064","-4.89766622439318","2.9425722349749","2.75844877364474","0.880399548383574","-0.69519238297417","-7.73050945012384","4.43838520454589","0.505626129846335","0.621939173933474","-2.82899035291429","-1.72003179714032","6.25367043792062","-2.12754904522423","-9.50931272415664","1.05275325741629"
"Random_Index6_32_0745","-3.05576790310276","1.94953700885634","5.45202398932537","2.96350646721522","4.62022514751037","2.31489410602588","5.37003643081795","-12.9529664375816","-2.47501078541991","-0.156137343471341","-3.60622100660556","-1.06488260074504","-0.437376912095027","6.55886466702435","-1.30954976739935","2.75313741007036","6.12676520327717","-4.61790681122226","0.408646470478614","0.593508696467392","-4.2993118376988","6.53326335534688","-1.91501877335217","-0.295545965683212","2.20058712459811","1.33380454754986","0.191586420964545","-3.71115072451822","-0.848077746439482","-0.818411764353104","-3.56992560964598","-2.94549595243303","-4.00877698467987","-3.09703664348745","3.203319147042","1.71705150323264","-4.07092576612558","-2.84432236847164","6.70193203516158","0.215016431009369","3.18413779791155","1.52969719035613","-1.26106532814817","-3.32839906116493","-0.117827550916352","0.883771575771503","4.95066769178236","3.12147378487502","-1.70052916359773","-0.675909822760543","3.19872773363762","-1.15278628688654","-0.533529926184909","-4.69416553546607","-3.68074994071534","-6.92756646067323","-2.30735581379127","1.21195841652363","4.93802840676482","1.28062160809361","-2.90248585473899","5.7227357699669","-2.66104906146736","3.4597920079196","1.19636328669865","3.29136512188147","1.72558037914374","-5.65481132790994","-1.03208296298646","4.08624964995458","-0.182801083983164","6.27871372756993","3.11985967335562","-0.824024266373492","-6.53122406791249","-4.19999352073942","-8.80263860972062","-3.79079001467023","-0.155035076064935","-5.22623723158441","2.3026039483071","0.205400934958608","-2.87858487762571","0.442975895746733","3.4153699820995","-6.33516493178665","-9.02420017270503","-0.568818331551859","3.30117215960169","-5.77858875314562","-1.17546588329661","5.07294843265167","-5.04951993232053","-2.48165849826039","0.95543311739035","-8.3097473020874","1.37606605324878","0.067574357973254","-2.32745525311945","3.46913085569908","-4.72476510545572","2.92007782472765","2.7353799827686","0.883725140324865","-0.626503788643844","-7.56280303561515","4.43196909544413","0.369316236169023","0.787766735749649","-2.77216230544699","-1.81346062331629","6.1263153083222","-1.58310506579003","-9.45935408263614","0.985734992194881"
"Random_Index6_32_0746","-2.96047054334169","2.06076555847872","5.36542186425043","3.03833204045203","4.70998659223569","2.00448679189639","5.08480682823039","-12.8662683810649","-2.87625770732194","-0.268599064151926","-3.74106553394594","-1.10098039319234","-0.523006153014443","6.93590521791655","-1.29568575768749","3.09937365279199","6.34644713867118","-4.70388510005883","0.276814269789433","0.896831630702617","-4.34656424571899","6.70234031686133","-1.99115780490939","-0.0489383055188437","2.25202380790068","1.09537930918498","0.274176683933808","-3.79321729365135","-0.553471994168703","-0.966711991908294","-3.87147125370592","-3.0360866144384","-3.92473911384783","-3.11819324910153","3.15583590432597","1.67989154066881","-4.20023830065187","-3.01098032237437","6.87259671706186","0.0465726591635955","3.10539908472647","1.47354343943753","-1.28026970847016","-3.55589771468517","0.0381551319322839","0.982171871703459","5.00862631921363","3.20394783367088","-1.96758688135883","-0.653555888042666","3.49344647719441","-1.29252638720813","-0.623397204632232","-4.39901294245346","-3.45101492926091","-6.99107959906728","-2.1122414030617","1.06807884025616","4.99761620556721","1.08824748537632","-3.20677193913455","5.77510008242564","-2.87108480822334","3.60330508457883","1.18642324218142","3.38713587308636","1.63379393997016","-5.71498355180208","-0.985851970680458","4.28426616201781","-0.00965741611478319","6.59040765019369","3.1284825296988","-1.07051133582794","-6.82203861440873","-4.43941672245047","-8.97703851672336","-4.05323021698729","-0.461579901959369","-5.12341912726652","2.37518695271283","0.234233203024222","-3.11229123734151","0.680183354791884","3.72889284762353","-6.73808378346249","-9.12186549291548","-0.689934216900509","3.36154549827962","-5.64600896224635","-1.16627616986277","5.26835649587628","-4.93737348901321","-2.28157392128706","1.35874670799552","-8.2741879148296","1.65128099710945","-0.346149580594138","-2.13750710845262","3.49357978681712","-4.86103961491883","3.01605520003896","2.79823249425992","0.751109120710736","-0.644575737833006","-7.55385956962032","4.65322005347714","0.289458874857752","0.67920391518374","-2.74030408774531","-1.61427235403043","6.27834326511537","-2.14797602067349","-9.59591030260716","0.880630159766778"
"Random_Index6_32_0747","-3.07723754859633","2.14538716108337","5.55340712549083","3.43224242281659","4.81068159172041","1.93228782430966","5.04263466331007","-13.0104878724068","-2.91157993998589","-0.320920261933788","-3.74706042947157","-1.29569579818239","-0.775382090019764","6.80886071670573","-1.62321599231161","2.90718011515926","6.53382622000635","-4.60125242135747","0.178619148589086","0.645000390217517","-4.47573168699747","6.88915167879527","-2.13376387092065","-0.116296129223209","2.50992619474211","0.911166338766979","0.224091199585639","-3.79999412317521","-0.659545007903715","-1.08105610724282","-4.0280758214595","-3.2478683763166","-4.36869202909544","-3.06352613759875","3.26087660106786","1.48778587304946","-4.28362760934081","-3.02206175612869","7.19933204444929","0.0347457611130312","3.24492028408982","1.30649276256006","-1.24981375111582","-3.66940017200042","0.181526065407552","1.04642728680618","5.17003351470228","3.43909450249661","-1.8195905537655","-0.348331057292575","3.61828452249276","-1.426723229128","-0.951886000673799","-4.32261844880362","-3.74325339972316","-7.32716613720762","-2.1381914101149","1.26552173707733","5.18258682439195","0.93548896910094","-3.21185059543683","5.86200329007888","-2.79349097604735","3.84884846347844","1.03091174922155","3.59851282231268","1.23673393166705","-5.86500346923468","-1.06304416018984","4.44463802127479","-0.375267968263795","6.77863789557033","3.2556413122378","-1.10347626926445","-6.84336607228491","-4.49768018989442","-8.87552518501465","-4.07801876501031","-0.55085728284698","-4.91438164199584","2.76183222373979","0.0459482133987795","-3.05851869139091","0.916460759341549","3.96087598138751","-6.74032212260673","-9.37733869267715","-0.834628186107789","3.64400909636101","-5.65626680878932","-0.808771662369997","5.1594546412407","-4.91842548885591","-2.15706683549377","1.29851168013173","-8.57962105910664","1.51048914159965","-0.55677766467864","-2.40832415395237","3.62593902373356","-5.02634792742197","3.36596901990439","3.07546890986243","0.578947782989434","-0.804431619041915","-7.49206388552968","4.91980976586048","0.0874727419852722","0.70428430929938","-2.83493902062604","-1.52831727061025","6.52763715196496","-2.23660860456587","-9.49271805145909","0.914554724015146"
"Random_Index6_32_0748","-3.09840001970147","2.35239190557221","5.81148220497588","3.42741455963898","4.98391628505262","1.75991630869781","5.01068903349337","-12.6343486604278","-3.03169030180976","-0.495380283008355","-3.8547666500064","-1.37824052196419","-0.787323825704498","7.13918472964883","-1.58506581191812","3.15833325506165","6.40189629351328","-4.71886715431476","-0.0155926756211517","1.01232633255492","-4.22805498817086","7.22743662254878","-2.12621452572458","0.276722400317852","2.3236587178562","0.976956755139253","0.487583982367867","-3.88701098186984","-0.464220218981618","-1.11741353218617","-4.06765853697873","-3.16862951255447","-4.12434300133364","-2.90576823163452","2.96979846140625","1.5406673502648","-4.25381275238458","-3.17007767060519","7.10961454954946","-0.166043810403254","3.46178324806163","1.15169788436387","-1.34326672686871","-3.63896381385769","0.233154542824415","0.933892552834638","5.27227646539125","3.36607317105859","-2.09425765341638","-0.379698076320533","3.69366920504898","-1.47561706057087","-0.878556832867741","-4.56762648755048","-3.63484037698519","-7.14301817539809","-2.23692967027147","0.944167679934467","5.31716026083301","1.06040456256054","-3.22931446695308","5.99598099878167","-3.00201030016665","3.99558532678447","0.801288241959543","3.26195135620546","1.46380328568842","-6.05150306535427","-1.27957429134797","4.57739775485911","-0.374292420029042","6.77005194165445","3.41781269023952","-1.00254229824912","-6.80344543908569","-4.58330888028848","-8.8771669577096","-3.85823492293663","-0.652175576583431","-4.97789643929081","2.6554903638136","0.0293525254487412","-3.21693839246735","1.07645174982799","3.97939116633029","-6.84790335172029","-9.14841840279193","-0.928819715750518","3.72759337060315","-5.39646453976431","-0.899940178248247","5.41154243604925","-4.88978197136244","-2.07042192886788","1.58782890748197","-8.57166173230051","1.78629766550716","-0.572261266339366","-2.27535213454683","3.2995849275046","-5.18500915321538","2.84179774229125","3.17790639051356","0.543459062354994","-0.936376670551329","-7.3519372320123","4.83815357700996","-0.0750139378861216","0.908985416455147","-2.83989156399803","-1.42592061208343","6.46998504934633","-1.9834274229153","-9.55967289282773","0.601417036327029"
"Random_Index6_32_0749","-3.13825419351693","2.34338723264107","5.66296152721231","3.2346843139013","4.85066310533214","2.00892919437732","5.0316198744533","-12.8394362293884","-2.91033512110705","-0.246350739289877","-3.60009822367443","-1.03732673998268","-0.548905668173939","7.05440995720681","-1.24752162094468","3.16468255955879","6.3273914481505","-4.73307745042964","0.202686101031333","0.734115147305013","-4.50644078400909","7.11563642900017","-2.04598983213626","0.0251435988988487","2.13654795918598","1.10994444555102","0.0828603348937644","-3.73994694583171","-0.689443770826886","-0.989305785933037","-4.0297810631248","-3.06645156609043","-4.28208720649667","-3.12359076039643","3.1226128422533","1.59606294863935","-4.26220631303116","-3.47693988757897","7.11249569995124","0.00632994196537379","3.27404758893947","1.37625297370367","-1.24667597607363","-3.4192001828753","-0.025845411963396","0.987032423769562","5.23890243452542","3.29827500692185","-2.0607732193689","-0.64007663159917","3.48704669955239","-1.20384207212642","-0.819025401598999","-4.72881670453659","-3.80662336819804","-7.20820907190222","-2.25895519024638","1.07737649753496","5.23151081100114","0.930755084450015","-2.91817370767705","5.7480054973047","-2.73980834062672","3.75172094219639","1.06310045144139","3.3953814288265","1.38921838530635","-5.79849943530773","-1.0299227185384","4.36141845855381","-0.267976176602536","6.71808882385191","3.42542749603352","-1.13816326646929","-7.02068682704465","-4.48096375953081","-9.09211038685433","-4.02568870350873","-0.458629641102252","-5.20735606261085","2.61091432090708","0.0253871168617909","-2.96940560291727","0.847391066822999","3.84000683676921","-6.54845062813817","-9.39175918037995","-0.843492021592985","3.46705597475597","-5.78243886192468","-1.01282566219442","5.11811796860847","-5.1675670989669","-2.22006688939848","1.34902546444051","-8.66420509916965","1.53565405271527","-0.391179677661671","-2.60463408331986","3.43331822054123","-4.95969028074918","2.8715077282652","3.09962780816824","0.7957348003786","-0.839801889461293","-7.60646441226889","4.68486658176919","0.270779444845091","0.717709822729128","-2.88067689663669","-1.70675008106968","6.42483802479235","-1.96503738940842","-9.49449853897894","0.718061448199451"
"Random_Index6_32_0750","-3.16047157564851","2.12151515282645","5.56920958494457","3.05101851812895","4.91105713613299","2.19554962272014","5.40057237139574","-12.8556554684728","-2.55078316490611","-0.271429076449671","-3.71189785083614","-1.22439923144007","-0.391269536262289","6.89550436933493","-1.40075416799327","2.90930790807553","6.33963458263117","-4.80933789735061","0.305658198265408","0.753735988217521","-4.46104990741789","6.89135045448693","-2.01181149859855","-0.0603240902139659","2.37734623711661","1.16773587302056","0.241112244388922","-3.76998895312272","-0.644287222973966","-0.846326402404987","-3.66450721396987","-2.96136628926968","-3.94705139576795","-2.98875777519438","3.30616262479882","1.78345159575519","-4.08796543181839","-3.01088551210181","7.02695337215218","0.0456579427388025","3.31158535805653","1.45911839892413","-1.20687184986448","-3.52640265365062","0.113075263368076","1.12886381710168","5.11551441485062","3.41489408306639","-1.84813519525702","-0.543192280148194","3.61059732746618","-1.25205741326398","-0.573669382347604","-4.50574681491991","-3.59538051100383","-7.09457710514261","-2.22212818452542","1.20068954373944","5.06517270784715","1.1353098239601","-3.12930544847281","5.98403883490973","-2.82705983868521","3.7286853919988","1.02314571645927","3.46835468595079","1.79959837728576","-5.75869140770087","-1.15811967262725","4.36958832574108","-0.0835127587404954","6.55622238403785","3.29958347649697","-1.08914756023256","-6.76188513072626","-4.49608355653765","-9.10733118175001","-3.91540079953944","-0.38330926852456","-5.20650696253404","2.44321564179758","0.234608798263729","-2.95807154628039","0.738179024251106","3.64403878365537","-6.6878947717343","-9.22409702287564","-0.760387817953774","3.59277120672878","-5.67185875419669","-1.1811216112519","5.35454196702195","-4.79641146335946","-2.45486958849791","1.25277623013843","-8.55137495386468","1.69077767021165","-0.235718619951535","-2.27834189284656","3.53896651175393","-5.02740375085551","2.87094102796107","2.81293778732911","0.861435467549238","-0.800431192534658","-7.72143556024227","4.81470328060586","0.261177188350962","0.841566588605127","-2.69559203309891","-1.54489766046953","6.42412908574959","-1.7925857624952","-9.70288723660115","0.905220804305799"
"Random_Index6_32_0751","-3.12778332607243","2.03721579595845","5.4790030389426","3.09287605966516","4.68181299637707","2.25848376590508","5.21224617347934","-12.7144443423914","-2.5356408986173","-0.222099747303357","-3.58134353341017","-1.14593230565539","-0.557545179761676","6.58664007033117","-1.20901495942392","2.78870563636956","6.16126913771848","-4.46950490981262","0.38030555080636","0.59744630979163","-4.55260913775192","6.56662053280337","-1.93981988446726","-0.147452309416376","2.31194608937747","1.07421413212446","0.316605880973571","-3.62305332770677","-0.727046325501395","-0.889641845019102","-3.7605803450837","-3.12266471379106","-4.07559758625597","-3.073842199228","3.15654027413176","1.64760314510531","-4.09673179151945","-3.07570322903549","6.77603791167331","0.243217879466821","3.23207175532749","1.5641789916821","-1.2632781542357","-3.28486081163174","0.0382282584242073","0.873189163179871","5.05454010147423","3.30906010800517","-1.66981483939743","-0.572415664366095","3.34986731689642","-1.3909772800951","-0.764289745609656","-4.554877661935","-3.87060193285243","-6.829868339361","-2.35207383814166","1.1176754730249","5.03114218811364","0.92195455575072","-3.01836640069883","5.80143289656186","-2.53086218312954","3.50732408890679","1.00418339880982","3.36801674131611","1.56593200371763","-5.73561508313414","-1.20232547843233","4.0972332697853","-0.452290374793118","6.51148794535406","3.1910355751389","-1.11938004630632","-6.58351701401039","-4.39713149637781","-8.96406621004215","-3.86444007148542","-0.142946849518048","-5.12094075172303","2.31250630572258","0.283192459719056","-2.8310473695589","0.896950951782724","3.49927161586334","-6.46122979464811","-9.16006512726221","-0.842570055043037","3.47619652764566","-5.67040499021507","-1.00678288890535","5.07634872423127","-4.9250132188315","-2.07996748472518","1.27948069048075","-8.12563107689771","1.55225091288928","-0.175293463330067","-2.48096272219516","3.39021235296215","-4.78151935645627","3.01558202203477","2.79949946108303","0.925214004930968","-0.641679570343138","-7.57819919060593","4.67061469395801","0.28553431609548","0.665969595183765","-2.75805371763299","-1.80414825124169","6.20518795994712","-1.98924270676275","-9.4646435013199","0.95303868716519"
"Random_Index6_32_0752","-3.00960874272181","1.99092793810888","5.55168477338744","3.13754118404745","4.814755576947","2.02902507734514","5.29262360507421","-12.6721184082222","-2.78157185423798","-0.346614136890994","-3.65957631878794","-1.27108402752139","-0.5780756051361","6.92911838474068","-1.44073562201179","3.27104452531952","6.28345300608879","-4.67414730468916","0.15132845851563","0.90891938074958","-4.36197743241383","6.90367368684063","-2.02677703474985","0.0841173800969731","2.2457914335861","1.29111278324629","0.44884020995219","-3.80655205067767","-0.335486782495224","-1.09369156796795","-3.88342353552814","-2.98771412322947","-4.0559644429303","-3.1408659326435","3.09407426017046","1.75929335168854","-4.20348987969665","-3.02879484723624","6.96565821369723","-0.00764329274930927","3.25434700500779","1.39202100019671","-1.28433445712321","-3.54806156787125","0.117317825492726","1.15376878182382","4.92894779469447","3.21697501825304","-2.07101345702334","-0.677609537733725","3.36613918145099","-1.3180193202009","-0.608530764263968","-4.59319644891713","-3.50329157199167","-7.30370620519794","-2.21685544937543","1.16822896985079","5.02210048801323","1.0628754515921","-3.23154644882527","5.78253272923317","-2.92425104918733","3.64360296041356","1.03979273958352","3.4586596336075","1.60376692009269","-5.6037463597998","-0.991168410078181","4.25735098927837","-0.104895704451958","6.55360499896954","3.1385374468388","-1.06503977243929","-6.80565132114211","-4.52422899058913","-8.9972270029053","-4.18573819596341","-0.367965720539019","-5.15545631840945","2.37814746701283","0.317004278855533","-3.04240978526893","0.905051178619806","3.65974282011238","-6.67739887484143","-9.02984993635948","-0.886434236147674","3.37970271722599","-5.22267369834164","-1.17599279831597","5.32126079694549","-5.10085426811383","-1.95993746827314","1.39134970024728","-8.3392922897747","1.73263044899732","-0.449654013709395","-2.44443269226122","3.45703027374646","-5.09461987108478","2.85900150524947","2.78355422710776","0.74399348094766","-0.489614508121785","-7.64463551624273","4.56545619245281","0.297924940235557","0.667072865176912","-2.54843777170092","-1.79235853732616","6.09365833357415","-2.15363339740589","-9.53372376679057","0.851842791192733"
"Random_Index6_32_0753","-3.34553139896088","2.50137527928267","5.9800579403921","3.40848399581429","5.01375734553059","1.95720389330349","5.0321683063655","-12.7780471548572","-2.79496767804477","-0.64009418130056","-4.0299427963793","-1.41744824719642","-0.969107339378187","6.9419269764822","-1.68021080725186","2.86037291488221","6.19690219247037","-4.62121574998621","-0.0400286144335669","0.757573288139252","-4.01078592467215","6.93794063073151","-2.41829764801798","0.0995414834405287","2.72525869635835","0.716534128229202","0.18175313412455","-4.10149510933127","-0.490770082190145","-1.39344812131216","-3.91636768964161","-3.4454860435951","-3.99028987270397","-2.86514385907919","2.91774446300557","1.51800744362008","-3.96148329400117","-2.81609921679208","6.9038201190395","-0.398484644664341","3.55447739801407","0.974729144999151","-1.49072839397334","-3.5831096116308","0.368170772802743","0.99760780817422","5.27940240774991","3.58499945475185","-1.9720602322528","-0.180718218127333","3.76811862908352","-1.53785431366712","-0.991143169669288","-4.55722500059477","-3.75507906931428","-6.94696208234011","-1.901046849463","1.03853061393446","5.45061507576449","1.13119061177296","-3.08792623977679","6.18159830131409","-2.72520766173639","4.06086572470473","0.668124553989538","3.33594786937405","1.251568716993","-5.68377867592792","-1.04322940403053","4.44780173895931","-0.206783471137588","6.57956634295961","3.57183213539166","-1.07059838502144","-6.67255783646356","-4.65344385858741","-8.69226160227641","-3.58907194195022","-0.617321796339834","-4.85213918087613","2.71544222540446","-0.19432645785938","-2.97940667955675","0.974823203596735","3.7608951074886","-6.46689666013202","-9.26965641444847","-1.11181773880947","3.91001519015422","-5.47587366101296","-0.678556617780877","5.23768470299613","-4.59854951783743","-2.16007710778302","1.45044356567824","-8.14018086841813","1.80623163134608","-0.651158396546319","-2.13717729602443","3.23009996240636","-4.96192876204499","2.77899298260922","3.19864696149481","0.401579416719749","-0.969237521087173","-7.19025604797922","4.95451570298194","-0.0266604153135599","1.09361382378269","-2.9290185741662","-1.23928817901989","6.62257787413633","-1.86648431277361","-9.51819759544816","0.568685343637481"
"Random_Index6_32_0754","-3.09718718162161","2.16055876508026","5.41864355938993","3.08933051998168","4.78869535277588","2.10386050481971","5.24097898983598","-12.7308261458968","-2.66649195361095","-0.321480136743402","-3.57729860522022","-1.14858048434557","-0.60918483626126","6.90491010374227","-1.52617582534273","3.07845628399487","6.30814824832995","-4.80749040212678","0.369994325120897","0.775613774808139","-4.39785218257176","6.92489801936899","-1.9873337209404","-0.0815436816772629","2.31422516888618","1.17091882356644","0.359078712222204","-3.74209053089635","-0.685690058395066","-1.02330017955586","-3.76794669031892","-2.94326124616744","-4.13746348730261","-3.22715965898662","3.08684363893416","1.6616597960557","-4.2737134651505","-3.09285377597451","6.95886668440693","0.079516127910504","3.46839887413636","1.43250939892024","-1.42330621041096","-3.59114334832755","0.28352677084233","1.15347197179215","5.07604143908889","3.39267353807609","-1.82958534321744","-0.626566280298675","3.43666301877022","-1.21832547816198","-0.717560066730567","-4.46597954741655","-3.51161719012182","-7.24437350782704","-2.01718224855306","1.05585655900096","5.12461339258332","1.34979482665032","-3.20100064697822","5.90040958583413","-2.75470427194344","3.72008454956488","1.10083654512792","3.43021407958322","1.58554854967221","-5.71046471404475","-1.06302693813143","4.43068377845592","-0.0170677263118468","6.54077404436626","3.11914782699033","-0.946447239935033","-6.7673916902189","-4.4727675046939","-8.69390205306348","-4.01756292372706","-0.429856225523388","-5.12361042261281","2.54734465637484","0.21276295496622","-2.91200251223441","0.880571069254408","3.81672230884624","-6.78573594549644","-9.21693804928357","-0.864222302727704","3.5878399946128","-5.5773772101777","-1.05588398817985","5.22020781041266","-4.86765751877636","-2.40539994325925","1.30692960392029","-8.64204220619564","1.59225305836958","-0.401460114423415","-2.29719757502431","3.37935053359224","-4.98559002793223","2.95304890744217","2.86527244510677","0.776568982369331","-0.753496794341263","-7.67041004606398","4.83264354119025","0.315767480013128","0.507264087396502","-2.83545066086578","-1.67768422485801","6.23884910065399","-1.90227246960978","-9.70361521606342","0.967977837582161"
"Random_Index6_32_0755","-3.12910398781738","1.97290696614563","5.38746836859332","3.01730992462977","4.70817802995138","2.2458811886604","5.18836079237262","-12.8715230724917","-2.78599004752995","-0.190848967266221","-3.44037361669948","-0.91192318438636","-0.450331803800374","6.86082260994961","-1.28504571551472","3.08319848112862","6.50640330305284","-4.49262814253482","0.508348833180509","0.838024273004679","-4.40583145626718","6.78925937783676","-1.74802928544405","0.0828237509576097","2.06435467495104","1.22831594694846","0.339668422715323","-3.50948013024089","-0.571410574044594","-0.78627519064205","-3.65981837217579","-2.90624107033136","-3.95443024109357","-2.83585411042061","3.3889775044051","1.6962912247195","-4.32988861503633","-3.15014659912011","6.98829448181486","0.447393737288327","3.19346480554441","1.61264461838526","-0.96384586580368","-3.24331491963221","0.0508309788200752","0.939199972659844","5.02234048518","3.18027225851771","-1.9324214785173","-0.772353643567075","3.40001782017802","-1.23610674350032","-0.549871941725241","-4.43560723097901","-3.62032376158856","-7.1634863531726","-2.26880047330143","1.37276136964525","4.94543475603323","1.04013370654778","-3.13196809206427","5.6662087911366","-2.70487804333484","3.60312618442885","1.30164735323089","3.67739925571586","1.67359267139896","-5.59635411771333","-0.85503519436096","4.34740268104926","-0.272306594225939","6.54054459545354","3.06065562497178","-0.942976820676553","-6.8363708304467","-4.30680036751313","-8.90297455643181","-4.12559595369212","-0.229188074669535","-5.24493390859064","2.32797662206503","0.312759371829958","-2.90416541831444","0.529754382127821","3.58288781650782","-6.71129426107092","-9.0532367856275","-0.65590535381112","3.30938597687683","-5.52217796010273","-1.33319848720613","5.25454790964969","-4.90076660633676","-2.28288924982416","1.30914935048258","-8.37497575266248","1.57649145709988","-0.13612640619436","-2.39890633782922","3.76016580104391","-4.98153381210785","3.09052606390618","2.75773677870042","1.04175428296796","-0.513687887830712","-7.66795933612521","4.54521840795389","0.457274928086858","0.906102600366739","-2.61825606728992","-1.78834177189836","6.14155628758584","-2.12951482115463","-9.40589655290732","0.901599449851527"
"Random_Index6_32_0756","-3.01557252278651","2.09500245411101","5.33408136684661","3.12205573525028","4.58901191549233","2.17598420024987","5.16019727643548","-12.6365400856741","-2.67522566611561","-0.189606595862217","-3.50311479797998","-1.1055612356298","-0.590123584301361","6.66601744415308","-1.24723647659712","2.89683336676751","6.13915847441861","-4.52303027654203","0.450117782579741","0.652357390450561","-4.46111503820969","6.73013491567319","-1.94303584659651","-0.163926687885226","2.30081415757788","1.1932399878906","0.253583638004291","-3.52593206525936","-0.74809540130285","-0.862774012928738","-3.74047524154113","-2.99910567686257","-4.05353105307151","-3.04057180381428","3.05120624825644","1.76458684636077","-4.07885212697728","-3.12467410529267","6.91480910657191","0.270842184275139","3.25360980512609","1.46912658808994","-1.10314859278284","-3.37080173953888","0.0892599905473075","0.857798895876178","4.83432613462905","3.32121899312936","-1.69649019855372","-0.614943984056818","3.36857849850716","-1.25541761298937","-0.767359332229961","-4.45174867418736","-3.7202264477092","-7.08227444836805","-2.33566880799949","1.06279877863103","4.95969189306618","0.874855705989548","-2.9834167372601","5.66199820394645","-2.75693301648276","3.44924564421968","1.04587294536391","3.21407759222046","1.63270996680574","-5.75846377056621","-0.992762890449151","4.24453676314713","-0.277501506537724","6.39782962591718","3.17421077722377","-0.959992143284793","-6.68159377882579","-4.32182083906376","-8.86568336501772","-4.00437802520296","-0.319174180875297","-4.98320302783237","2.37096596885731","0.315664266809319","-2.88892818805834","0.691084442082282","3.55890520285157","-6.57944408185843","-8.9191813211325","-0.75343496611798","3.35868928024538","-5.46710110370854","-1.12760566260333","5.1573965057837","-4.8677740317543","-2.38636475407484","1.17583929016486","-8.4203815740161","1.45403937152103","-0.292389018133992","-2.40885523765148","3.33161906458307","-4.96322913072471","2.75743256263938","2.82742499097421","0.809198452235178","-0.613623657924202","-7.52426363418668","4.57122186014399","0.387783966503301","0.72740567241881","-2.73600823252392","-1.62791122180974","6.04977871767488","-1.92606802841368","-9.48197667564165","0.896752428321941"
"Random_Index6_32_0757","-3.2161161683183","2.34979185143346","5.76681149415326","3.42860123865476","4.9226089257047","1.85670226641342","5.08116989198934","-13.3849485504593","-2.83357896624593","-0.540986092326445","-4.0042251445197","-1.34346006335341","-0.992584019072772","7.12156076595255","-1.61593938871682","3.06897111186261","6.64541589589222","-4.6179841554987","-0.00705500673010423","0.957405050793117","-4.19290185675289","7.07941735958691","-2.31334180967886","0.0597967504070006","2.58392937451171","1.05041528988072","0.523329367009484","-4.09072559505513","-0.368725846934047","-1.25361197972312","-3.97839493539083","-3.35771861358089","-4.23170201892755","-2.71785534384435","3.17662276890237","1.66416240000336","-4.23557752872604","-3.0759324331274","7.32501470319359","-0.0408128917655522","3.55016300609404","1.22210028682781","-1.30182724916407","-3.68077961439148","0.252192998207487","1.03545515652658","5.28170444358789","3.65231453879433","-1.87174766248407","-0.405878308551668","3.78431731045462","-1.5665055600971","-0.867275500310462","-4.45519679113703","-3.58478152908715","-7.35302323806308","-2.06873570573224","1.08393553206597","5.29498768893728","1.35956428197277","-3.36053877747912","6.05718785884005","-3.11943605454383","3.9602397771871","0.879557420108224","3.38426947221671","1.44169125408966","-5.80827031639297","-1.41532160446391","4.56818874007888","-0.26813977030777","6.97493975392865","3.32663444558078","-1.18296945737951","-6.82175920300568","-4.55850031362351","-9.02407245188123","-3.89594237491579","-0.654435202179974","-5.10761075262972","2.64412322967961","0.0427863095120731","-3.41342990236681","0.996672705318047","3.96420552183369","-6.97661038845374","-9.6031537040812","-0.883916527390647","3.84360685941904","-5.52999079884861","-1.07370905194798","5.44918986120868","-4.89971449477187","-2.18216198570599","1.50838938561976","-8.39052687716356","1.7304167889534","-0.638587140325604","-2.32963825591364","3.50030295676118","-5.34305322668048","3.05999210887468","3.06719765838725","0.543365318498767","-0.649270570265366","-7.5720563664425","4.95851859114512","-0.0044813362895891","1.04617797359411","-2.67764101659456","-1.52588760122439","6.62362067663651","-2.00234592821012","-9.92347317861897","0.663232384442297"
"Random_Index6_32_0758","-3.00362089585863","1.94932901873287","5.51574423351767","3.14469682006871","4.66175322446242","2.251955319953","5.18996969784432","-12.925216753968","-2.59585341126015","-0.329664632192758","-3.61188232798802","-1.24074911746025","-0.510799410200359","6.59269863890353","-1.45807336846895","2.72483504132575","6.30633007773789","-4.68138418321911","0.294030369057018","0.485822202366216","-4.6330610027098","6.61867210719069","-2.06676038425152","-0.406912703577141","2.57360620281399","0.923220623347891","-0.0908281016332075","-3.75690757047779","-0.747319746291182","-0.936509919007844","-3.66014609358435","-3.19452159025273","-4.3288686884442","-3.12496035842555","3.34502219850688","1.47286109270221","-4.0332689631723","-2.71195893482695","6.78180458123162","0.0304619935383861","3.16812593128494","1.36087410681085","-1.57154721248625","-3.61252822323831","0.148315418012108","1.11063325259389","5.00145728623836","3.46282640716145","-1.76424724101078","-0.31817533490943","3.51251373761053","-1.25975523776392","-0.750612370796742","-4.51105284136404","-3.72154931075565","-7.0614001273962","-1.94091907846426","1.4560444151125","5.08888769090152","0.994637173552729","-2.90885967617566","5.83782595674966","-2.426758580955","3.54826061476675","0.986667434501689","3.48082266036157","1.43616017763241","-5.73297021963304","-1.12833385906733","4.05926513924128","-0.261469294826063","6.44911905761201","3.24700834178972","-1.0996591074949","-6.59281385001156","-4.41534264405318","-8.76427530580554","-3.79908434942902","-0.343950370880611","-4.8183414144194","2.68074478425486","0.102067726321669","-2.64801165166278","0.76926612772722","3.65358696174805","-6.61368274789568","-9.31800038484213","-0.928518644603307","3.39813108656801","-5.81614437959401","-0.758789944799346","5.01788713040898","-5.08148347638177","-2.29071073959975","0.963016706820908","-8.50657271320236","1.36140299275708","-0.181553588173477","-2.5665408607777","3.54622255901074","-4.79722107548349","3.04979536520498","2.97044568389959","0.784053449034416","-1.00355911418852","-7.54348340639622","4.78504377075843","0.410657718054454","0.702737970633697","-2.85634654115979","-1.71114812622666","6.50331889291191","-1.87814728943266","-9.40672144761582","1.15914244915834"
"Random_Index6_32_0759","-3.10933568920113","2.21329087708951","5.5871897377536","3.02649030665999","4.82612681381076","1.96333749867676","5.00840727822338","-12.787761871325","-2.77533441412981","-0.371742829403626","-3.80915514446163","-1.21864047713299","-0.570541141102383","6.88958486191634","-1.57284715724668","2.90698400998255","6.14011244602803","-4.94535703534921","0.321722466089394","0.897943649657794","-4.29350891115695","6.78764225457616","-2.14587583705414","0.0461724897580576","2.39668218748612","1.21977051332216","0.473795660937072","-3.8431932099191","-0.645340183958071","-0.99833879827671","-3.91866950278052","-3.15287510918205","-3.98799977664068","-2.97724597266015","2.88373691078591","1.73444663473569","-4.16993255903695","-3.03568522296527","6.78678782068175","0.0216389712349046","3.43699738996947","1.34039948601609","-1.55267947823496","-3.69005954500109","0.12444618696622","0.952438867673154","5.11430161551893","3.3546309874181","-1.81330158850455","-0.524863690581628","3.65501601579433","-1.35762586056276","-0.737335922961066","-4.57013224776235","-3.43068877224792","-7.06826758882565","-2.03268758592739","0.950371203818813","5.06754544046181","1.26537454410105","-3.16468113574033","5.99499009913294","-3.00654709935922","3.85568217687891","1.04268948135114","3.15460953600256","1.46621788391823","-5.76456689928536","-1.33592439772621","4.36491373010574","-0.164770206444616","6.4402107365201","3.21183078742636","-1.21749361975678","-6.64013861067414","-4.45185895789087","-8.91210369675558","-3.91749993547346","-0.583403542882947","-5.17271679565148","2.40422112459346","0.153625571055228","-3.23441426973629","0.870548487495604","3.78784557235918","-6.79079379629071","-9.09633160182726","-0.803953832048159","3.64146522952205","-5.6889531271315","-1.09539894133655","5.36077300450041","-4.82281630415188","-2.17513957289358","1.46741265673755","-8.43749690360759","1.68993738134783","-0.282518664252961","-2.0814741894458","3.3034177297426","-5.18048994433484","2.7606396197607","2.82575004605467","0.703214326459141","-0.867302389726645","-7.58875380394094","4.6838320104059","0.136181281582116","0.851378386692909","-2.66834331178555","-1.55667099715803","6.23175692981425","-1.92758872668238","-9.70859283085493","0.796509797475756"
"Random_Index6_32_0760","-3.34966807806631","2.3302069322312","5.72149407482951","3.179415298709","4.85665537287282","2.19026507397424","5.33958100413284","-12.8217292955944","-2.72258073188518","-0.293992734975649","-3.65855495958446","-0.996854784856238","-0.541742849547802","7.20511909827312","-1.40702311924996","2.95460320882262","6.38007881667499","-4.63644910018236","0.308812584975347","0.77149529242054","-4.36367721647826","6.8487423825316","-1.95532627080525","0.0846173448320982","2.28927830631442","1.08104754830351","0.404630277400887","-3.76564960136864","-0.524962436458231","-0.913123088388507","-3.69229994928522","-3.00385942984277","-4.03698347691993","-2.90693717244036","3.40551833972447","1.42335884978188","-4.11571704001369","-2.97739176400844","6.8375779677628","-0.0600716822182809","3.35727404722656","1.39442260661665","-1.24030830325471","-3.51475465868561","0.0436833222265922","1.01982096319904","5.22903088468713","3.49981846718102","-1.87762693801369","-0.564784341502177","3.60379550381467","-1.40887056309687","-0.614085937071603","-4.78142615366974","-3.45097240363575","-7.19642776719258","-2.32788679650054","1.46322455288137","5.16449941874284","1.31439942398266","-3.24143588161316","5.91002039850637","-2.66860266831658","3.74307945377648","1.02970752112348","3.65169660529407","1.66049200392515","-5.86936021781641","-1.03313201756416","4.36192923946417","-0.0394419902467158","6.71375905393158","3.47824476002802","-1.35372047478836","-6.74098073333036","-4.46980465903963","-9.13288030574884","-3.99137226663711","-0.411105711364037","-5.19626377386524","2.54792192533803","0.273491312823597","-2.97543444608723","0.7570701292711","3.73404293789054","-6.75878836184132","-9.23048039528257","-0.89097088065736","3.63813042992642","-5.63411743511015","-1.10647760409772","5.37673854141208","-4.72698036227535","-2.28729305589376","1.38190632988047","-8.72457842756138","1.84816580962268","-0.338347707864529","-2.12694746963368","3.7481957668699","-5.09534899461686","3.17009595766778","2.9911011390803","0.649197364087562","-0.734991899633812","-7.76882670932514","4.73308858330042","0.318689615673917","1.03839791514645","-2.81052076081488","-1.52173849830184","6.42313318907742","-2.08387894454488","-9.79747976138775","0.812792438000607"
"Random_Index6_32_0761","-3.07134605337631","1.98683779906021","5.42953238422287","3.15029871907803","4.71883855091304","2.20109879686325","5.07096758725525","-13.1536615575118","-2.80584710202396","-0.155077129735411","-3.78006401817144","-1.19857404263493","-0.778935088712991","6.67268446964545","-1.31703100508476","3.08366220007064","5.99183801727759","-4.37389516270559","0.234947320523742","0.775148548861397","-4.2626571406185","6.65713284816194","-2.08932634041227","0.0613757581245994","2.49095836725813","1.01616552690968","0.409280564741956","-3.75903905746824","-0.654209206254078","-0.990102839556278","-3.72647822426883","-3.29109220587387","-4.38325484428251","-3.09518718805947","2.96903453298279","1.57265799691297","-4.08112299214408","-3.01572250779283","6.79736516909901","0.159476105214381","3.15637251670711","1.32416325475776","-1.43290377021425","-3.49302919080156","0.0913522187610848","0.987160597114704","5.05917504925527","3.26385597903291","-1.92991482228683","-0.374322458462012","3.40706959050667","-1.24725547010361","-0.828134419877458","-4.2973326651821","-3.67281769598569","-7.09915706855374","-2.05150111716839","0.939517031547412","5.10049263838216","1.05436946575378","-2.92724061742733","5.70299338056421","-2.65735875098674","3.5740237564579","1.14987302671385","3.18292611306594","1.63458374118238","-5.81808385779","-1.10385995745732","4.24631656528513","-0.300916241827028","6.44720188559399","3.18508542256141","-0.900716918236063","-6.60849353628309","-4.45136782987655","-8.72510211148765","-3.89840791093654","-0.352503025780014","-4.94922261956322","2.55123297598794","0.154979608471909","-2.78540627331233","0.925085926272549","3.6890211707983","-6.4518814799539","-9.20429060424384","-0.718338049524861","3.41461710656995","-5.52969146344673","-0.884662329896112","5.16936031384401","-5.0850808900719","-2.21304388271287","1.30139254398953","-8.36434090958053","1.50162800905965","-0.313006554273959","-2.43009707830856","3.22323216256306","-4.87838827395816","2.85035341985183","2.943975607767","0.855402693370872","-0.579545600040874","-7.42603213966503","4.70109634343394","0.26667133841571","0.834001331646542","-2.81263866839308","-1.58816917976957","6.29097727450696","-1.85027280635121","-9.34906651693681","0.964951954113899"
"Random_Index6_32_0762","-3.16351657954974","1.99142351508341","5.47468265030655","3.06185861404709","4.74004868697144","2.1102966504202","5.18140403114648","-12.9783547351392","-2.94810496650017","-0.227939600118158","-3.72123520560323","-1.16582084820366","-0.40725927982405","6.85659139283947","-1.47256820174907","3.13209505039883","6.14082437449271","-4.8298537612049","0.38089397776836","0.976230162858466","-4.38894770279967","6.71893626028942","-2.08761056837332","-0.0520806686303869","2.21571786587816","1.18240648931109","0.426844568531759","-3.64269456797512","-0.564615236220017","-1.1029634083936","-3.86133955105989","-3.03180309676068","-4.10152547740088","-3.13021988209882","3.15886116368341","1.82999589724206","-4.26446436743138","-3.08025693029788","6.84063480644794","0.225043660803258","3.2780312603684","1.49805326759259","-1.45195605008531","-3.56069010537582","0.107183432928657","0.977395210141263","5.03696262165878","3.15151139881533","-1.82316802950376","-0.763558007016546","3.4075128175124","-1.25828756403564","-0.700544187498332","-4.36728573097405","-3.65632467556704","-7.34595835346526","-2.0766569894939","1.13392936401968","4.99927413805344","1.27456791461076","-3.21201735175607","5.73775708318699","-2.87613253985917","3.59496609629727","1.2554520870092","3.31816831242957","1.68250321424531","-6.2781883953196","-1.24451396017163","4.19451120734138","0.00678409114704136","6.43257977885418","3.00830567320447","-0.985999427993117","-6.8443887666218","-4.36422372316558","-8.75605536409677","-4.25803959767973","-0.586484235791788","-5.28319464660098","2.32769638138547","0.12937355683875","-2.99032189118611","0.782836956258536","3.70156353527865","-6.71298599815772","-9.17055819100761","-0.628858296293734","3.37343820336441","-5.91052371768255","-1.10308355791327","5.33119850242557","-5.05065115349497","-2.22413267150632","1.44523707661875","-8.53983587021129","1.60046730789336","-0.309283108817955","-2.28679454706999","3.54666272180558","-4.90127258116261","3.00936927267713","2.82944256455953","0.969554230873589","-0.779723271601477","-7.85432141001531","4.55056619968315","0.314443929898395","0.600504663649173","-2.77426061200311","-1.77580687055619","6.10603358278988","-2.22443596108904","-9.52937304496354","0.887433421437629"
"Random_Index6_32_0763","-3.08303895214316","1.89340855617599","5.23285618863962","2.85803592518303","4.43758514629258","2.53577702382006","5.24312735355722","-12.8606488646345","-2.55020701870249","0.0742914547163984","-3.46706613398033","-0.966106737620398","-0.225310009632985","6.73193386708942","-1.1223672185349","2.79354653250467","6.39429223711761","-4.47385668084393","0.52747869844555","0.462423093642925","-5.16829007708246","6.63708556895584","-1.70167049552145","-0.419372322483655","2.13695517030092","1.43725324217456","0.23610182296909","-3.59916207759575","-0.797279352792524","-0.618010499418054","-3.5621411424958","-2.79970499201469","-3.85527719880829","-3.26362105143331","3.36700823766791","1.84367397118939","-4.19657667640818","-3.13160863326733","6.90428710529216","0.448671941805308","3.0411699346924","1.74704689542489","-0.973095231087869","-3.29874579006572","-0.28773757334839","0.937786918807574","4.86849247208808","3.2000093524334","-1.86241527458047","-0.844806421787047","3.17509183571482","-1.10759733315756","-0.429445762212641","-4.71372212538627","-3.47559521765896","-7.01425042627041","-2.32377832662164","1.23876232534381","4.84752339086946","1.04414057643237","-2.98361520137759","5.65502054175471","-2.51409010697274","3.51787912162642","1.18169716801465","3.53162692971898","1.67154317296854","-5.62815293539335","-0.950268249651605","4.0866706226798","-0.227761524415688","6.6685609160758","3.06850468004964","-1.04366617073088","-6.80307160884428","-4.28784671316778","-9.19882958997514","-4.10396519966289","0.0172182843072828","-5.22481808412066","2.34841928917116","0.496562293174916","-2.83154010707192","0.421896043168019","3.52269799476548","-6.44454233695829","-9.13288871510104","-0.526852236288574","3.3036548006558","-5.91631078363951","-1.39726593483616","5.05856634870559","-5.04226799839213","-2.81115969645682","1.07507769734009","-8.29814091981446","1.33090654527859","0.0490389071325358","-2.49098499266986","3.63229675267058","-4.72712144957485","3.11771260929646","2.66675268692385","1.20396106449669","-0.425767112556301","-7.70443612798667","4.46374943088793","0.549397020224873","0.601821503229515","-2.52439912025684","-1.9225084330399","6.12750528108297","-1.79578666126409","-9.51278592437864","1.16799855006419"
"Random_Index6_32_0764","-3.07166853380658","2.14742955780888","5.40360582196826","3.0901112156365","4.69700658073526","2.11531277590363","5.25901508159122","-13.0137224147895","-2.82524652352589","-0.340339333132559","-3.76426329084195","-1.25481221026594","-0.651495396782989","6.86709490346048","-1.47690217829953","2.97554429180691","6.2108255063848","-4.63439058681235","0.216977186702829","0.92257379584426","-4.33194070203088","6.73010814146773","-2.06800347881277","0.0854914070095629","2.20389050929842","1.28198276302636","0.575390472812329","-3.83434709485573","-0.607819260613946","-1.00661446822194","-3.84346207198761","-3.06306401869533","-4.0083107111246","-3.06324031656302","3.03025239686985","1.71596795728907","-4.31995107646195","-3.05543860505606","6.94285470436972","0.098359280465543","3.19440280732236","1.34789086158683","-1.1702756054459","-3.45698008738336","0.114708581193352","1.13671906510281","4.86534434109251","3.26031862628009","-1.6969388435496","-0.669095175963608","3.33410790500928","-1.34460092658649","-0.698967304785766","-4.32841367799132","-3.52365255955795","-7.21561689884278","-2.18987438957921","1.01777409946421","5.02003333311922","1.26075674095042","-3.14143925645597","5.80727118869213","-2.74076674583662","3.57593018955627","1.11456951532975","3.30181186162071","1.76919427698179","-5.72854516086893","-1.34789780791302","4.33581797559327","-0.112889321640694","6.45099252132233","3.13784171299275","-0.932753827683612","-6.81591717758063","-4.52414226772335","-8.85989374840008","-4.06023667886402","-0.288592621431414","-5.33280843013929","2.35112776492504","0.0674928803255523","-3.08105812407358","0.77675788198294","3.62433285197136","-6.62864095543212","-8.95599718623107","-0.666729175620691","3.46452825266718","-5.50534445430194","-1.27171545577795","5.38986366681016","-5.10411216773202","-2.23223341245726","1.22081982931816","-8.37489303129272","1.59417709993715","-0.357438382328454","-2.23929243544086","3.32206166051516","-5.21190634890297","2.78842028375837","2.72755995688414","0.782774896668062","-0.644582771293479","-7.76678032230409","4.61597108533307","0.185220772886685","0.724878431111527","-2.48612226729817","-1.85548224146652","6.18789477720552","-1.90115432433884","-9.54415072760173","0.835320015531868"
"Random_Index6_32_0765","-3.40139406925731","2.27685982317863","5.72477358839056","3.22082150519234","4.87768211036986","2.05197531280343","5.01676948054709","-13.0522231714308","-2.93797077776334","-0.377909084631998","-3.67536282046732","-1.2278072276549","-0.694904770950432","7.0419451066814","-1.33684841234395","3.14986756373178","6.4692788710508","-4.89702711211433","0.16203623683526","0.940370778351214","-4.34849015903274","7.03514990802082","-1.92299458173306","0.131159993712203","2.23522264299971","1.13177834686998","0.376170802849381","-3.81827756561516","-0.572934069251449","-1.03585750860786","-3.98586092201195","-3.20977544079922","-4.06422078222209","-3.18386693038966","3.21635742377561","1.52041308317528","-4.40879263398878","-3.22486935647923","7.15848532795793","0.0284185935046165","3.5433441667529","1.41520976101954","-1.23935268195336","-3.62635754795045","0.228741559552726","0.946298573270496","5.19873325082409","3.4382194355686","-2.03265209636601","-0.574556306890819","3.46194886217708","-1.43912052834219","-0.769091815471692","-4.68803450746725","-3.8239542937706","-7.3137720163383","-2.36118020880356","1.20877458592902","5.24250824997963","1.15505486634853","-3.39579307806061","5.82444984574693","-2.87110411869755","3.77899505823729","1.05993881854805","3.49206265189869","1.57720545839237","-5.91076512273257","-1.14325600902387","4.55972819793439","-0.297048182959017","6.7202074678428","3.22568449451567","-1.17671411367997","-7.0380373524892","-4.54792433528853","-8.99207752997321","-4.01780997816768","-0.398657130833955","-5.33291827276988","2.5124573958337","0.245643002250136","-3.04610048530356","0.80618562917501","3.82736157834506","-6.78487958804088","-9.30118981578172","-0.850212192936684","3.45722672585947","-5.51671761972002","-1.12837591858706","5.41186848341555","-4.97596272764646","-2.33904157264351","1.4675564647964","-8.51901792079521","1.75110626871825","-0.444212164311136","-2.38842953413971","3.59378150408549","-5.10963659336489","3.03230212989053","2.95364510910294","0.800497291263299","-0.797062584420273","-7.58413847686222","4.76955046730719","0.320305863735059","0.555897879377694","-2.77002005294164","-1.61151638731824","6.29430490742553","-2.04260503184341","-9.8064457625612","0.871619163538692"
"Random_Index6_32_0766","-3.18601509601297","1.98883081438549","5.67150159613994","3.10631644956296","4.74875101511185","1.9426313340157","5.11109244897923","-12.8079399451019","-2.75774488927081","-0.204126396447993","-3.72978122220531","-1.1283081185816","-0.659594094287558","6.81986411413024","-1.48052867936613","3.13640832495041","6.54259662111543","-4.55016517863038","0.260866507151953","1.03149675570033","-4.24424648578279","6.7863240158697","-2.08155077663161","0.0763555825790622","2.38418897055682","1.17329183166522","0.50538686316545","-3.82937937384819","-0.41564983518172","-1.03236835396733","-3.94330960324059","-3.15403487274745","-4.02290514135862","-2.97211913879955","2.98417852597378","1.74218448344813","-4.2306537959026","-3.10147153978783","6.92183212888318","0.0391796953162749","3.29831646632483","1.28253142827599","-1.27137431508801","-3.84487236261393","0.123155880985814","1.10729846438105","5.14422065550256","3.25533253313515","-1.80949732986615","-0.59640941832375","3.54040364450554","-1.28471258933464","-0.792150228757957","-4.39056147622177","-3.47953141217015","-7.15175201175049","-1.91498060274295","0.998159405079212","4.88745398938256","1.42138751480005","-3.15220086417906","5.73369698434773","-3.01275208865491","3.56669667818218","1.06367291321202","3.39930112358429","1.62146002577329","-5.60897311511164","-0.997110013510931","4.38296308184748","-0.0259183313010762","6.64827162152562","3.22497025487848","-1.16090837779653","-6.83522273237031","-4.35393831872125","-8.90549774964661","-3.96511927689106","-0.420568123947268","-5.16738624793943","2.32481055400989","0.112189373059752","-3.17658557296173","0.914725691717422","3.52642278480187","-6.84604246408051","-9.07615616671067","-0.857556751146412","3.50950795812926","-5.55487775473027","-1.36104314494546","5.38547349871419","-4.94792044103851","-2.08974105466109","1.43836020774419","-8.3394123673103","1.79298580971413","-0.464693462865298","-2.09912115168494","3.32628940678076","-5.16223138738099","2.92474476297456","2.67380570326402","0.647132742295658","-0.585957995302164","-7.58934518863854","4.55173891987881","0.137223249190663","0.835426382839183","-2.60630512260319","-1.6599930566458","6.20997452695717","-1.86609860213883","-9.64421531064911","0.7387630158043"
"Random_Index6_32_0767","-3.17859316279317","1.93559253025881","5.64079152914682","3.09251088455883","4.8441914900171","2.045474718155","4.89089211001413","-12.8712040884355","-2.75371120070571","-0.154375308315785","-3.60130907993481","-1.05204857235423","-0.60041686663627","6.69858620603631","-1.45833402565062","3.0230935886341","6.14718917648787","-4.75997451541463","0.265520153299956","0.836322856708696","-4.14839254579313","6.73527629113355","-2.06302333728714","0.00428825154282715","2.4069819375676","1.22691078434176","0.383990529246484","-3.68828392249449","-0.485013540849131","-0.987009074202199","-3.88703776062236","-3.18106978562529","-4.04910321538764","-3.09324945729227","2.93507413922837","1.64539066010117","-4.23432243462089","-3.29196934644125","6.79774868727599","0.104024790932583","3.18475425120561","1.38072624970935","-1.27573453331512","-3.48555485105582","-0.0078933389274123","0.928017948592028","4.96733292067982","3.24598332011235","-1.99821690005841","-0.43923043546949","3.44647764959411","-1.30453590753432","-0.681886908932874","-4.45183863448503","-3.60634225370917","-7.0262264117026","-2.01383605306849","1.02515679078433","4.98680553668456","1.16225527612012","-3.03166633767645","5.75944998821865","-2.98916019353231","3.63185284242694","1.03170168586937","3.26923036164613","1.5027894310746","-5.54614322530993","-1.01571994997781","4.44466186396273","-0.348166203213877","6.49779471967616","3.13849308311718","-1.12622414059419","-7.06630719305947","-4.52808028400254","-8.9096392494878","-3.8607082319313","-0.291255257087446","-5.12140726303074","2.27722175537531","0.161180233132885","-3.26793087360671","0.69567506009726","3.6254264809136","-6.42748960869721","-8.96117399930874","-0.680956194519858","3.43627631165623","-5.64635564812254","-1.16450830269347","5.22284999205523","-5.11882654289693","-2.25201924492253","1.40540139739054","-8.2396846500404","1.71599761403729","-0.401666676277672","-2.24814222818637","3.26804307328333","-5.00460374216439","2.75937821992238","2.78909924743768","0.73343846053697","-0.71522271901582","-7.38513731027584","4.63285364751064","0.188497581368794","0.731004388528106","-2.57689741875971","-1.80026303186113","6.20007719416083","-1.86237412365371","-9.5101803985885","0.796381352391972"
"Random_Index6_32_0768","-3.13020300338749","2.28327906239762","5.58029163681428","3.1867355347491","4.86490986485185","2.02952076076601","4.89325773731464","-12.8412710760403","-2.86050506462651","-0.271874863307818","-3.69937229345149","-1.1673403322058","-0.671200809911575","6.81935308800923","-1.4081114267345","3.06316476499648","6.2019362502371","-4.57500526082918","0.214650289237472","0.906969711651201","-4.25601368945514","6.89739948763388","-1.99268306837084","0.136107786211316","2.29115957731747","1.14331184807155","0.295598114530212","-3.66510948024588","-0.66705149901186","-1.06337760973687","-3.91265020766104","-3.12490360433646","-4.07630228804244","-2.75743436189591","2.99401284047854","1.62304464325625","-4.19475198626355","-3.17575970375345","7.01749443666531","0.142714717831592","3.31795021541905","1.32683161086945","-1.0983983374914","-3.47322792992244","0.151692733372408","0.999472874181622","5.16710116423218","3.29284416028148","-1.83576104940589","-0.507832350908707","3.53979003739659","-1.33163797776713","-0.802266980774608","-4.46606323344435","-3.55432385747705","-7.29532815937879","-2.20311803029933","1.07304786522299","5.04784782765825","0.955750074615791","-3.10369359499216","5.7993029586386","-2.74806642333016","3.70924222017881","1.02360358873424","3.33441530671949","1.51846995705887","-5.6974895899433","-1.17271471532582","4.44939320355318","-0.236308315658917","6.58086076539614","3.16474938688275","-1.00853067909064","-6.94098696007032","-4.44835855138211","-8.91724727234206","-3.97981302697797","-0.380069455203742","-5.14384069407101","2.36595578629762","0.161437295584445","-2.95927605884622","0.799430536460491","3.68602545254522","-6.58515315975896","-9.19581900451177","-0.748393996148385","3.50387064164478","-5.39121788285118","-1.13898590823848","5.31276493304898","-4.85148910420785","-2.32054649824078","1.51657755601962","-8.22769165801363","1.68135376746195","-0.434900020895195","-2.39737330201205","3.3898538009585","-4.98136549411377","2.84447411042174","2.97563850842148","0.746068131314173","-0.579695886971042","-7.43930808484408","4.66152943171019","0.300072605868548","0.903054125171152","-2.75628822539621","-1.52721486950628","6.17770058940376","-1.96121860456864","-9.40184863190881","0.851786123371224"
"Random_Index6_32_0769","-3.11149853178433","2.09849318783942","5.65047097918236","3.10628270171527","4.83514355032169","1.93473978543715","5.00310265253534","-12.6577102277146","-2.93102255136612","-0.188254388078642","-3.61815395450375","-1.13870557361733","-0.54081681173743","6.89224098648821","-1.26620576894249","3.02327838964639","6.2872529297098","-4.50623416296848","0.238646811317513","0.902003750890106","-4.43107148691232","6.96704290640367","-1.90411402801652","0.193099815206838","2.2210785579488","1.15917143524479","0.364563450719175","-3.71204072416039","-0.61965962651881","-0.974313480133418","-3.86452720993939","-3.26788862644086","-3.98495905367464","-3.10776682230038","3.05546387865668","1.74121881892004","-4.31887565810899","-3.47073681829926","6.93152129474824","0.0865143290293407","3.31110703473724","1.36700035543113","-1.2425096207873","-3.45479054169169","-0.0718929315057794","0.800174002048533","5.15927563296323","3.2209178476386","-1.88207154651239","-0.645400125855289","3.49005774587318","-1.37361891472098","-0.846680698669277","-4.6273170332973","-3.66840090043829","-7.09089608909076","-2.34490540910033","1.04538268507515","5.15552055522456","0.998253233736509","-3.01754653397173","5.79234341724491","-2.81182619908314","3.69425925175923","1.04350653594437","3.3380778448454","1.65360520616322","-5.80167667689999","-1.08992990587779","4.40477038986653","-0.143309965033354","6.72596706209945","3.16909960304066","-1.13559043843301","-6.85246860634086","-4.56637988820699","-9.00822773808438","-4.01071265281084","-0.450743038170508","-5.3965986956836","2.51176105500996","0.198328326762057","-2.96931113706033","0.880657746240368","3.79012802932594","-6.57531995029813","-8.98105080522467","-0.753718644034464","3.43064777781297","-5.45005393671733","-1.12741020328848","5.3138022224361","-4.98780175391446","-2.2519201625235","1.43901017870564","-8.32389991366629","1.69186452826251","-0.448641926117776","-2.26799113304028","3.40662913461559","-5.06481371328905","2.98667130228817","2.9939514552407","0.713083190019847","-0.86933552622611","-7.36969082085362","4.72535045485586","0.317358434306556","0.889044810089928","-2.7646105634568","-1.55235410223638","6.23905139053387","-2.05569794548912","-9.55641332494545","0.730749122425775"
"Random_Index6_32_0770","-3.12486079445872","2.10285055673349","5.63520056981897","3.25302387801465","4.90787951018346","2.10020796301421","5.09012896512603","-13.0133264074464","-2.84820345387734","-0.0328334609936952","-3.47054093532994","-1.05356205638396","-0.391623149142352","7.15044837371403","-1.20386652984359","3.1971170875381","6.26241987294973","-4.55767178678597","0.384332457162752","0.898869140836455","-4.43067180496303","6.90130561909496","-1.88082153914537","0.217205540796089","2.25555659955184","1.284507147047","0.487038728937417","-3.57234350406827","-0.547910290986971","-0.857889562643267","-3.86409981104297","-2.92726531597453","-3.95825474637695","-3.03022593702892","2.99187392146216","1.8047569858083","-4.29392954366373","-3.48239842577453","6.84339909015832","0.138374093595748","3.25626740446657","1.52465064991207","-1.07469788500994","-3.51297551239631","-0.11810053090122","0.76038663434604","5.16688579655736","3.298739659768","-1.85671803098879","-0.654661956401805","3.53452080309006","-1.16120359296462","-0.539373846419075","-4.65346761723771","-3.58674918585232","-7.28814393620633","-2.35135736298009","1.10149905907424","5.09826673914077","0.907121157215361","-3.03880726135551","5.77301972748299","-2.64539312260319","3.5344474952501","1.24060324475487","3.28605913149317","1.73431306677269","-5.84527233869948","-0.917847405154363","4.39767226332693","-0.0723049715099404","6.60176208988033","3.03497539315439","-1.29023265370404","-6.95270204454721","-4.38136395689765","-9.2972853770588","-4.15161554816164","-0.369577656636586","-5.32536718594891","2.48426470307648","0.250725963660878","-2.86095736531826","0.744704523332246","3.64751519167147","-6.6207645646632","-9.03191152242066","-0.555638493608409","3.32953183527989","-5.46050309969102","-1.03276109456456","5.2470470582562","-5.09547457543422","-2.48135029086096","1.39135059072199","-8.48951170167055","1.8099078484004","-0.207113968266101","-2.36034705681151","3.4371188648823","-4.98827913326929","2.92957468130505","2.95663608033418","0.869941126001462","-0.631293423920723","-7.53027678470446","4.67844752343912","0.409659893655447","0.806794599228663","-2.57018562079255","-1.63885005606827","6.21261619456685","-2.06311608438638","-9.65480921560712","0.799251500299739"
"Random_Index6_32_0771","-3.21977483972304","2.28457554814932","5.49840341950796","3.23366383325461","4.72938406893598","2.18029094860768","5.30190525883419","-12.6342574061554","-2.77824476350685","-0.438538593446507","-3.59505881487782","-1.17117206991364","-0.52120135163714","6.85469308043939","-1.32363587382721","3.00324453553113","6.26405251435407","-4.76277318788582","0.405403430698602","0.738699730808664","-4.34521125716748","6.62083941676494","-2.00036432280235","-0.00490771435930363","2.35810326014966","1.191789520817","0.329037127788986","-3.7308117999297","-0.507808999020538","-1.02219389214329","-3.81618698650164","-2.9665133920621","-4.09007344986343","-3.02974795201188","3.01207645374184","1.68891536213299","-4.09063160915395","-2.88532634576458","7.05292764991284","0.130642209427928","3.41907848807828","1.33198056969701","-1.24152533143843","-3.38155691118317","0.0943654969374817","1.10735573344081","4.91412360986188","3.52255463953965","-1.74775897438049","-0.617971497340618","3.42637276781627","-1.30674607598455","-0.74072051084092","-4.37762095438481","-3.67509174190136","-6.91955996102975","-2.06448801845768","0.987035164418842","5.0903374855567","1.31185948011059","-3.00679072715252","5.86594313555221","-2.65944205497095","3.47905954166068","1.11370695600248","3.34544609401954","1.5031484220193","-5.7370402421831","-0.913656123673155","4.12471606165523","-0.158670860626263","6.45017166879801","3.35622228737695","-0.941041123739274","-6.62881336815812","-4.2140624397428","-8.94877919917604","-3.94874067900232","-0.417448147947195","-5.11838897998113","2.50001163716467","0.275160440499922","-2.79080898934666","0.786106953380253","3.603688339833","-6.41623551467394","-9.0441845582456","-0.773361411246385","3.59869152924592","-5.62399999550756","-0.99999133259685","5.24062728259056","-4.89028782318182","-2.39100290315043","1.31533548750542","-8.34567922496739","1.65741880478265","-0.360815926507904","-2.30023115533732","3.2681303395097","-4.9413486320313","2.8705856845978","3.04886131962528","0.870450939782526","-0.820111541037701","-7.54537275674565","4.5612915167204","0.468006489727739","0.851084092678784","-2.68570884935073","-1.67408570723566","6.23172269523358","-2.06004329651922","-9.44629975186052","0.904457597215731"
"Random_Index6_32_0772","-3.0679729986783","1.91518013813559","5.31853857153596","3.05811025251627","4.62384110504043","2.33707752555993","5.53350965546876","-12.8073086357108","-2.5300248711771","-0.134610850993937","-3.58365449039277","-1.06884095369556","-0.334407347966855","6.69318176112527","-1.41920938927545","2.9725798346087","6.24653081017709","-4.56464177629698","0.406306544684376","0.765260104792224","-4.51913900208378","6.69475665927068","-1.85294965479432","-0.246916593004861","2.21564958749588","1.32602175915745","0.396005243196525","-3.65530107636781","-0.77930267389315","-0.845925112443334","-3.64194295234521","-2.99671739774002","-4.0779935065409","-3.07828506397952","3.07847881095472","1.89436044382918","-4.05971173655645","-2.97224523539946","6.84085552638504","0.340359973266161","3.18375917125051","1.5233579707197","-1.21104702407821","-3.46678951937593","0.0430494124101461","1.02257076213653","4.86603412644421","3.33234625271965","-1.52058282709228","-0.704209718378109","3.24220653675458","-1.12491497300749","-0.613204414656453","-4.46176985472746","-3.50670778938486","-6.9965715843311","-2.15771626049728","1.07533422581788","5.02556507023005","1.29385900025726","-2.88149241644248","5.7267546109979","-2.70863973908293","3.46748548520627","1.16745076117831","3.24402637054255","1.7918874364456","-5.71211634581749","-1.0099062012118","4.19235879049978","-0.0612035733937275","6.39038716615465","3.1221661198469","-0.698820102857632","-6.74507348431735","-4.27600646042317","-8.83033277368133","-4.05694165751764","-0.220314604610834","-5.26786135699426","2.31316675105344","0.31596823065316","-2.92121529996391","0.896526800726137","3.52220629658298","-6.70037333239648","-9.13475636732636","-0.672582661251748","3.40754212969739","-5.47292517972501","-1.23042259369367","5.18962225154327","-5.08161184049502","-2.14081302934743","1.28150176211149","-8.18495129936949","1.46995729908921","-0.0830911508309244","-2.32560568509131","3.28304920762761","-4.90793638411727","2.74870336813402","2.71023605434598","0.901790002267742","-0.415512541118499","-7.75060440319367","4.56506636782423","0.428476540851889","0.66383152703425","-2.7557576373625","-1.8187618712342","6.12166092030953","-1.72830633470699","-9.56156055354527","1.04055354497301"
"Random_Index6_32_0773","-3.00030279356706","2.11780889795346","5.4767892891864","3.15871531311293","4.73764590220909","2.19656677589527","5.14625840071577","-12.7929514505479","-2.75123720131833","-0.172981540474968","-3.54199022392457","-1.12916159204783","-0.522310948616093","6.80717531365051","-1.31354155630479","3.14101446849922","6.09972971354655","-4.28129544204257","0.308583704092896","0.795082328563823","-4.36340411261687","6.88075003204178","-1.76087076126529","0.0136173676338082","2.29112480868962","1.23919680233314","0.325855675711038","-3.49087896300325","-0.661584106793278","-0.782930426433087","-3.83271389224824","-3.0223229206624","-4.1594978192161","-3.00295645825547","3.01163843446523","1.74806617118261","-4.22876213725649","-3.10083084129328","6.97053311819889","0.265045601409963","3.20021476130225","1.57381316430962","-0.931811808853382","-3.36972340600845","-0.100791651131435","0.970594138975771","4.99399456113533","3.24877894209506","-1.67827886094307","-0.613800166017816","3.43471329882049","-1.19428791402927","-0.689891677703824","-4.32195170025639","-3.32036916781678","-7.03867087378158","-2.14699323576598","1.04362071224897","4.92001451661245","1.14758816494361","-2.89909868570088","5.66938031126237","-2.81710221654615","3.53788209522301","1.21535718218929","3.12814598821746","1.50311143769155","-5.63988469466479","-0.812563921371604","4.34913224934162","-0.153932431654795","6.50490336542106","3.13599573253051","-0.843242169763313","-6.91666041617544","-4.34375298395446","-9.03005184494056","-3.97093504589086","-0.27085474991811","-5.24495401582623","2.30717235249917","0.236468513405127","-3.11172216933815","0.82641107920267","3.58112189966325","-6.47842951355686","-9.31286799716066","-0.526161275308233","3.35656500765565","-5.63225427136252","-1.06771085242433","5.31030859677975","-5.17240938768421","-2.35928943403436","1.2491373584778","-8.22423361347323","1.56184233743449","-0.310861522794311","-2.34709564016033","3.3815319618487","-4.916603311118","2.76142795302803","2.82737058186117","0.979438060786166","-0.505813315215858","-7.50145446874364","4.66137887658297","0.373727159966019","0.800767013662724","-2.48924376369538","-1.66559182473579","6.1617206322271","-1.80379845416287","-9.37235063540129","0.870340162791191"
"Random_Index6_32_0774","-3.25527635961946","2.2741398262332","5.6915182163125","3.25586852684885","4.96048282634656","1.94392394355086","4.90795537078534","-12.8053671848122","-2.95860037699635","-0.54290380704852","-3.7666997622656","-1.29842921806202","-0.666884441781457","6.88653183026766","-1.49215031436138","3.06257773915479","6.28273716518423","-4.6512548596558","0.142416837674354","0.972744039249948","-4.52940627012659","6.92929854272604","-2.15566380006281","0.0975096110610528","2.43349062834334","0.977289783704909","0.449896788026758","-3.90320475303282","-0.468255528297685","-1.08724498071362","-3.96954669135899","-3.21189197891496","-4.08111236900311","-2.98579641456224","3.15896867226067","1.69316942539055","-4.14721885590466","-3.14146240918699","6.9176809045453","-0.129310567736488","3.38991418192695","1.23821413348809","-1.21442130867911","-3.62898073999445","0.312491775220515","0.980654378509937","5.21064996800063","3.29946311220388","-2.2029250274301","-0.444975370973993","3.6452215663004","-1.31551163238211","-0.887177176703869","-4.33068938109798","-3.65234314419836","-7.06131807471756","-2.01945740970777","1.11490033861329","5.16156557061292","1.06277720092884","-3.20383740783917","5.92507161450931","-2.75013479966076","3.81957113712991","0.963195962506357","3.34798492383102","1.59491354131122","-5.82694622871889","-0.901956780021617","4.56322804320007","0.0612610788914575","6.67012503861397","3.36281312966464","-1.14204138934835","-6.79423982272524","-4.49476059941111","-8.94361712233511","-3.84109155274625","-0.5381744131538","-5.17418418201332","2.64408295084783","0.103988649289966","-3.05340859349423","0.93944478567975","3.78993616393303","-6.56122441388013","-9.14965146946464","-0.911190283795267","3.50998903176606","-5.61208443034243","-0.898719911851298","5.31812018049144","-4.90496437893686","-2.18425749236773","1.46831357443301","-8.51081888795048","1.71911622686358","-0.547987745885693","-2.24379981237978","3.50786084281098","-5.15629360583665","2.97012755997162","3.07092381705146","0.642292319614258","-0.919874537992168","-7.61325106269405","4.72773827272032","0.0684376034353333","0.860464624652489","-2.80253422972619","-1.46060133234464","6.36660819444803","-1.98280602439794","-9.53921196053246","0.723524530637804"
"Random_Index6_32_0775","-3.12843793033952","2.10322584955865","5.66324247245906","3.07220427198992","4.92969507443493","2.00501417882676","5.21774666900458","-12.5991903062592","-2.77610729908041","-0.328903139276971","-3.77636037730104","-1.18139152702272","-0.424325912025557","6.72356035150212","-1.47050937654227","3.01003085437603","6.19064067545433","-4.79221368330558","0.233976777265656","0.849149011381805","-4.24337676976017","6.67983951442924","-2.04368207034487","0.115659847716737","2.44195921700326","1.00749518696853","0.415787033646627","-3.83686772606907","-0.611740471914038","-1.00461468765159","-3.85454316595819","-3.18695897252728","-4.00242570996688","-2.89457050390069","3.00620473086105","1.64052051041082","-4.10309264544355","-3.02206259880703","6.72409594339942","-0.142382829317123","3.31578738274414","1.26335155589763","-1.40457566465059","-3.66138556392356","0.135110303408522","1.03935509442836","5.12489468116828","3.35072559888855","-1.89075202706126","-0.421559973603045","3.60282885346821","-1.38083954362026","-0.832291014281333","-4.39588788026708","-3.50641085951554","-7.01994927681565","-1.95843555862948","1.10035443658693","5.16039253373408","1.23499138193741","-3.2515753462084","5.98953727817297","-2.89057379891364","3.72233120743759","0.971147978112345","3.33965458325186","1.67733817784137","-5.72095901678131","-1.07114640176498","4.30625519661616","0.0192920886481186","6.47958768284398","3.25724142600892","-1.17726317675802","-6.63589927899086","-4.61866457226669","-9.05816135908658","-3.71828566753956","-0.347749326901297","-5.07145456767298","2.43995098681017","0.177766781415482","-3.03744289456604","0.876179970507504","3.70340631334583","-6.60661546243309","-8.93351081227177","-0.856529215100935","3.5851727798172","-5.50963977467237","-1.07831125337106","5.31773143429997","-4.79995483042254","-2.16021816500539","1.51634830491904","-8.40501456271402","1.79058412806216","-0.416427153959414","-2.1156936095093","3.36484914920715","-5.13657875185158","2.8199900496438","2.92106461423071","0.590370316003314","-0.981848285326741","-7.53240689195727","4.77432664927361","0.200822344631281","0.974490267617398","-2.72926955281277","-1.55724442070813","6.39247070735751","-1.98230865531654","-9.75982815308248","0.79884510211837"
"Random_Index6_32_0776","-3.00787584897798","2.49500690104438","5.82579889054495","3.38276747520795","5.03980246674951","1.94747409794118","5.269348366276","-12.8408950971783","-2.92915254820238","-0.445037494830045","-3.86957196530401","-1.27052732967651","-0.821739664481043","7.30481406119013","-1.52781060746623","3.27536603459205","6.29877938712891","-4.71311019986994","0.0876174547377697","1.0987967800009","-4.11861591688554","7.07772253599854","-2.205755781614","0.183539289731665","2.40467783208553","1.15215966599395","0.599951244642101","-3.99369031001997","-0.393714576652421","-1.19772991729467","-4.09823792572063","-3.20903956726371","-3.98235229785966","-2.70750672953702","2.94153536324549","1.60596779185227","-4.11488815934196","-3.05779268132978","7.1433840173016","0.0223224050444654","3.52919584014011","1.30598620439292","-1.35149969999625","-3.70097011048469","0.167519636203616","1.1175430962094","5.30488199307459","3.42401471315976","-1.81218819825544","-0.581496857611449","3.78769795690342","-1.35899748657661","-0.738603069690159","-4.45911776260745","-3.45156991154618","-7.16465930062795","-2.14654957204474","1.0019175915967","5.53709432438523","1.52655553522143","-3.40686832870413","6.16192227203792","-3.16412840719877","3.82234969611118","1.05226238855234","3.22337982051404","1.55755801546501","-5.67847059916029","-1.35969222802719","4.6068461995529","-0.00684958655962101","6.71106929007932","3.15467257992407","-1.05354200195827","-6.86687075375195","-4.42055599251501","-8.80755439884726","-4.16781295780717","-0.411167394042422","-5.01844597026126","2.57282785641872","0.0678818259067244","-3.32387704247413","0.911278615757179","3.86291059399158","-6.93596683268103","-9.09314428665751","-0.819576765953084","3.79404971997494","-5.38071087239348","-1.1737917528269","5.59150439798727","-4.75861902235901","-2.2357305584521","1.6283649313567","-8.4276333725526","1.94105511289644","-0.436034541972159","-2.19133382029779","3.33216905596269","-5.13643398260049","2.95576101695207","3.05821671533769","0.633721218848908","-0.438620814943509","-7.5032084042129","4.7786521788771","0.104947583491379","0.903750621208162","-2.78351745902749","-1.60981114003859","6.38019559350832","-1.96951609677817","-9.94229556846585","0.721782492904201"
"Random_Index6_32_0777","-2.94473809943198","2.13085042591249","5.7607932544829","3.16110949812194","5.01142364829885","1.94668382863967","5.04122058233947","-12.8651080700766","-2.99006153247808","-0.371583632461705","-3.80439672425168","-1.13399662764613","-0.785309606875815","6.91837795498374","-1.39622569426406","3.2670567487279","6.32383407513297","-4.72993873728614","0.072564979605421","1.00172605072232","-4.30184306370766","6.92852867477833","-2.0823539349107","0.241366693817694","2.30043902812071","1.25549080326822","0.53144901651249","-3.88651568329207","-0.494531517825246","-1.12687740199231","-4.01331549813082","-3.15756933163354","-3.94986796861058","-3.17241267927598","3.09103956178131","1.8381248384104","-4.3415542750282","-3.11300104527171","7.13773503436656","-0.0578352948272679","3.2594446941144","1.384298856337","-1.25544309685405","-3.63638863521117","0.108977963468882","0.872010177545389","5.10405133229608","3.37499031114706","-1.94767176930152","-0.644403392801055","3.67224398397404","-1.37241295608806","-0.735001569454341","-4.40147388336485","-3.50960721147261","-7.1877372670395","-1.98064837192461","1.11026831735333","5.04967303000836","1.14091146174531","-3.11699869408881","5.86427873214725","-3.01797752716648","3.59721338979676","1.14457604811648","3.43599435991352","1.53096849631069","-5.73662530414277","-0.933780420299066","4.50737220820502","-0.086795628717119","6.61554263527109","3.1145385721736","-1.12415130061073","-6.82362867713366","-4.49201141081631","-9.04155279086827","-4.02859750246116","-0.546152622356796","-5.14282658860377","2.49470433771009","-0.00369907356178829","-3.28328169485643","0.947518426039933","3.77556778798541","-6.68608528711823","-9.17709258569995","-0.68855029314452","3.39867116556733","-5.68095564152233","-1.07507834513693","5.37947637514915","-4.99753069711814","-2.24718976053641","1.37913482803331","-8.35356706906014","1.79550734221633","-0.427573861276103","-2.16573197932074","3.53003355437992","-5.07735033824387","3.05934620302663","2.8846543029046","0.800428528765846","-0.777837867114662","-7.57746722751087","4.69144476999166","0.145542732871844","0.827845783510513","-2.58118199961937","-1.62112980640439","6.24635829828089","-2.02165914231122","-9.67009041604328","0.766164349454664"
"Random_Index6_32_0778","-3.10270819977452","2.26426011472836","5.67403144886613","3.1769455935623","5.04155315914623","1.96336092867216","5.01818889173049","-12.9630641285979","-2.78183738812264","-0.228211398990836","-3.71631370114901","-1.0986317972341","-0.562721412855386","7.03936551880203","-1.39060934519608","3.33346819395324","6.27135369540503","-4.73225768683673","0.196899879970159","1.15670891805529","-4.18220646897729","6.93629122365874","-1.91091988010444","0.259668285745123","2.37990610454256","1.31957436837208","0.600967355297735","-3.82157646432773","-0.423569212492687","-0.988831079873841","-4.02144870033802","-3.01871914594897","-3.92268692089362","-2.83255214848318","2.89126619982653","1.87468415853989","-4.3216985224471","-3.27291826247866","7.04053085288643","-0.0522168127039335","3.38392623587173","1.4653943355627","-1.27426979118729","-3.45927870693059","0.179060723070308","1.06563149935217","5.2178105237768","3.25373681104131","-2.04517763331476","-0.581238980729717","3.67702773344932","-1.29722722216626","-0.623150074422704","-4.41246494963852","-3.40574099100927","-7.08780917983525","-1.93096717365671","0.982385391209274","5.10882293977678","1.14954755934932","-3.25381295941435","5.8296226229502","-3.01174812001463","3.72476938604976","1.16200871600067","3.21018462357497","1.59148146428345","-5.67347709814314","-1.03468476376175","4.66602725086192","-0.13233753528112","6.5296712133101","3.14346727814584","-1.18684207477714","-7.02667302666126","-4.44487066104855","-9.01012483717523","-3.82209276707018","-0.3881883514533","-5.22313435099992","2.32199974515599","0.229913153627197","-3.16412814890961","0.800549982198593","3.72140350863096","-6.63586872938448","-9.08772587259493","-0.703528988998508","3.46745079842649","-5.55290131437583","-1.22111733138618","5.53728576095723","-4.91169685365083","-2.28770387807132","1.65112878286102","-8.41354953522599","1.89626987176163","-0.438028469152557","-2.28320334550945","3.27905024876891","-5.20946984461094","2.77538844280806","2.86258107671732","0.682799572272135","-0.59389656770895","-7.4444624241311","4.62665213489432","0.336608065315198","0.693075556329184","-2.69773697966506","-1.68259788673437","6.18506848399395","-1.89762651077497","-9.71764183651698","0.800156266639933"
"Random_Index6_32_0779","-3.16612479124248","2.39714365768657","5.87799531222984","3.30645191868744","5.09795775548027","1.79938280006269","5.18499789093927","-13.0495036947399","-2.8574187612156","-0.52949392737785","-4.05115316149917","-1.29806271280933","-0.854996545885105","6.97143801345312","-1.68795222677795","3.05782436966993","6.34661045630734","-5.03849737184256","-0.0339715634037205","0.985773833096834","-4.12806241932315","7.00062832480817","-2.48893728317124","0.288159050558854","2.57718995639124","1.16072241223014","0.534165855308799","-4.16455429931014","-0.542767491394528","-1.26755302721085","-4.11622411544893","-3.36613196010382","-4.24007080669583","-2.83082135113292","3.07846946572677","1.64065748549976","-4.17384154634479","-3.02867420976913","7.17079310050345","-0.181137750773526","3.53819768300312","1.09970128071598","-1.58063558980065","-3.9567052622349","0.277880258558569","1.00496035836177","5.3384949336493","3.4797453658783","-1.91146239879273","-0.443048417638558","3.73731237983887","-1.55909240871569","-1.04264151600775","-4.45085379428496","-3.58157562519925","-7.28805865798314","-2.09612128449276","1.14201580964943","5.38913559317929","1.37015628843929","-3.44080434982917","6.22062263825805","-3.14389060884845","3.88435465412666","0.820434819379992","3.36598760638538","1.49173715319209","-5.9366344707983","-1.29800320645993","4.60310749526485","-0.248107912091116","6.63721813724402","3.32631425533929","-1.1953404173463","-6.85221910579638","-4.61935002576819","-9.33185969524189","-4.03266227816063","-0.665974675470534","-5.14363410635523","2.50556060359317","-0.18658082153386","-3.30268450657929","0.991329326383712","3.82554065810458","-6.80660987596819","-9.4344443237889","-0.996355110299755","3.88807852382278","-5.39935032801302","-0.926538306068652","5.53381962379149","-4.91603699139452","-2.10610361325891","1.57136376859517","-8.3674927535681","1.86130834283719","-0.659410838433594","-2.17994514039641","3.41958512450905","-5.26250606862445","2.96648136797419","3.10625364828516","0.511799038916918","-0.977119903785871","-7.36717971602308","4.92498210369513","-0.114096021608523","1.03892147871931","-2.93034727243391","-1.43727212726599","6.47645008521979","-2.04216989209295","-9.8819472171574","0.564903063345945"
"Random_Index6_32_0780","-2.99821374934559","1.84296622719482","5.31562300520324","2.80556634490808","4.68852357445922","2.10718384681244","5.09557718606635","-12.8096526672086","-2.70180326674463","-0.120956750335509","-3.61792629009969","-0.925662088442685","-0.440599693079705","6.86349179977619","-1.28788476101565","3.11683182072261","6.24738550476229","-4.59153974114659","0.470359688968059","1.00289418735126","-4.24909117097065","6.74642628863352","-1.85448982018085","0.102414632746232","2.06502621269722","1.41653787702054","0.606730316255082","-3.65908590243549","-0.585074479363399","-0.859911298537688","-3.77960447868239","-2.92219943013557","-3.81463077952331","-3.0783875591303","3.00318124892917","1.99234904377988","-4.35944956140471","-3.32457939233803","6.89404956948252","0.315241277095283","3.03614193735441","1.49576231267306","-1.08556272397937","-3.49409711884813","-0.0321112571530149","1.05283620036188","4.86879325245319","3.06422643332809","-1.77399924298006","-0.920580525460471","3.3477121872482","-1.25854641055936","-0.484922018651234","-4.36398230066137","-3.27623196050132","-7.16684447484742","-2.04535147174177","0.997944778798456","4.78558382208354","1.32934583440012","-3.0787641881234","5.63968903141314","-3.09114009228784","3.51797181182727","1.34402265486682","3.30066959050492","1.92429821376929","-5.5834679908297","-1.09955753032242","4.2793923233117","0.0126288314838594","6.43012736352753","2.90763365905887","-1.09395096522908","-7.0152965341767","-4.45170015473074","-9.03738050512302","-4.28083183056618","-0.330139631660734","-5.27272335936887","2.03882639226874","0.391983742390123","-3.13704579684765","0.798426268735849","3.52666344015376","-6.86768864672358","-8.91467771100882","-0.579665956222318","3.35075287147782","-5.66015967906939","-1.51568479299483","5.44526402039028","-5.15771118662015","-2.34598104433007","1.40669813008684","-8.33746053524327","1.74355430085616","-0.366400089403632","-2.04299907625914","3.39383753078596","-5.07781306127675","2.88214195375684","2.52682876356397","0.923594523788419","-0.51201241544967","-7.66672134715409","4.47359393661763","0.318852333623728","0.609696895833256","-2.4750060618257","-1.90876682479183","6.002206170226","-1.93251401627009","-9.71649233696777","0.949354503490321"
"Random_Index6_32_0781","-3.06197810744966","2.09502327240357","5.5504120466647","3.08163791115534","4.83017947106464","1.9000412665924","4.93113216217877","-12.7929834550856","-2.9697679203287","-0.318019961660349","-3.70220796442854","-1.21101739732669","-0.625444003837072","6.92589370253441","-1.42446689270894","3.23433806404951","6.39592975905972","-4.62716904564341","0.162928622919545","1.02549958173088","-4.15897100585078","6.8346252883359","-2.03525434712878","0.105067679788704","2.33920730223134","1.08493155221801","0.506251638710151","-3.75066055008645","-0.493364706010249","-1.07973871203589","-3.94549096221004","-3.16631218218135","-3.96528856526992","-2.84860645471472","3.01454467142514","1.64690063644978","-4.27843865011404","-3.15743610418214","6.96187937578863","-0.00315233075334726","3.26778807625061","1.21938864757256","-1.03364146731912","-3.49641791797283","0.0849721817490827","1.01895887442985","5.20353228960214","3.25303517230361","-2.0537027126309","-0.58015396829827","3.51726259423522","-1.29813284511744","-0.799879833608809","-4.24314240303113","-3.53593337047483","-7.12642356097925","-2.01932889858536","1.04874951431128","4.97459890850171","1.15809739959368","-3.24361849674378","5.76964814014215","-3.04634722367133","3.6574205077645","1.03337395781732","3.45209024739005","1.46010684607749","-5.73006134554628","-1.15545313452905","4.45622957388538","-0.113701833942329","6.67257200996954","3.2325713009454","-1.15352126787392","-6.80217311380266","-4.44593563822074","-8.78814730379113","-4.05608212760303","-0.547514775575587","-5.14088062559376","2.41020596091178","0.167127518965664","-3.08250472018431","0.980453603734292","3.8033299589287","-6.74245620269616","-8.99599391279513","-0.830086244480587","3.43733522692018","-5.31930599934046","-1.11078675763602","5.39043052200795","-4.95144145873983","-2.06653459410413","1.51030573773829","-8.27327619518414","1.79560862273517","-0.501570397186624","-2.28452649657866","3.38843616593676","-5.07922204336701","3.10758380916816","2.91155643445433","0.650001654358616","-0.663056751923568","-7.45172475249615","4.70425029761255","0.144669470820181","0.821394694301959","-2.64111850397195","-1.51137730758038","6.24889579640435","-2.09728562212337","-9.48314457567285","0.708433893300187"
"Random_Index6_32_0782","-3.13172658890135","2.10319962090729","5.65131766502114","3.1704420917364","4.98423796606998","2.01210165927137","5.12487372604834","-13.0303247570365","-2.90923869434843","-0.360285613812107","-3.76117966615492","-1.24384874759576","-0.593516233341967","7.00195656103666","-1.46132130291946","3.1364631094847","6.23131154889618","-4.69582141444639","0.256855534857653","0.948783552720888","-4.30110461489225","6.91536707331183","-2.1146519014769","0.223044355127995","2.46565751399953","1.07788903398801","0.341811686596995","-3.80782728610648","-0.386411183774685","-1.10376808332715","-3.94415364254899","-3.22163684492922","-4.13083670874428","-2.80090017650909","3.03774798551052","1.81258200216595","-4.2585879987661","-3.10580321612064","6.96330688775642","0.081022923536264","3.51324427286408","1.33934394386283","-1.36127062511963","-3.59211785301325","0.247491399960561","1.01734028063154","5.20350266641424","3.2870586707662","-1.77275192947511","-0.486607303339738","3.62089597199012","-1.28957810086065","-0.75077421118589","-4.54363027958534","-3.41088064428122","-7.13977782459518","-1.91921304160557","0.977464482368643","5.17581125218741","1.288197696985","-3.31533098314363","5.84295676315554","-2.89665067897349","3.86669940682409","1.08320257664949","3.275609121976","1.54769233972813","-5.79419501106558","-1.06722127926029","4.42936925476183","0.0891163955650006","6.64920019943817","3.21723777564153","-1.09574024878164","-6.75508686166426","-4.41016529420757","-8.96116849291826","-3.91362566435233","-0.620437589863445","-5.16427059219695","2.49614307650393","0.133736926299126","-3.13303157532159","0.795151359065921","3.69892428502173","-6.76976611246891","-9.2740930307225","-0.840370567951409","3.63913048579988","-5.59095713042874","-1.00892367882864","5.47686534857936","-4.74492937785095","-2.13730245348644","1.47609067422763","-8.53522134782593","1.88911555435389","-0.468049195711405","-2.21958650576112","3.36296200746","-5.09232240371403","2.90491251168586","2.95795434418219","0.620254575676829","-0.688723992325844","-7.42009481764282","4.82459750926401","0.261399849453874","0.960783199753814","-2.77452174672732","-1.44054645716519","6.24121845224251","-2.05270688547966","-9.63768830044955","0.789178782517206"
"Random_Index6_32_0783","-3.43322698665033","2.39504577990136","5.77636182329801","3.24472180128558","4.75688163604681","2.29350866389334","5.35392541201717","-13.1369852076599","-2.7437015277421","-0.338977450653761","-3.80182671902728","-1.35550088564092","-0.65729170519267","6.90936009169986","-1.39065882716245","2.8326081654013","6.68251407928593","-4.85102926695284","0.156627644386416","0.795322199092549","-4.30175570600292","6.87546005904763","-2.06518635639951","-0.135904575537104","2.61753722530174","0.925853313141337","0.21719048045522","-3.90381176761286","-0.636603708566708","-1.1444622288323","-3.81115792919793","-3.20171732562503","-4.15606074981238","-2.9546231334851","3.59321879298414","1.76361233384929","-4.11636873981923","-3.08628641714053","7.05434753628006","0.0571304947376566","3.42029772801134","1.40067639485278","-1.44962146804149","-3.53778236951999","0.19369096777005","1.05954692385697","5.14353913114275","3.29985865694368","-1.86869908562225","-0.433422631378485","3.4321140512171","-1.54145160318132","-0.843522193362725","-4.56805438155508","-3.78703139886341","-7.16755553654383","-2.20570246353769","1.55950805253196","5.12228351117138","1.1758296124128","-3.2924941647565","6.04024464580707","-2.73625618108356","3.82267306693705","0.837174209456576","3.74925760937913","1.36160332847374","-5.88272117102702","-1.28745004012367","4.33905789243596","-0.27594769336948","6.76476641525589","3.48596858177786","-1.16082630187058","-6.62911878571835","-4.553772640585","-8.76231916223244","-3.84960310970639","-0.435124460801749","-5.14267405965948","2.49851706152426","0.476144280458996","-2.72200670763949","0.958783333909347","3.85531652467558","-6.76618029591057","-9.46717602329646","-0.9795853704846","3.56018673300549","-5.64792285196338","-1.09651085428616","5.32489754343604","-4.73816283329656","-2.11393854257278","1.40761564725301","-8.51622091341649","1.48073745776756","-0.413913016623636","-2.40140532540771","3.79139738971443","-4.95455451363483","3.40277837224285","2.93669928975541","0.739992662323776","-0.79823396878623","-7.50037408958458","4.83126901877368","0.468596189248902","0.986013753171709","-3.03718954735651","-1.34805011473321","6.53024492899942","-2.04622635632885","-9.81136123681553","1.20212493874745"
"Random_Index6_32_0784","-3.28624319921403","2.3892324437124","5.73349670224488","3.31447803142748","5.05396370677408","2.03611898361411","5.2118233632265","-12.9193522817486","-2.94652822687924","-0.528915129105288","-3.83020741953175","-1.33846004197689","-0.795834687850964","7.01167604636868","-1.46919433782726","3.10362083482001","6.39012019804192","-4.95636216759994","0.209629480775959","0.890340700295734","-4.22950259036529","6.92710856040996","-2.17278839626532","0.015903284745406","2.22153264972165","1.03983784266741","0.305938574617458","-3.99290312413603","-0.618751625201588","-1.24432888926539","-4.04064445921741","-3.18341334904388","-3.98776154446763","-2.99931033212629","3.26003331906463","1.70040596181486","-4.25833150162314","-3.16334569264986","7.08324335976373","-0.227242805461439","3.43356429064751","1.28316352710241","-1.33709376865698","-3.68013585744732","0.304093572058933","0.97608994629412","5.25939520790833","3.31848076100868","-2.22978001096837","-0.667531277001694","3.50601639642201","-1.57000326645623","-0.900590180881059","-4.7786491446661","-3.61547977197882","-7.1969541643488","-1.98014178466215","1.20817553055272","5.23840096857001","1.25870695298212","-3.3227772508468","6.01695955716941","-2.91614610401044","3.76583647671799","0.919894668453288","3.4567203273344","1.44884882955911","-6.05409289303797","-0.968605387778907","4.51799082829587","0.0698792048781209","6.64718111146392","3.39436248896358","-1.17419782563441","-6.84570646920678","-4.61737783833284","-8.86830745890317","-3.94423166714634","-0.602486524645189","-5.24266602392671","2.54264108263692","0.0886446232963482","-3.05007716848224","0.765924860582445","3.83920603734893","-6.88525413474838","-9.44405258106311","-1.20191226295513","3.61426724116155","-5.58138420508195","-1.13460636465649","5.42347358021522","-4.74301409596914","-2.07235435899595","1.42697558353056","-8.73228340704691","1.65345180089111","-0.44542585071997","-2.33706665270878","3.53095422473396","-5.15767859577898","3.10167626951285","2.95337555698231","0.577305560028257","-0.811819169791151","-7.85722275106835","4.6960068392098","0.268388053574983","0.734417319924852","-3.09039957517837","-1.53388310345382","6.39934815552708","-2.23275728680959","-9.98231415887209","0.862034298860993"
"Random_Index6_32_0785","-3.0379996781841","2.34501925470433","5.79748196365292","3.28443311600908","5.08608444894364","1.83939613800785","5.09371781686459","-12.8728452409925","-3.08066170828927","-0.415856662932315","-3.86410246058678","-1.29849658895279","-0.76018094822903","7.06365182444013","-1.46266821887008","3.23555374087985","6.07480097072366","-4.92314025832384","0.115960683158427","1.1619312630826","-4.44005801337638","6.87957239229771","-2.11412511553376","0.222573985737839","2.3498919275923","1.08078413018675","0.465591705177308","-3.91693786993904","-0.389943479417353","-1.14152022069247","-4.08417823227891","-3.25169454699453","-4.07524840642477","-2.99535558396212","2.98302665840525","1.57856022623926","-4.18853525933294","-3.10315265795839","6.92376210770209","-0.0946463129174534","3.31144941667973","1.29630686578271","-1.20324727123408","-3.72830269270305","0.264819771912397","1.01689237263239","5.32778259021993","3.22929041678976","-2.09546248714435","-0.602949301399861","3.81401690899484","-1.4630855589991","-0.840653427863603","-4.5179207437125","-3.34895619428352","-7.18149250484465","-2.07084905873663","1.05166176081223","5.16727436003753","1.0803627816343","-3.37791006493453","5.97749117560688","-2.93455824201474","3.84857938909383","0.924770869668979","3.20036433375482","1.53038340271623","-5.88270361552766","-1.18090306453405","4.57200657927877","0.0685960403902203","6.55858234955948","3.31409602673996","-1.16790813725181","-6.83693705833427","-4.55550333234116","-8.97386419411502","-4.0321000747706","-0.613011376596486","-5.22410574122679","2.41462175230689","0.0703167224506273","-3.08918961465603","0.902941533804135","3.75363538211026","-6.66534103799476","-9.16486328663358","-0.86637807231611","3.53300972695263","-5.63811956165641","-1.13840683601491","5.48428531383927","-4.88021114058319","-2.09824476585026","1.56790244455974","-8.23087940513325","2.08565433943393","-0.536880860987371","-2.27247148538996","3.34971297296214","-5.30959338679223","2.85176807110054","2.96548185649634","0.610716328029641","-0.838304798002836","-7.70521292736122","4.726535654169","0.0783288182798952","0.960132576446387","-2.59798825448476","-1.54089825906262","6.28697835210762","-2.21455472774985","-9.74877169361975","0.643653075391868"
"Random_Index6_32_0786","-3.30664331891494","2.14314835529889","5.61269127762356","3.15952308189111","4.81075168867941","2.0627218186533","5.31170670557391","-12.9073734493968","-2.79746869749619","-0.269521277654856","-3.76938745532505","-1.27934280599863","-0.621928282530282","6.83435692834678","-1.49937290629518","3.13927341706976","6.16259494955712","-4.79800242334449","0.22842693724603","0.891065226208608","-4.35385215922662","6.76607143213881","-2.12544914105402","0.0994008507621368","2.35623912529649","1.11916302966236","0.4081989947851","-3.82709550518694","-0.596657682147","-1.06994733725229","-3.89783258755729","-3.27782762494946","-4.1151314998754","-2.97033875772402","3.06575319243578","1.66633576437879","-4.10831814782986","-3.15613789131896","6.87404996279669","0.0695250388786","3.39342739118844","1.31494496633545","-1.38365369771884","-3.62822843762193","0.154660229323275","0.980175992312955","5.10873368937044","3.25775348708386","-1.66919367163708","-0.628341449455823","3.47355452478449","-1.42124344837726","-0.853788303440367","-4.53581303409734","-3.7562252974252","-7.01036717287268","-2.03648967728633","1.11317359987453","5.15650504214786","1.34127737372885","-3.17980904788084","5.83023433201908","-2.84603870052937","3.70065318621656","0.985653260831046","3.2721671238897","1.59374031738381","-5.69029653194633","-1.10994834758417","4.36464657172258","-0.125659516575444","6.47458345111046","3.20463777319236","-0.903219301444833","-6.69046430096923","-4.45708957324985","-8.8562941150589","-3.97101314255657","-0.404825822273192","-5.19951306939038","2.42835826566929","0.171987031868093","-2.98173533677286","0.863626811669249","3.68751126442379","-6.55787559139977","-9.12690145535496","-0.751479961994142","3.46737489796769","-5.62083220066166","-1.07257814956958","5.28621097371384","-4.97675306799701","-2.12970100938871","1.37877483388836","-8.33838623433643","1.67923878858476","-0.394089521266735","-2.3623117508862","3.41292139754726","-4.97022160636123","2.81496326184529","2.88424235611947","0.79675911705573","-0.734493289266538","-7.58344928284224","4.62946745943452","0.260344224988035","0.832448776816121","-2.88753459476476","-1.5425935994037","6.24773087141617","-1.9678903181083","-9.55277769554823","0.849185593567759"
"Random_Index6_32_0787","-3.34896184636399","2.15689247709861","5.5290077210077","3.06120111485272","4.69520180748149","2.15239250665498","5.01753831646366","-12.9097106249975","-2.81956071827848","-0.201961164885096","-3.63088666103969","-1.15019522720913","-0.561444901637612","6.79413570209302","-1.32353773469955","2.90275878659813","6.12625902756107","-4.70042031181625","0.263227163687047","0.807950312953379","-4.42608814629916","6.77413676688455","-1.97689540095047","-0.0402513416477613","2.31404081673391","1.37709084693137","0.340763518012054","-3.65439726201475","-0.624596508624789","-0.930894673578998","-3.78068271164067","-3.03740185254455","-3.92426847547891","-3.07422138868453","3.10401210350741","1.73262263128278","-4.14978392384987","-3.17083194106461","6.91488415450185","0.264533961636692","3.31037797642568","1.46974166794212","-1.23977764984593","-3.45474729938546","0.174032463660446","0.960234961019818","4.92172727740633","3.3441984760132","-1.8936715060185","-0.618793836877055","3.43281639369565","-1.2755521746733","-0.632917653953842","-4.5884097956452","-3.61222412770031","-7.17029063700602","-2.28049192242645","1.18736340122481","5.12717312139588","1.12890656281151","-3.09613972734156","5.73505016081572","-2.83694193069774","3.68896416336001","1.11983363931241","3.43217217806792","1.72770749414748","-5.63918405778952","-1.06992568313613","4.22847961893829","-0.249388450422911","6.49651579156391","3.15221115502024","-1.08973382428932","-6.97777340794606","-4.42960534085901","-8.8223337229246","-4.09538663131376","-0.449847393465137","-5.17892071181832","2.40438525332292","0.337113498575411","-3.06790599528444","0.784385536893147","3.6855063092039","-6.53854996268694","-9.09628196473689","-0.692765601638466","3.45381981153574","-5.64483040591385","-1.02113061484166","5.2558184444032","-4.88127257499835","-2.28183110306601","1.40260648178345","-8.22443531864446","1.64788164457267","-0.320152303328747","-2.45213070462889","3.42777819056455","-4.87963625446414","2.86652405882561","2.8361364474376","0.892872681007449","-0.59110986645583","-7.6568649818713","4.65932398069519","0.362501648378791","0.539647574965109","-2.84660965170079","-1.64498960316595","6.33443875563989","-2.11505576829604","-9.51504723859292","0.926808067033628"
"Random_Index6_32_0788","-3.17021742741157","2.16852728380788","5.55977236742929","3.10639034409666","4.78696349103392","2.00768998595986","5.21269242630399","-12.8413515686246","-2.87758625167294","-0.381843056542254","-3.8121406943182","-1.24397920223599","-0.560692470619068","6.99019181915457","-1.47271651587197","3.20522872858202","6.19514224468943","-4.84666876224142","0.128541208206603","1.01704839778248","-4.15803247422909","6.86968204443727","-2.18465809780972","0.199922325437974","2.36717587583712","1.21756587863983","0.531029541743705","-3.91800660247272","-0.419601385213109","-1.01526088208674","-3.99351046880533","-3.22370820951828","-4.10020680066702","-2.92679081212226","2.97161897278998","1.65175511559749","-4.17487023167207","-3.1290135525118","6.89896119535413","-0.054888176129721","3.29344826650839","1.35028803901933","-1.38412803455561","-3.70260930370944","0.137552062179158","1.02455537863297","5.13673698433862","3.29143344293155","-2.02168906034638","-0.537747034935074","3.61465829348897","-1.3505344717073","-0.816065773294438","-4.47394075408502","-3.55928320425415","-7.0179948486578","-1.89173708926403","0.994604746862513","5.11100942402958","1.46236594852822","-3.26600027823195","5.84027822718747","-3.01278701862001","3.70673380733355","1.02460160251924","3.31471192955504","1.58827773136735","-5.77553857115759","-1.10194378737885","4.4143959619651","-0.0495101396539208","6.61200296941622","3.18985883004246","-1.09074782713929","-6.66849988496493","-4.49282719702546","-8.95272608943017","-3.96375728854217","-0.560275679184249","-5.1792581617768","2.51358124909302","0.108829607183529","-3.17894420223744","0.970052707146674","3.71584167824425","-6.88962152853858","-9.24248433097705","-0.845347939736344","3.57897518222921","-5.56544403836201","-1.11960148544337","5.45317748795144","-4.84363572188869","-2.12109097957332","1.5292126911399","-8.2590120920017","1.76330931442202","-0.435076685802907","-2.0718583913433","3.33582654886097","-5.15956007750073","2.89622653586762","2.8286112101609","0.77774709761496","-0.871109320866715","-7.4431842577081","4.70613633783991","0.248748759784735","0.928218810534697","-2.74605139323086","-1.62246823059473","6.35256804731924","-1.98089850190475","-9.66677513209737","0.789281554595224"
"Random_Index6_32_0789","-3.13916488017603","2.03223452902927","5.54905689854819","3.14702922824602","4.78130093861284","2.23938057311365","4.96541009446127","-13.0606426906419","-3.01474492302681","-0.23362535943617","-3.57403556649374","-1.18528466230506","-0.521107888445043","6.92913051498023","-1.18931892659645","3.13746965245342","6.55503495445552","-4.59209221859886","0.277379352895246","0.889713848685576","-4.57977653761998","6.79839582230728","-1.85881737986716","0.178305149454015","2.17299841087896","1.21969742374553","0.42864909387416","-3.68519871844553","-0.586936168434009","-0.909755177244881","-3.84137050140909","-2.99423361589487","-4.0223125398068","-3.12807131686659","3.25381163016852","1.63700748875593","-4.4443522495811","-3.2293148716658","7.10443177561338","0.20640727092103","3.18629976854216","1.58409730278287","-1.08391075272559","-3.51722915030677","-0.0401009139424101","1.27892192923277","5.09026739151131","3.2413986950602","-1.77448740749293","-0.677208798547121","3.31149463146358","-1.28161311633572","-0.67330558265661","-4.44128405239112","-3.53845342880336","-7.23874028281587","-2.20767466431666","1.21263734061456","5.0594201610529","1.10782367441923","-3.23373073883889","5.69125895724537","-2.71325322277317","3.60028451179506","1.19740724062085","3.58766032772668","1.7483245355829","-5.75858548821728","-1.31195786521835","4.3339344971416","-0.265639434820398","6.69171670340689","3.23893894814113","-1.06377704713526","-6.99064897405663","-4.51085231945037","-9.11212660725329","-4.17798498344986","-0.289598374775702","-5.40169015790076","2.42372594281557","0.435817756759007","-2.83491641273309","0.988272793408055","3.68563805579302","-6.64796122099578","-9.15846600872141","-0.694443723766282","3.40059475228058","-5.53115990727633","-1.24965087256269","5.41655759389834","-5.20203095604117","-2.13793420783587","1.44536256779043","-8.24823460987506","1.57300302398484","-0.281580739308073","-2.24926233261645","3.66634681008396","-5.05544578047931","3.17767353998008","2.8096001157593","0.963300509658171","-0.632619810261778","-7.7422907441603","4.67755786755115","0.54214338751959","0.605068719658128","-2.66952678434506","-1.69864178180764","6.21960935042419","-2.18529803479195","-9.5496762641744","1.05176273083517"
"Random_Index6_32_0790","-3.16373214514706","2.25782187449966","5.68572434084389","3.01280341559253","4.86992581967295","2.02269193458903","5.19580226434175","-12.8564033507518","-2.7660752350524","-0.546909097694724","-4.02011954532826","-1.45650008421185","-0.908822325795422","6.71799331156922","-1.57576355368657","2.88343533406423","6.19653728957469","-4.7706368522802","0.0799903663569187","0.791927720265875","-4.20345789720799","6.68966668085006","-2.24948260993952","-0.0971358243833722","2.296635724078","1.15589064861402","0.427346383420431","-4.04727871780272","-0.369468169413869","-1.20740500429369","-3.90133921456162","-3.45008185057812","-4.14630376496672","-2.91798636577946","3.00851651948197","1.4494408265752","-4.08110548197638","-2.9442983773742","6.95456250190979","-0.0550767779087972","3.30859808046638","1.20649528735055","-1.41308177877891","-3.77763298696589","0.0968453131138341","1.00530860313154","5.08870046913329","3.44513330483086","-1.76012278093003","-0.714431976048474","3.40582359492629","-1.58623820304496","-0.927769352706559","-4.63451696176044","-3.68146649800944","-6.9393454813815","-2.26283198472676","0.998016216905577","5.12562571200543","1.19941531742356","-3.1823080577042","5.96298624424704","-3.01270019136691","3.57392241029139","0.87528171690296","3.23851069437788","1.3854655925701","-5.71452492735617","-1.28689095787946","4.27498090681085","-0.178842516538705","6.49069349300148","3.3033802712989","-1.1682210282058","-6.6022601873799","-4.57544768936607","-8.99342870434379","-3.86525318762138","-0.432439162432056","-5.21338330796177","2.33981928936892","-0.031149389458391","-3.06591863557743","0.792639574904638","3.62655063799904","-6.85127661516327","-9.12481721579803","-0.945459215686538","3.64404793298183","-5.48438001319945","-1.10300859086826","5.29047383350569","-4.83078242235559","-2.18970412855755","1.34063922337246","-8.28865295211677","1.6869634988485","-0.437606723511646","-2.24546791410203","3.29172093540915","-5.26588120344897","2.88718410516736","2.78396257287632","0.531965853316059","-0.65568731487295","-7.67821936270576","4.74628894217106","0.139664652420863","0.851444542718608","-2.86435859270349","-1.65184960476511","6.22707453012127","-1.85672875999419","-9.96008625618586","0.765755202700616"
"Random_Index6_32_0791","-3.1231142385182","2.20529085018528","5.51813969797035","3.20831320062368","4.72400365543837","1.98360853227253","4.92002122167751","-12.7600488069994","-2.7439414028536","-0.296855717675767","-3.64708754702188","-1.12751475222494","-0.639078911764275","6.85407291571338","-1.36078082583819","3.01548877655208","6.10252059820765","-4.66218085278665","0.254687053418845","0.870808231906897","-4.12278448897854","6.81079778564286","-2.01067005107085","0.0839399583465157","2.2619677088542","1.07137361197429","0.383630062480016","-3.69471915297971","-0.602843688375311","-1.03520531958865","-3.79425138241729","-3.01370555027444","-4.00378733895718","-2.88181848288091","2.89347040741678","1.59505259647442","-4.2174739489486","-3.13483673717911","6.84657591185395","0.113108241890241","3.33463870861387","1.26010716671927","-1.15847155466448","-3.405206886154","0.0892216419901883","0.833221652137678","5.03646231522915","3.32000485682554","-1.82677706300634","-0.642066802320237","3.54227626744904","-1.38177654629871","-0.717314755122245","-4.49114711446001","-3.49473927170209","-6.95062329433707","-2.27415317623024","0.936046006190707","5.10141687393862","1.12569143680771","-3.08617234552929","5.77175813654589","-2.82438667371589","3.6258551425964","1.01552978340806","3.14777799953269","1.55741776202011","-5.63444969101784","-1.14615272305373","4.34685475879971","-0.293296094331841","6.45127789233703","3.20715834615118","-1.01720475438287","-6.94258130830444","-4.29715795165807","-8.84352481740588","-3.98937387165651","-0.439783137084786","-5.04575850024877","2.41004303974192","0.109180847886588","-3.07344710856307","0.80674810247362","3.66344167438983","-6.59533343944337","-9.02819118464597","-0.720567165662241","3.50498426321327","-5.45671543485725","-1.07568931742843","5.23124390375312","-4.9053537547156","-2.22428251749332","1.46994415121214","-8.21831437472862","1.71980258808657","-0.343281386802193","-2.18254054451941","3.29195627970316","-4.91135124558645","2.71270866298568","2.93129985148726","0.710037953937634","-0.666761350163399","-7.35705274946028","4.56842752833087","0.188129468825218","0.822261180747782","-2.61048298608241","-1.72867847409263","6.12275781122065","-2.00336590518704","-9.3794287834821","0.722962260887871"
"Random_Index6_32_0792","-3.10410100578519","2.37379020685675","5.8155211049478","3.25704684497299","5.15725592067424","1.96927660457006","5.14558563067783","-12.7327846365666","-2.93766501675648","-0.287141505885679","-3.76969313142256","-1.20975917723426","-0.636816470814608","6.8996934016484","-1.49472017817247","3.13203202630133","6.15602721688081","-4.92055992475187","0.205941522618032","1.01995165952884","-4.21920204509369","6.85741507295549","-2.04746785410378","0.244255970902445","2.46342937815423","1.04559400796937","0.52202001419175","-3.8944308858387","-0.376975642400297","-1.07546271143272","-4.09667020137283","-3.29334928030929","-4.14002992146062","-2.81538981777542","3.09224575346299","1.60639277016196","-4.23208426594346","-3.11823085631718","6.86809082708921","-0.118418754468496","3.31869421244155","1.37310599545671","-1.30519605948519","-3.78500801052263","0.356042967617432","0.922747835259855","5.29376518659542","3.23547592228738","-2.022281419429","-0.556580422104189","3.7764923162688","-1.39179308935529","-0.84343667841207","-4.45879628059749","-3.53977982594894","-7.01454928389948","-2.0440669738434","1.23001610970448","5.17812163372685","1.13366703762164","-3.34296872831485","6.05468820452124","-2.98568552995849","3.84004627461591","0.959117006721083","3.24301161235981","1.48891031140709","-5.78792409176643","-1.09914349458821","4.62278696173288","-0.0411716832563487","6.51061998005589","3.23835354698797","-1.20343017135586","-6.97329241637122","-4.56420356270932","-8.99628167179818","-3.9123427613899","-0.569148277346502","-5.09770886887248","2.42071787375328","0.197995763458846","-3.1420762341608","0.926844986610596","3.59139267359335","-6.68237510973686","-9.10566031097635","-0.899276530693419","3.52586921530597","-5.63111662857659","-1.12427798332302","5.45357875240644","-4.84733548400848","-2.09169137420448","1.59455529262401","-8.33260316070146","2.01086593806619","-0.588116456844364","-2.16328369470501","3.46734087637999","-5.28303605726115","2.81718020305044","2.91543394137736","0.621101842471032","-0.848167530059877","-7.53503696122851","4.66195995860275","0.292651507593577","0.991561572586805","-2.8040638132681","-1.47544591153938","6.24527470280501","-2.11995827137439","-9.86036268870938","0.813160533627987"
"Random_Index6_32_0793","-3.31064446177932","2.22697048659859","5.61368184108474","3.166587757024","4.89661866237309","2.14300164675125","5.25592069463881","-13.1363204505422","-2.59606770894548","-0.193230245611411","-3.71162965260947","-1.07810823089732","-0.579062274458681","6.86899105192111","-1.42824269933605","2.88843068558548","6.45587191778159","-4.49912826682327","0.339782828823969","0.697259872621147","-4.38246997830823","6.86552163838157","-2.05091077296749","0.0894268842483404","2.3725833093002","1.00777764390677","0.267203995629528","-3.85430100706435","-0.68929046393332","-0.903922291739619","-3.68580291562247","-3.11558162057843","-4.01880247408368","-2.91664024190058","3.14223541283702","1.51164287250929","-4.26329881647145","-3.16212914702095","7.0301658677079","0.0588593618211756","3.29033861591832","1.33046909665034","-1.21555087224772","-3.58312503483025","0.0180405594495135","0.904821291105252","5.28181164514779","3.46678817447457","-1.81290264491286","-0.475864272552381","3.46680483966739","-1.44970165425073","-0.612477641593878","-4.59980650641136","-3.63815197035075","-7.19526842414253","-2.17658568385056","1.07599790176015","5.23239438106111","1.03242139464533","-3.08750590271871","5.93133087869063","-2.82081403949782","3.76265688299423","1.01896310111929","3.45150218574895","1.78104594947137","-5.77552914087498","-1.17543424610274","4.335058302186","-0.23498686789906","6.81052585208583","3.30906444097144","-1.17411988938523","-6.89231744926973","-4.3685558347297","-9.18826328436121","-3.87396630437756","-0.424401562348596","-5.28123946737943","2.56614465122787","0.0739317168564494","-3.13151716427831","0.752328832676249","3.68164411371286","-6.70122169838037","-9.34243705844392","-0.72251258037794","3.60999661161396","-5.6550050547031","-1.16513078792928","5.27722848474805","-4.893886891091","-2.50286083751293","1.29054826350435","-8.49464127787723","1.53328042306688","-0.232940274032038","-2.31068496982443","3.41805213742129","-4.92551714872379","2.9912341488504","2.91059718077631","0.789640938107475","-0.636311119500607","-7.66456290402299","4.90790623317207","0.242881380797786","0.934539575772744","-2.80660776136611","-1.50821808295457","6.44671342425043","-1.9608828854529","-9.73998588376049","0.761565593816253"
"Random_Index6_32_0794","-3.09218163417345","2.16606606911243","5.58414857273659","3.0546182984836","4.66775226600081","2.25650889542594","5.41705985315246","-13.0445825088063","-2.47290971431496","-0.214360379562839","-3.70139442985252","-1.25629301539806","-0.562966977594622","6.61228797107598","-1.2440339585857","2.80461964183714","6.14158900918103","-4.63449169095233","0.378892006782304","0.767115192818955","-4.09691851364276","6.62081759911142","-2.03755407606085","-0.177853818151011","2.39978533376849","1.00859941400444","0.237375245322415","-3.91526660312029","-0.730875689822532","-1.11083492459296","-3.77270748683292","-3.1744229730032","-4.13207992393523","-2.87309849300436","2.94823723800557","1.62629205404163","-4.10715064239028","-2.80487214153069","6.81153240432984","0.0809349846611472","3.31694689724389","1.43514207062581","-1.66412458471676","-3.53113316953071","0.0689064253241094","1.12012176527408","5.06545026466493","3.23523069917974","-1.74403211835865","-0.666962598497129","3.30078756899756","-1.40266393878454","-0.806510334211436","-4.51753230795333","-3.60485804064692","-6.79729518379697","-2.34657692374221","0.916653896240556","5.12012409979825","1.47335139391596","-3.27889595895292","5.88966007319485","-2.82615946014543","3.69222738054899","1.09271471177981","3.2707440333257","1.47330826271154","-5.62721077646017","-1.21001099765129","4.16782434650036","-0.206896222574307","6.45375507494036","3.17401143989589","-0.971181580796908","-6.51736810172614","-4.2800896556192","-8.75623070539938","-3.94339135779722","-0.292873524926623","-4.98904090977834","2.38857437198423","0.353827746824477","-3.02743959493324","0.693503761211648","3.64571479797712","-6.46208787351951","-9.19653686932637","-1.02615901586281","3.6014993163841","-5.47068527163937","-1.00242949192128","5.16242286601095","-4.8231651873091","-2.31067590328129","1.17014767126391","-8.24422355777891","1.5000828016082","-0.174353497171164","-2.33147052285723","3.18185280248141","-4.82049282423681","2.79168005385583","2.85494011438176","0.973873145633295","-0.709461516932039","-7.48982207206164","4.67453767805617","0.450483706306854","0.747491094691038","-2.896197602357","-1.50626452563625","6.24703710282675","-1.8171000336799","-9.64680071072373","0.907960726689948"
"Random_Index6_32_0795","-2.87238038773929","1.94557219506241","5.4864577495428","3.02549705262274","4.82570518221885","2.02510362074194","5.1194759896816","-12.7812726749237","-2.660637204119","-0.244093788497959","-3.66134285040254","-1.11074320483507","-0.473990262123083","6.94214639694739","-1.35442475341691","3.03875885588478","6.14193166797384","-4.72718190803811","0.315903032044912","0.92973187922846","-4.21743634742541","6.78752224349227","-2.04854363597751","0.0492119525690406","2.26581213609148","1.42423046021136","0.589595588964751","-3.73695658804116","-0.406043259428375","-0.933798646066161","-3.81497154705841","-3.01079655545074","-3.93660821739715","-3.09538787681507","3.10278654898932","1.67850850526914","-4.09281070833147","-2.98483623612408","6.8502326860182","0.133081775861718","3.20120965167938","1.45922145668609","-1.17833351811547","-3.49792884613796","-0.000954036446482452","1.008016925469","4.92690902113695","3.20201100839379","-1.80304813031498","-0.711661866597929","3.57546240070145","-1.27096169620824","-0.544124191052126","-4.35401266134444","-3.49310134798992","-7.08040397888037","-1.94923342825334","1.05942416484049","5.07292094435581","1.34869535908674","-3.14871848478346","5.8046283323248","-2.82080068414765","3.56314769773978","1.2362622357981","3.34602091260757","1.74115354144108","-5.78102857462654","-0.946868717240274","4.26485530204204","0.182049972003091","6.45670177511008","3.02590983780572","-0.966237260902195","-6.71641370312131","-4.42231368745772","-8.79191413076728","-3.84877242629912","-0.29567440869038","-5.03223201005334","2.2078408451893","0.0647529600972651","-3.12240883121988","0.80140200637102","3.47675876148564","-6.70189924000433","-9.01085632125979","-0.610498351579425","3.456405655477","-5.7397340061263","-1.28291124249373","5.45622410440087","-4.89120523453918","-2.38723636976975","1.35870613545702","-8.27519330428743","1.81793107239789","-0.220722180332337","-2.14324334799077","3.4076547229753","-5.0266382142669","2.9050268360966","2.64262673082228","0.779491844886354","-0.502593362928612","-7.51852918689701","4.62387082933114","0.185791191844794","0.741908957765876","-2.52949406333599","-1.73379695566939","6.24677832070741","-1.78535718532411","-9.69573671916376","0.769542208362135"
"Random_Index6_32_0796","-3.08539564750348","1.74016258398378","5.16451223732877","2.82299697257239","4.59084759202517","2.19731971571823","4.97116832148729","-12.914979894254","-2.81046009091508","-0.206422737664788","-3.5960112544339","-1.0664360410907","-0.610101414740154","6.67817111371635","-1.30465402625123","2.91505767310985","6.26342076982368","-4.44527130514822","0.342020385967329","0.695936497045801","-4.47621484206263","6.61890635517622","-1.93038977727737","-0.146866538475301","2.10665897114668","1.42851608915805","0.313339252607451","-3.67466600687849","-0.642512641125946","-0.949906114772262","-3.70648213067729","-2.90602275868379","-4.07110862432109","-3.37403274825417","3.35579661497075","1.88117799821928","-4.42882681099133","-3.11540719461578","6.78791350333363","0.146195710759205","2.96316625220678","1.60155931169422","-1.1590612883051","-3.49013796918813","-0.0961427697961173","1.13586351749833","4.80974696389166","2.9227190859468","-1.86244036979406","-0.922455043119344","3.23463984362026","-1.09517193850082","-0.531520995292772","-4.20443976786546","-3.4445712402565","-7.11933796217739","-2.11657836726138","1.30434621288883","4.77825262416979","0.972006572119161","-3.01318437044122","5.51322061800723","-2.72139648582838","3.34092963504663","1.29251494082587","3.36147782679223","1.85044107737178","-5.47457612747294","-0.793673686366902","4.0572898639348","0.0209402807651715","6.44115188381248","2.90223449231917","-0.992709971754772","-6.98261089928543","-4.46294760539137","-8.99456680035346","-3.92992474549612","-0.26133745247282","-5.29324409768136","2.2209085565422","0.271611475798393","-3.11663992703329","0.609510028292727","3.5586622002939","-6.48892471315446","-9.06918534550672","-0.473575044654356","3.11683117335557","-5.65166897487477","-1.39668652873205","5.07585347996293","-5.19454195395567","-2.39941433624194","1.32860723561839","-8.23143839810484","1.39692405930227","-0.248362967904125","-2.34716344972566","3.65484679906195","-5.01189045118997","2.91862196112331","2.56420329416211","0.941025494690728","-0.718876061825705","-7.52656400889698","4.43291673985437","0.412518252222524","0.646221165294287","-2.52612033767565","-1.84761027358977","6.05578725178517","-1.97623138768545","-9.62586283095192","1.02481232891025"
"Random_Index6_32_0797","-2.97134415746472","2.31872206555294","5.6945136258882","3.29947308682775","5.01374632326004","1.91038770475232","4.99434440628252","-12.8853055107262","-2.95872281521538","-0.443199098776229","-3.80107757372249","-1.1937710480696","-0.636011951377915","7.10680072974413","-1.50550992508784","3.21907024089192","6.37713688448849","-4.84214366815895","0.183846095644804","1.19271870680985","-4.24521991726383","6.98869529485448","-2.07900637076713","0.20558256998036","2.41904821427274","0.99256535552331","0.502962733972019","-3.83867657515253","-0.414309669922703","-1.02040476575562","-4.14443072391687","-3.15412784458873","-4.10409188981602","-2.83436149045809","3.05550950197681","1.66352938879065","-4.34495186036086","-3.13443616588619","7.04787111567283","-0.0503032356597085","3.46996467104621","1.37179061117932","-1.40154722646","-3.77972113333985","0.33551021956311","0.912260469547438","5.30272391744572","3.34159187463814","-2.08388138106847","-0.476505400145419","3.89786363398421","-1.39107405266404","-0.727197609537939","-4.47090136464517","-3.49841383897846","-7.16494289655514","-1.87549600744998","1.07339989317363","5.21221569553294","1.05772322821859","-3.42890815522621","5.93847061860306","-3.01272912019425","3.93731177850947","1.04635416978788","3.33485649921244","1.58754162805248","-5.86740213121659","-0.96587052139489","4.61672101189016","-0.0379133989818767","6.67328815712486","3.29889607290136","-1.16884031917686","-6.91840044965866","-4.55699217779091","-8.86059524477197","-3.98270010745569","-0.645039190994167","-5.12156229667964","2.60972660477672","0.108666244633011","-3.24177196216689","0.928122998160732","3.91178482030407","-6.79815053627014","-9.24410513599297","-0.920604127368151","3.61465674140556","-5.65998135317714","-1.03290614371396","5.50186999855355","-4.90188620165087","-2.24949462038596","1.55022905724892","-8.62136008413964","1.99034726172583","-0.582392315279632","-2.13035049203358","3.47541455941519","-5.2312364701162","2.90137436149683","2.93343970455101","0.622580780325443","-0.880400206861298","-7.45875074666361","4.77474845987763","0.168021798574219","0.782561499153439","-2.6741518974631","-1.50529991489069","6.30899414630383","-1.95210036496503","-9.71670781788071","0.770669535378855"
"Random_Index6_32_0798","-3.07416575497984","2.09077425585553","5.36644196184948","3.15726990055773","4.69617962892236","2.07582716189671","5.16791911774265","-12.6894170958763","-2.71632092389588","-0.383701822620986","-3.75760081986949","-1.15960291538812","-0.529946967306672","6.74312804398633","-1.40352870432674","3.08535920714236","6.1073505831026","-4.5327885273219","0.239692560039925","0.825367412473739","-4.31949996824048","6.7603369225314","-2.02141002868535","0.0216633563765591","2.25324319830627","1.16554267519932","0.399889697943319","-3.72504926895515","-0.581743841797923","-0.941789719283486","-3.798336907076","-2.99733019829864","-3.95310716542902","-2.99401122395212","2.87418352260682","1.81711412222044","-4.11123227472468","-3.07172196525488","6.8089230522954","0.0716611170675188","3.35594670968277","1.36918524714786","-1.34126357805414","-3.38893596737131","-0.138316918908272","0.88184560985444","4.96796298909577","3.27552533568435","-1.86576064415068","-0.543116444477127","3.38315845808454","-1.24073584216718","-0.623633527945591","-4.39583480224737","-3.56346720851093","-6.93019629370086","-2.10804390196333","0.981466908942721","5.05123123602243","1.20898495925212","-2.95935033477312","5.71711634635256","-2.79863284837111","3.57804798221506","1.18779994127989","3.10237620282536","1.68197424797237","-5.61918681347627","-1.15002266650448","4.2545036652436","-0.20481447476805","6.41653058110003","3.12434299940606","-1.00076376888064","-6.66397529452171","-4.44124833088506","-8.89420161705923","-3.81569294861253","-0.302917229862635","-5.14589476789579","2.41756043057662","0.309686378047842","-2.86616112433773","0.766619760436825","3.52916780578446","-6.60378033317151","-8.89291106336032","-0.704543358767532","3.45960534520363","-5.6234895918871","-1.00504887829669","5.24678256455205","-5.00035310897413","-2.35891959855216","1.37361226575056","-8.36109867107661","1.61727744591711","-0.316061559071561","-2.13467312011423","3.21860373261796","-4.97721537650504","2.67808004235704","2.81994493135266","0.77928282530761","-0.682589215894354","-7.57382544033182","4.65652740502135","0.391203899550354","0.953742696024978","-2.59409194260383","-1.77196924673316","6.1048168002271","-1.88123360821625","-9.52497322722432","0.890784873496151"
"Random_Index6_32_0799","-3.03106787608209","2.21432595034701","5.6883431328697","3.27027599183045","4.91227947449536","2.24247418172038","5.31804211731311","-12.9794439684357","-2.70325949252509","-0.252106222490651","-3.73594005879484","-1.16294575167604","-0.552215324378923","7.04011169467068","-1.38533249051884","3.1320795828493","6.42729161460448","-4.57552261602381","0.247213290106702","0.876181854302527","-4.41785434470434","6.89773517368685","-1.9772878705722","0.0455767532941619","2.33777093238296","1.34172458966495","0.450777925992692","-3.72098472253303","-0.573550708494674","-0.970605063310947","-3.91778650442696","-3.05216504342816","-4.19472660514669","-2.98295199956748","3.15557828378027","1.71677807872474","-4.23580770012538","-3.11403008401567","7.09682995139408","0.0856313940680355","3.25901375595107","1.4656208297136","-1.21573448360055","-3.48525310722597","0.0870199869068759","1.06147292264277","5.15265063619888","3.37248494058266","-1.61471526154509","-0.674662238198908","3.58034583794302","-1.31546191102342","-0.792674417935225","-4.4005610978311","-3.51278740721629","-7.16290568383036","-2.32513109076978","1.11367055848689","5.06435285694098","1.25445906887319","-3.19398760971831","5.85491379260733","-2.9258341054906","3.65364192745243","1.12221002878567","3.40081092192073","1.61475563022979","-5.58114112079143","-1.08861222630851","4.44559686065867","-0.144358798656399","6.72761970420987","3.15689423075181","-1.22070644017276","-6.97498318362933","-4.49666641287856","-9.21768348626305","-4.1367340281497","-0.381021637065162","-5.28776059971849","2.51947055112753","0.309074099610009","-3.05949407232836","0.881916496065803","3.56063143610314","-6.67342434619736","-9.3209747014899","-0.695122723485945","3.3895647954522","-5.55024022550499","-1.17250421904265","5.38951017038826","-4.89698816150992","-2.24904699683174","1.31942254451161","-8.20897624894219","1.81110570660094","-0.36486335170798","-2.41244284688008","3.44652225589078","-5.09530481385698","2.99318033197524","2.93248988718938","0.773630810567317","-0.58447791133461","-7.62904026264138","4.75452735875102","0.296261832640726","0.828257946961402","-2.61330229045357","-1.62396402621729","6.35717756293963","-2.03716523798507","-9.76673760224116","0.856768437763115"
"Random_Index6_32_0800","-3.14142753971693","2.07158234713994","5.43191188253697","3.09929342490627","4.72682054515287","2.23370996817334","5.24912830811185","-12.9264492113953","-2.72159828012912","-0.264825729430867","-3.62363967610666","-1.14484713796031","-0.409292479397687","6.78101277840719","-1.39327446328923","3.06007577734913","6.22221754190694","-4.72291530917859","0.280610595617453","0.866006810069963","-4.39680663073744","6.78686554829488","-1.96108634709576","0.0114368947164939","2.25874114482935","1.06324825130078","0.290913302422325","-3.70358409479706","-0.680942325582472","-0.873294197568461","-3.78502516149874","-2.97530313693132","-4.04384717425786","-2.91477104653235","3.0410722029797","1.70480850712698","-4.15496179443333","-3.09834557341652","6.96003512278595","0.171622945084611","3.27929548176198","1.49856369609176","-1.17323797457812","-3.4242184013103","0.138869263795975","0.981277465151454","5.22967658030653","3.30228189886691","-1.82939919641976","-0.587063947322394","3.40367579825489","-1.29856570423121","-0.669948630385572","-4.35108504548324","-3.55609367005245","-7.00942086158155","-2.11427397551311","1.0367868679327","5.04482528662142","1.18775186829931","-3.06200408090487","5.77567319016154","-2.86237833951234","3.61273550882654","1.05266639183418","3.28738440199175","1.61482212690768","-6.15326308949527","-0.993639730111053","4.38190694242484","-0.135469626687179","6.52230143864289","3.31231772451559","-0.969319566281099","-6.69539984292936","-4.5083690965557","-8.93072605062332","-4.0205858158548","-0.298051386905538","-5.2215403333591","2.41715866260643","0.204457331802958","-2.99236909798045","0.817937591032881","3.62040839311693","-6.57223228258","-9.21036796837502","-0.709253789975209","3.45609724473443","-5.61218867911673","-1.09735492425366","5.29413790080555","-4.94395246321738","-2.29660694857173","1.27194076731321","-8.34427211693194","1.65033594859337","-0.308347700836567","-2.33388116441173","3.34498799128417","-4.9743072399166","2.80978027175557","2.85318102355987","0.887650945342286","-0.737981084619755","-7.56169539161195","4.73374856686977","0.367063440660935","0.726413196761943","-2.7175190635915","-1.66067871587465","6.28136116660301","-1.95115955431489","-9.46216772284968","0.817992893205067"
"Random_Index6_32_0801","-3.08684855809752","2.08826619307277","5.49192057714466","2.99410606069187","4.65646855090723","2.29603886324137","5.2541363053602","-13.1471692932559","-2.62404122818275","-0.0291669492079241","-3.59056749593045","-1.05876003686075","-0.495527230681212","6.862651267521","-1.26972953692545","3.00704101919004","6.23668322488485","-4.70317456990742","0.382688711189237","0.616464042724409","-5.04807047157065","6.67951673912573","-1.91057901801789","-0.220806744176719","2.30981617517861","1.38919294676071","0.240579283779507","-3.73204453197331","-0.678583334584639","-0.977260385152624","-3.71599363947467","-2.89671626221562","-4.07364496725243","-3.27600131243597","3.06562758214948","1.80637792413613","-4.15131723020653","-3.0741404108965","6.82634169640983","0.198173006431187","3.11813203096225","1.51904018448272","-1.13487125836641","-3.49458883320388","-0.170298986676775","0.966056148604816","4.97112185836675","3.19239676423582","-1.88939051051231","-0.768802853350942","3.3052077342338","-1.23401645589349","-0.516971717973602","-4.48050758518709","-3.53253856796662","-7.05620624876868","-2.45461722432892","1.09681294497522","4.9532319760906","1.17851455396672","-3.16497971161559","5.74032223463121","-2.74039784261324","3.57276543141572","1.18485189208574","3.33928010582447","1.62503338715661","-5.66503224945931","-1.20027184362817","4.15882583792379","-0.100030800023196","6.4935849440687","3.02824374614738","-0.973119075487185","-6.87651768716197","-4.30047687947891","-9.17224853201931","-4.07969055446264","-0.153487776431336","-5.25069632951542","2.37011518269224","0.301723870569254","-2.90293680896031","0.556077532031208","3.52340984066364","-6.61827039675826","-9.30500466566041","-0.610289187501722","3.35960753550191","-5.69753536657867","-1.17428025960294","5.19832859085761","-5.17181923327593","-2.67129516643444","1.27096028393039","-8.32996191565127","1.40345759080649","-0.152548892236723","-2.3753251438422","3.37324900503174","-5.00485615534402","2.87759207276177","2.74732176159473","1.01448761204069","-0.49335377474626","-7.55582820216921","4.48638209380668","0.37876729155792","0.789492882990312","-2.57492884368977","-1.85325805026806","6.242195687458","-1.82248985097475","-9.65642281008653","1.00991352818438"
"Random_Index6_32_0802","-2.95477652095314","2.05222706780087","5.59955776428651","3.09281567146038","4.8230113316041","2.13682164366909","5.15919189700428","-12.7583183928999","-2.90636323717034","-0.219104756856814","-3.72008879661649","-1.15889319902968","-0.647110366026597","6.86154082258516","-1.34404944336012","3.35967003920923","6.23485214353967","-4.64322412634578","0.397104501933068","0.926712557326636","-4.36646291995889","6.62134002754582","-1.94340142315772","0.0753568514999521","2.31882719805753","1.26797081629854","0.637045627842274","-3.79316108716745","-0.480056484819989","-1.02193739311321","-3.86611480770505","-3.16059394971461","-3.87016990578654","-3.16586856947351","2.98389408676187","1.82574091457167","-4.41299365759897","-3.12541263151335","6.96188938126769","0.146351371889026","3.26267932639622","1.37059322280706","-1.28232687139775","-3.49873591515714","0.062730364741046","0.881120005554337","5.04039605337494","3.23314237007225","-2.05167536321457","-0.670023409259058","3.44652258977814","-1.34805965706956","-0.758335978571209","-4.37944106511051","-3.53241442904244","-7.09326442916332","-2.30203401805557","1.01379447203958","5.04637898815808","1.08150764048373","-3.21226009453696","5.76240795722345","-2.84918459984563","3.57907767733901","1.10032724133271","3.33249674366427","1.64310429167857","-5.81444096826838","-0.887523085762246","4.3429277748973","-0.156758583543166","6.52071040468668","3.10129115461983","-1.06393634205962","-6.82119024527678","-4.42206473320397","-9.01684187030701","-4.12786718465341","-0.451478513618698","-5.0453396997337","2.24588405381615","0.328952197954364","-2.96852331881193","0.886989011805195","3.76684865813905","-6.55676876457774","-9.02836752939648","-0.802552548281128","3.30029684489699","-5.36688763352252","-1.16295842194235","5.37254450924841","-5.06137131315506","-2.07427527511495","1.40685477323162","-8.28227133913869","1.67595368401679","-0.366236171550629","-2.10681580294555","3.38642628730113","-5.01810122214954","2.93832464181838","2.74792944282445","0.813922593098562","-0.630366469229889","-7.69515743907588","4.64643760669375","0.292180244247564","0.695341338436537","-2.67962361277856","-1.74410087718678","6.15568138104665","-2.02877501795418","-9.50319648628389","0.859879647982428"
"Random_Index6_32_0803","-3.39244448218068","2.25434740344437","5.62931100045918","3.19285585673282","4.81222314142794","2.15282562385475","5.40711254391096","-12.8615925661733","-2.7424444909673","-0.381793202659809","-3.74370718658498","-1.31817185814731","-0.586443004426629","6.70467599123247","-1.48051513390147","2.96730151384525","6.26576871619434","-4.59886406180081","0.211812642982916","0.838552635124233","-4.28151652712385","6.7687392060629","-2.12641864802001","-0.0378037927480829","2.50632063447365","0.972998163678738","0.185602158684849","-3.84461551035324","-0.589032081968251","-1.07372088735859","-3.76135785782289","-3.20961574619081","-4.19657871933153","-3.130497591615","3.10268580306474","1.55259422601604","-4.13712714515006","-2.92123091962457","6.91606745455154","0.054741939040645","3.42661103116428","1.28552661472214","-1.36296113554779","-3.57335156133966","0.221941633667889","1.16549212394833","5.18565522578131","3.42824939097048","-1.98151120863486","-0.433274477156328","3.46857751269313","-1.44116571058432","-0.879768106329735","-4.53405375864581","-3.5141599937189","-7.123777681152","-2.25885527820072","1.20885989704061","5.21023061146651","1.36417626769434","-3.18353227609748","5.90414378190899","-2.72884761149338","3.80407354477301","0.957613433660898","3.36270658278367","1.55976868337671","-5.63730138524978","-1.2329760091792","4.34181307906509","-0.168531355861717","6.62932443514018","3.37824933077996","-0.86362476967756","-6.66163330512758","-4.43414988512235","-8.79652531040383","-3.92227649615072","-0.398299215855008","-5.00511490731973","2.54839715246691","0.150593246981833","-2.91737088199057","0.848864014691001","3.64656911237104","-6.61115657170466","-9.25976741459306","-0.890018126703511","3.60957308105272","-5.52557622383375","-0.901914306455991","5.23269689716177","-4.85397640299637","-2.32117642761323","1.29436683552434","-8.20261440035508","1.6231801556555","-0.380776487868693","-2.33102779443406","3.42502295636656","-4.92142702009678","2.89732621689485","2.98177963552622","0.728608869965481","-0.71648808755524","-7.52859655664504","4.83004586923421","0.212221292289063","0.987590598899724","-2.76583481308979","-1.45682176146833","6.40720860713132","-1.91742159343384","-9.63519777469438","0.850937618570608"
"Random_Index6_32_0804","-3.15676020976383","1.87873694307462","5.43218247087267","3.03848584985737","4.70079883289668","2.00865322856479","5.03154005698563","-12.8872583966834","-2.51743006537168","-0.265705804385818","-3.7107924880714","-1.12667670341227","-0.664939046142585","6.72236165045948","-1.39033380622352","2.96898393159772","6.104075892594","-4.5126794521906","0.331229269625627","0.867165599359934","-4.14551688339075","6.74100299374692","-2.10624429440462","0.098517534403064","2.57645622607239","1.18916991166743","0.401144332115335","-3.83583545396695","-0.512916493661891","-0.882781604545131","-3.75154430408332","-3.12384405824396","-4.0822849456304","-2.77694227122058","2.86909759035782","1.87874983947142","-4.13100370769951","-3.16437498360359","6.84679508539608","0.16211317617694","3.11787362168704","1.39159190785169","-1.07318985202183","-3.36034577722225","0.0745243091256006","1.10112244319035","5.05164410687787","3.23762558480779","-1.89522251900155","-0.55216497140716","3.5151762257076","-1.2663946400063","-0.693562170615434","-4.42093569886542","-3.47770754066408","-6.93986413353182","-2.20241758434254","0.924696167806488","5.02379849512473","1.21751251334688","-3.08951445319842","5.72490546105944","-2.8086740945766","3.59054839708586","1.08212625643802","3.0996477477656","1.64296649760471","-5.52953197470814","-1.10652956289054","4.42706804185217","-0.395516230669484","6.31123738692216","3.02779118610249","-0.952091919879474","-6.96562802608375","-4.40454163347224","-8.93554599119586","-3.86286889676969","-0.354815706150362","-5.06045085046654","2.16128132158906","0.0992008564826873","-3.15379233432164","0.753232336518223","3.33145297539622","-6.63388921450736","-9.18214029172942","-0.508725561336195","3.43568591253002","-5.69105619803482","-1.24893102058917","5.31106777318485","-5.07536458337944","-2.24830140768398","1.11384286568447","-8.23522428878503","1.62149748489484","-0.344123048211859","-2.27765143839321","3.14867643492798","-5.09705515388319","2.54071160155534","2.66206290281417","0.860677342191475","-0.555674699941893","-7.31583136934698","4.56645342208522","0.194018157076285","0.75648820285463","-2.51089786534616","-1.63995920506706","6.12373822744077","-1.75262140204187","-9.43926360473426","0.701616242928832"
"Random_Index6_32_0805","-3.21073733466489","2.19976244163432","5.56417160729796","2.99844303855251","4.74047792746018","2.09949727992526","5.17412960469767","-12.8512116533524","-2.88036531307006","-0.219057965093819","-3.76235661294332","-1.13628117134689","-0.5343801825153","7.17159398465101","-1.4112705528967","3.18464448701235","6.33078934823582","-4.6626968349477","0.366490677948662","0.938277961220902","-4.35394230598703","6.95542165844883","-1.98187747268648","0.0217906693604287","2.18737831923468","1.30415238107772","0.419168931500726","-3.87345606461156","-0.563058446696067","-1.06075698986654","-3.96053890491539","-2.98755586357385","-3.90456624386088","-2.84110658710363","3.01915784020397","1.87425218799331","-4.22615057631418","-3.35377288935862","7.1742956602946","0.141485850876712","3.31901415919956","1.39275474570559","-1.2765081635733","-3.63719818368603","-0.111588876851866","0.909030390748041","5.02874685380993","3.19201451646432","-1.91058491701904","-0.822152427460099","3.54480939724187","-1.32579217841891","-0.650596043477946","-4.5214227298084","-3.42734380667934","-7.23182533100989","-2.05421389235063","0.954402587588579","5.04306068833183","1.19868671211729","-3.26523113753015","5.89263262786369","-2.93411153451935","3.61431572101715","1.2044942473386","3.32056628021817","1.88033277568037","-5.68076566988856","-1.03560364253295","4.53105894171528","-0.00605047912550401","6.74635708829269","3.04595635403316","-1.04380206178779","-6.995141610332","-4.51258367403634","-9.08929294782919","-4.09194761838174","-0.48855232158541","-5.32270569643435","2.32921211891424","0.402579377528015","-3.1079191031829","0.583549049030434","3.74386447388851","-6.89631115576209","-9.22179385778978","-0.653735336246039","3.43243922554284","-5.58540558217383","-1.38104077824816","5.42610689298075","-4.92937878630068","-2.4027626159645","1.43170816405111","-8.45120828509222","1.72877634671222","-0.435813873271016","-2.22208538025452","3.35697880477359","-5.26962676051861","2.79505801050295","2.71914643330453","0.724776232929747","-0.535370933055698","-7.61864055199642","4.55442252843819","0.269898595786245","0.734835015890091","-2.70807430868069","-1.59997406915706","6.23160641732935","-1.94361243915781","-9.74538557601252","0.921492729924938"
"Random_Index6_32_0806","-3.25168511257894","2.10476822522598","5.58760793749835","3.01091977870808","4.98982024089631","2.10482682532494","5.35696420449364","-12.8839015334351","-3.05786964032948","-0.367690494176199","-3.73891541817278","-1.31568652339614","-0.623960951272611","7.02589018942048","-1.40144297408652","3.18203958948689","6.27833038366595","-4.98192445542213","0.26810442953618","1.05108602147674","-4.24853030319546","6.77038620167408","-2.11437929858022","0.0117363830912838","2.32028914428866","1.17817973601831","0.344799133537958","-3.84768623868567","-0.36434665093781","-1.20834529948964","-4.02246799046369","-3.00852747440643","-4.16624229723935","-3.10948207645449","3.12723950616827","1.59569556090463","-4.20411226449105","-3.04018389650263","6.86623820326056","0.0581999315276883","3.22561374832662","1.35501997100343","-1.37302122606619","-3.6547202983189","0.156672573855214","1.008147369401","5.21007108056787","3.12041005119668","-1.99205262409645","-0.818265569394746","3.50416447556859","-1.50678991170877","-0.778440209131999","-4.65133885759316","-3.5077268549404","-7.24139299516185","-2.13495450159446","1.09933936630079","4.97594039909636","1.09453455319717","-3.34860569093953","5.97547353693086","-2.95063655805535","3.65327049715222","1.06253849525907","3.39526459580606","1.51256037010185","-6.47342390778767","-0.987461916670008","4.45651515469513","0.116817102763115","6.42381232649355","3.18225745101297","-1.11608277204526","-6.91159194082932","-4.35870423342327","-8.73000018189576","-4.10080627573853","-0.406627264946499","-5.27742660222198","2.33159066774581","0.185614108578888","-3.02473000310496","0.829899051070823","3.65330891044015","-6.83957790310359","-9.21051868030181","-0.650302193681994","3.33616442710732","-5.67152078392092","-1.27907453256967","5.41099193482662","-4.7231700897007","-2.21171873786885","1.39772590152895","-8.44268014434707","1.73297576589572","-0.446812255753276","-2.30542057091037","3.46583299965042","-5.09007149648019","3.01865126202433","2.67555333237661","0.786340844469303","-0.686076985402325","-7.76467857905333","4.49352394989864","0.401637696572981","0.624324355313569","-2.91048159489539","-1.36900280155233","6.26397658427089","-2.19641514328482","-9.77402734535699","0.784220234023416"
"Random_Index6_32_0807","-3.20872793789578","1.99888333774547","5.51419050663256","3.145585563862","4.7225429794218","2.13560357280919","5.29011597408421","-13.2003452496535","-2.75782300011015","-0.2875601117957","-3.76152227471724","-1.20716699631814","-0.693408801986943","6.8054388550306","-1.43631551311227","3.09100939211886","6.42828604222708","-4.58051236082696","0.356931450778708","0.760119294863903","-4.36956516132185","6.75026704312459","-2.04983957199157","-0.122832160070361","2.29127171612667","1.37598696344368","0.379750715939031","-3.84202501161106","-0.724409035396019","-1.06083230616713","-3.89600504021216","-3.12891245192392","-4.07999289449066","-3.01706657188319","3.11316624371203","1.77854195495518","-4.38292930679005","-2.99139700618634","7.03481476555997","0.185693967895874","3.2452885342809","1.31326277622584","-1.26276645723432","-3.56603937116647","0.0422689299744848","1.09688923227887","5.01650888705092","3.35787541015703","-1.65153739332535","-0.651336053809991","3.29739652752817","-1.40518001418777","-0.734077775161546","-4.42045358308695","-3.49174680533058","-7.25649174280835","-2.4574653490367","1.13608797832332","5.11715969137931","1.27836410997728","-3.14977406806237","5.81313049701255","-2.88602813644565","3.47789562386192","1.10374237054746","3.36373291269101","1.64502706383349","-5.8292445417889","-1.06136291543245","4.28396035075709","-0.197973081127701","6.57200252159229","3.0962095939794","-1.05723557704738","-6.83591365264429","-4.46576915203426","-8.95949739168077","-4.17586678225924","-0.293468816569998","-5.1732679272408","2.28010477489994","0.188385298129093","-3.11661097397283","0.796244322296262","3.6428376768037","-6.64881964778554","-9.24962600176012","-0.723719984388577","3.40147134414221","-5.41783416645982","-1.26609111437014","5.31359496941408","-5.02505056637991","-2.30819877644535","1.31923100110889","-8.24376216820405","1.51437334030055","-0.250537671209591","-2.36800384944078","3.43848608632613","-5.08628302486126","2.87355454500947","2.69119702087379","0.89690790193484","-0.355714117028413","-7.6539062409321","4.70951705894001","0.362154257773467","0.71560225874209","-2.67113871989522","-1.86312778581108","6.22270410594596","-1.88384040694069","-9.66561602036968","0.93106176251945"
"Random_Index6_32_0808","-3.18003892070958","2.17762453395241","5.37896515623527","2.98209571397154","4.96145788128374","2.04097255615966","5.15651900093994","-12.6177348850952","-2.76519297859205","-0.247888463143953","-3.71691643746027","-1.11354496409143","-0.457502343385576","7.03171376439446","-1.34465119337235","3.07976157596037","6.20134865126097","-4.89242779611302","0.438874132595379","0.944172180570278","-4.28835633279131","6.84125819326268","-2.01059872316928","0.174138803919023","2.18430986386643","1.36266300794777","0.572186523351044","-3.78265940609119","-0.449357010151314","-0.957103223829005","-3.88632782435937","-3.07736534638305","-3.93348983522006","-2.98568566647478","3.04165261715056","1.99271030787436","-4.21886477623294","-3.52043275401933","6.91552630273392","0.061115305820581","3.34268110241552","1.48033332907347","-1.25854711757249","-3.60905873050829","0.0721575648425848","0.904800054580075","5.03928904111485","3.20722520756785","-1.89280639957448","-0.771543257511596","3.69745451362403","-1.14375238856283","-0.556845840009493","-4.18412137203265","-3.51937145240136","-7.07820554595518","-2.16620903126214","0.831498764202128","4.99593752976612","1.22732619071774","-3.28999374845189","5.88508558807011","-2.88706860823851","3.67480905426128","1.20673170357285","3.22381686586755","1.78742465613392","-5.73199851781513","-0.913430811618407","4.37200829049372","0.274455582867294","6.4551958142425","3.15097918241707","-1.3783267459986","-7.02623215525432","-4.42287974879874","-9.03214878206967","-4.04506353155848","-0.42696594425992","-5.09086208548749","2.35698110345464","0.380398158208863","-3.03157559884336","0.730813343633461","3.71275234559767","-6.73614964509748","-8.97877149861945","-0.782212369593031","3.48301195184559","-5.85989338983644","-1.32803151283948","5.51804213050184","-4.86673769291979","-2.49161318517304","1.6319907355002","-8.47681486911431","1.94345452208198","-0.496404458273921","-2.178531823847","3.38813297180451","-5.23904513010733","2.86245677220487","2.85392866697335","0.750614094649572","-0.937963731511251","-7.65139297250115","4.62225035165453","0.243776028307926","0.747764607695148","-2.69670076561157","-1.72337576927824","6.10077589511051","-1.96918446424226","-9.70415703229056","0.776423757171193"
"Random_Index6_32_0809","-3.05153087572154","2.02875457293844","5.57342027616669","3.00345723339419","4.76794558747968","2.14493374614888","4.99743508606333","-12.8875125258956","-2.74510326194182","-0.118609069444428","-3.56083390947712","-0.991365507476771","-0.555176927548469","6.78942414023612","-1.21424289907112","3.07548613781418","6.16835297958558","-4.55983415687711","0.548017206539754","0.919394746838034","-4.26792706892811","6.72348674679261","-1.96535259513255","0.173648090081253","2.19594976197323","1.25113394412358","0.449134651042694","-3.65348427922661","-0.549989157113115","-0.975602103969529","-3.82667753670164","-3.01656521294555","-3.91281479015101","-2.99555919831616","2.96585344471723","1.87045489401526","-4.14397295551756","-3.32346511539428","6.83392470467284","0.207230188533312","3.1529064765686","1.5011377519158","-1.09083878659103","-3.40405335560588","-0.0429150375470607","0.935513534716824","5.04761939188161","3.16918748404218","-1.8085664602065","-0.661047930224346","3.34186948707013","-1.35471152977581","-0.672171975469589","-4.51514719988343","-3.52436848516629","-6.97388560394042","-2.21898541954039","1.02706886545818","5.10349818353555","1.17432927612149","-3.05077687991265","5.63319908743095","-2.90694028515008","3.5391141146972","1.16579602249923","3.15466977095376","1.84379318941729","-5.63413173353845","-1.01517310025341","4.4125233415903","-0.220319376570394","6.43042668415498","3.08548491886815","-1.19822884430214","-6.77471295910321","-4.49919653126825","-9.08179567106335","-4.0947203244866","-0.350922198234698","-5.18581910963274","2.26521693577955","0.425197768202146","-3.03301864946345","0.722951100626307","3.5606173378919","-6.57953210815098","-9.03045874806526","-0.648868582784496","3.3794654112747","-5.48199732005023","-1.17720480851908","5.33097868158473","-5.1210245920944","-2.26411878834599","1.40097384044684","-8.33069667179902","1.7186260317937","-0.337823916533762","-2.24115149026595","3.31768244370729","-5.02804821371772","2.67839273540428","2.72498074833605","0.794207267626195","-0.55315970878948","-7.50689893202258","4.50482784761633","0.339384061186266","0.699761129407535","-2.73782445558514","-1.71811431381698","6.10552496370167","-1.9781956710239","-9.47226247651137","0.859075911500327"
"Random_Index6_32_0810","-3.18058540484538","2.00349185294391","5.49536956634187","3.06668363356362","4.62641509649109","2.102582620654","5.51738846040092","-12.8580715836419","-2.58064850219058","-0.376191080611163","-3.68706633593262","-1.27271771124944","-0.727616158156568","6.90078776719291","-1.51404447114691","3.11914448901675","6.32660176511432","-4.52491069609713","0.0704936258852997","0.750200635622783","-4.36928150895442","6.74698723850237","-2.07476855101511","0.115107093202993","2.35878971340382","1.05943295614652","0.373552228437404","-3.88708760184179","-0.698218463327251","-0.966894672156455","-3.69684586185885","-3.19475490957296","-4.22883798674072","-3.02352400363061","3.26897851186935","1.37738717850665","-4.05225444541554","-2.98057257298024","6.8383990485373","-0.0445726738733029","3.28011219913291","1.38974803344577","-1.2135517890569","-3.51208606417361","0.0565548591408066","1.06384435605217","5.02988797883192","3.46106314085362","-1.74013574280201","-0.528155405576563","3.48563410624146","-1.33383752354156","-0.716113381825648","-4.3221421981426","-3.65277590121993","-7.03662978071244","-2.07190943651947","1.25204015806633","5.16278993077083","1.30568704944782","-3.04648407923791","5.95378847870388","-2.83042263513412","3.4629199045496","1.02121378347517","3.42263870133595","1.44024575140895","-5.85023241244803","-1.12325211032524","4.30129940731838","-0.243957647727787","6.40740386836313","3.15255245886368","-0.943555822797663","-6.7168129843517","-4.46893605263643","-9.11428941551291","-3.9347226849698","-0.198517593955851","-5.12958959700802","2.43748913091937","0.0426027483662808","-3.14925690479111","0.792486928245191","3.68904493778372","-6.6050089253631","-9.15349987722442","-0.758496174883651","3.52248415080967","-5.5131141404373","-1.21854997692278","5.30318236422056","-4.85765898468087","-2.12265052924104","1.34525861334908","-8.43770223517003","1.54954294438024","-0.371970028884087","-2.37826139658628","3.6029595124504","-5.02028336610439","3.01990628663227","2.77087885001161","0.773002193838809","-0.55911375663521","-7.42875630313239","4.70221042664789","0.0332899320258436","0.773656884776136","-2.76632456252861","-1.74731697210095","6.18324225064513","-1.80869465645591","-9.66769252708443","0.727357591499364"
"Random_Index6_32_0811","-3.2240831393701","2.20367838365771","5.55219132796119","3.21149854303864","4.72783305658795","2.13217798347729","5.43915551072184","-12.7380084635174","-2.69835079113294","-0.24614751910504","-3.674603246676","-1.18420401983505","-0.59205305818836","6.85255866612816","-1.33351720655132","3.08933045213078","6.28953182164445","-4.66820362825789","0.150136839504414","0.949055856386776","-4.36950779578043","6.82474228601102","-2.10823046245625","0.0162869004363051","2.31627919816453","1.11124569650745","0.289185885046494","-3.73915217309508","-0.734243747998246","-1.03399424856703","-3.77308307872637","-3.06596287490323","-4.13665807881369","-2.87273375069219","3.10419792673056","1.53279854749814","-4.15575084196451","-2.93507263972271","6.98400329159395","0.129333289929278","3.29829068422055","1.40680416546279","-1.34005814195909","-3.59879583838926","0.0569344594325843","1.0139204915448","5.00307264896004","3.34346584278534","-1.77469137498153","-0.559148345580432","3.50961920990266","-1.43702282739594","-0.786298627565353","-4.4399951437123","-3.56372610366802","-7.02685432547071","-2.17182351308983","1.14227838618837","5.16564512540236","1.03363444992535","-3.08702967261426","5.83275856433629","-2.68756430879654","3.72094464714898","1.13476854639745","3.36441871878771","1.68566824091019","-5.83799684114618","-1.26727388629313","4.37076711052603","-0.122832181499315","6.61564192845891","3.13441906202582","-0.853285012006757","-6.79675270585262","-4.45501348027758","-8.85737160012758","-3.98233639059107","-0.340663750720195","-5.30205056156615","2.44965947478222","0.194209048491773","-2.88272346871057","0.804017336511216","3.79188009020033","-6.69255330911722","-9.19099521251362","-0.745283710009859","3.46785716855764","-5.40690726816648","-1.06165516169897","5.30500817828051","-4.94490056832599","-2.37208083542575","1.45937597832329","-8.30448546081201","1.55395871452819","-0.268724819132631","-2.47280441535482","3.37878121319509","-5.02245725845755","2.87138405588529","3.01178015094256","0.971673854811211","-0.681691372287629","-7.85044629612333","4.72301640525479","0.385391012022121","0.734728563396727","-2.69930570815745","-1.52876341265832","6.33185143939617","-1.9616965017471","-9.48086228632849","0.988559282476226"
"Random_Index6_32_0812","-3.18606332155676","2.07020019358874","5.38675128178185","2.89828581128563","4.67340414429112","2.08928931702594","5.22701762215842","-12.9063004703152","-2.72961136960668","-0.24304432220132","-3.72248117169058","-1.18874682165194","-0.513927611911717","6.86337427376896","-1.4128490995261","3.11148275894197","6.45041884972085","-5.04584516163949","0.331726442423845","0.887391972450789","-4.29077011260934","6.81383011262072","-2.0393989442599","0.137645662827577","2.06884102626537","1.33919798762206","0.538688099355647","-3.85282661344076","-0.624267485177632","-1.02206250348378","-3.90467429281044","-2.98087661390193","-3.87278302148363","-3.01543822614938","3.09784993644612","1.6998334468819","-4.35024020087224","-3.12206365631497","6.99149295384005","0.0781750603343169","3.21294109622269","1.42245437440215","-1.38619762235506","-3.54043388986405","-0.0518155886257466","1.03645837692514","4.97345587915429","3.17207786230979","-1.90666238220766","-0.782362109762795","3.40798484424271","-1.40279097708482","-0.671710557525151","-4.48012003471874","-3.42053896242204","-7.24705292266439","-2.12241102958329","1.1990925134014","5.03083924480696","1.2148972309494","-3.28276278761965","5.755083723282","-2.97815692649985","3.57530846985913","1.20459913435749","3.56106314263043","1.74247469214082","-5.7392944397663","-1.13594564214061","4.32686829051011","-0.12345542671893","6.61661663546463","3.15919435346074","-1.12584878368634","-6.85772852913747","-4.47778061595457","-9.29111042586392","-4.050811524315","-0.459887009703219","-5.33884450269646","2.31422193858865","0.317721802839569","-3.05065656824691","0.678263913312436","3.64215243992878","-6.77442860109325","-9.08591516613112","-0.739443820648429","3.51913371991417","-5.5735018784953","-1.31063921171494","5.37977399286929","-4.96891884845633","-2.52094174195515","1.32863711543082","-8.54989469867072","1.60132781242845","-0.378298992138527","-2.18917111145087","3.47996971233082","-4.97340594341802","2.86492584730923","2.70206392574673","0.835966539391256","-0.741066185541997","-7.58763579569805","4.62294076692522","0.339116690754213","0.673363258777989","-2.61265899786864","-1.75103947415626","6.2393889939326","-2.12140074862481","-9.75903841188377","0.957384976927358"
"Random_Index6_32_0813","-3.37686752429642","2.42875216368542","5.90734070663797","3.61340173883794","5.08735879922792","1.96315650676261","5.0952513196594","-13.0656261715682","-3.16133198703464","-0.52758855191198","-4.0779466633467","-1.40684925475013","-0.880857981513281","7.07321445180127","-1.50376495683348","3.1381552457993","6.55726101944852","-4.85587599157046","-0.0616946564188168","1.08459098086692","-4.36198641647189","7.23777838214076","-2.21519300497817","0.0775280705870591","2.52091239652683","0.844846658824963","0.407880851290279","-3.87814204341249","-0.540987072349288","-1.17985901703924","-4.05763239071894","-3.25331208119179","-4.25166290223566","-2.91954637012978","3.25884739709974","1.58311208904666","-4.40225208654164","-3.08387469253248","7.45542349044179","0.0489936995031988","3.51468227558875","1.3630484072535","-1.33566929389647","-3.62042185624127","0.4721939150611","1.02721839863115","5.25142458838668","3.60467857205124","-2.00687311840795","-0.381808411301808","3.68394203501128","-1.69061947029215","-1.06892266073845","-4.44474184459924","-3.88522839946565","-7.25578042692561","-2.13774224589374","1.26776804712039","5.42815305577672","1.10739991228036","-3.37222388019981","6.0614011912288","-3.03212849743264","4.00856986172347","0.955868320675973","3.61115085292249","1.33687072114711","-6.0786946555773","-1.26439645011416","4.65631113259716","-0.295070401420724","7.08822694030038","3.44471664005602","-1.05708580499662","-6.68642602541338","-4.75264082357451","-8.73410765445139","-4.23586768853173","-0.648087242843687","-5.11914549676342","2.78621042273445","0.208614399867956","-3.04368890901398","1.1404142300079","4.05290599292915","-6.92053481736213","-9.43073972290674","-1.0230438866095","3.79479676571139","-5.48355381330624","-0.854284091047026","5.4720605155997","-4.78418570176829","-1.92475234686629","1.72556429834324","-8.35028334569174","1.73326925096511","-0.563024473977773","-2.37169234634634","3.64144032567284","-5.04030550600485","3.25620843708793","3.28962214776645","0.78886627579766","-0.795568519465927","-7.65486793164741","4.95056043183699","0.233926226410107","0.766525310611156","-3.10858643496249","-1.45580474940045","6.44956666839796","-2.37781727959082","-9.63648961772065","1.00548819203693"
"Random_Index6_32_0814","-2.91215181446883","2.20719375349831","5.60568764826846","3.18545839941008","5.0400327815917","1.80723466138576","5.0073219618236","-12.601401132646","-2.9808937907316","-0.320518226588273","-3.74217825394304","-1.01548592528021","-0.63204343419659","6.99183420655172","-1.4327672361164","3.21479682019612","6.17320890860452","-4.8967430001854","0.241100225154097","1.05126163771744","-4.18328080964335","6.8602884590592","-2.11519762996844","0.201150710479482","2.32130643054957","1.03597014108138","0.533808079243786","-3.70095048187659","-0.53336961931011","-0.987144606529846","-4.04696729341641","-3.21961598958263","-4.13965808907174","-2.97158015111885","2.8754622101243","1.66429261434495","-4.28611097515268","-3.25654290092327","6.98642291530595","-0.0508175992031722","3.33958047095198","1.37655359774166","-1.13915391474501","-3.67387059122122","0.145104155157809","1.0157075388779","5.19522885372196","3.28331847149562","-1.88223358056438","-0.737386848120277","3.66160829430642","-1.20949192928741","-0.775924783364877","-4.16542660543107","-3.27390843698055","-7.06547421506557","-1.92849863399889","0.951462801312131","5.04667829668067","1.23705707789876","-3.44078245964629","5.8375976023347","-3.14577435112287","3.67316374474442","1.02979786477518","3.0332410912401","1.52448397944492","-5.7262947902811","-0.969988770574103","4.42605771391975","-0.0199851225290532","6.5774224485426","3.12765464555509","-1.16055977895871","-6.89297378442963","-4.43768274329569","-9.14844127335566","-4.10269908927584","-0.571429350515308","-5.13805742788305","2.30975098926321","0.141333144393364","-3.22217331564887","0.904762538066053","3.75244569589542","-6.92764971851289","-9.09647662862798","-0.86226910542839","3.52945415308138","-5.59739865578201","-1.30255413106602","5.46738120876843","-4.93854209475379","-2.25488912088696","1.52079790711294","-8.41141509803359","1.82763057491379","-0.504250213103059","-2.21934922679692","3.37642572999675","-5.1907470195906","2.66731017770085","2.82597376828048","0.602028101687259","-0.792327407167542","-7.57362567797397","4.57896322378277","0.0443229030071791","0.82210601699392","-2.54353766130522","-1.66999835099328","6.2089317243678","-2.08827427687617","-9.62198886230534","0.576187597524492"
"Random_Index6_32_0815","-3.31250408734246","2.37893599009867","5.66835988862444","3.22616544392424","4.92124844565093","2.11619818384828","5.15199179268015","-13.1821345432152","-2.7781573080278","-0.275798845271962","-3.70253243381494","-1.15126805119005","-0.72511370324653","6.92689274264697","-1.26923205430869","2.82461001488393","6.72610710312547","-4.72156969196795","0.238594030433209","0.662251353357808","-4.3900907196673","7.00323994248059","-2.01740133972391","0.00695238718224069","2.35035593115503","1.1221343358021","0.16899712194283","-3.89030901699257","-0.648166618507131","-0.968985187005282","-3.75156525672934","-3.22294898978669","-4.0675207437045","-3.02861595980593","3.55448538028479","1.52669082991858","-4.28152855898955","-3.28765930568367","7.13338828439869","-0.0539898204089133","3.4221749910873","1.37582037224446","-1.32154106620438","-3.76034177806156","0.096512559904132","1.05450307643145","5.34203136611719","3.5413234548087","-1.96809441425717","-0.469911503357741","3.43194800591697","-1.37631841141446","-0.630347038129618","-4.71878844089404","-3.56190514581711","-7.17710577281188","-2.21707288534693","1.56026793732864","5.33343193073395","1.02690548686695","-3.11035298044526","5.90853034336512","-2.76090137921994","3.78057269789629","1.02581177114754","3.68134183686666","1.57120177180736","-5.67615237802083","-1.09510553637934","4.56806267308406","-0.286081792971559","6.75909313149","3.32320378223233","-1.30743171871854","-6.94810595805447","-4.78588193358668","-9.61319191216412","-3.82485955979064","-0.347505023932723","-5.35154349000925","2.76739496575309","0.241115188288061","-2.9642103387275","0.703221144706361","3.89010734950184","-6.67080891551055","-9.41459946025931","-0.737898959767646","3.6799759599147","-5.65616431114126","-1.06944053398989","5.15657795167076","-4.81172152621881","-2.33490308220997","1.32942669765349","-8.79861479268332","1.61134335422214","-0.315260886040174","-2.38172077869612","3.87543957451686","-5.06129746879507","3.22611352524076","2.98859835029356","0.626047209755003","-0.767307135279783","-7.60265039171054","4.83519300288039","0.397405605662674","0.990838754842574","-2.78855938575478","-1.66602516511804","6.55495710062302","-1.95423394254325","-9.93368822768566","1.01728452011625"
"Random_Index6_32_0816","-3.47319140688448","2.2280163810939","5.74939064857058","3.31270157983756","4.78498974143462","2.30447151251251","5.34043449301175","-13.1394259679192","-2.88716721980846","-0.368753733756553","-4.0103315935669","-1.42024193217267","-0.864616100513559","6.96090693276454","-1.61621853588688","3.05126453164148","6.68569603674784","-4.54952517795162","0.166691461571937","0.803985424534914","-4.48746336553035","6.98788554013935","-2.0068265898328","0.131070043661127","2.40956652909036","0.917015677244618","0.408434166373376","-3.87164907156142","-0.716295392430007","-1.08762850872224","-3.85264123458627","-3.36728563514864","-4.14328842119783","-3.15758947453932","3.36520551080182","1.54321224546282","-4.18315116266909","-2.97083915803465","7.26813900009126","0.0761371410412678","3.55389333603634","1.39074410194815","-1.43455687418849","-3.70032977242572","0.0992978509816013","1.38033567408968","5.05427350808265","3.5428146242756","-1.79164062260388","-0.341958441736758","3.45773205954196","-1.519530715859","-0.895094418565108","-4.57716727938449","-3.86656595090198","-7.34807453470663","-2.04126135320772","1.31847351680218","5.24709348753706","1.34897817266448","-3.20178582487593","5.99229152929775","-2.83080418780624","3.71923902034083","0.933478912192235","3.59676899990923","1.62605897949493","-5.98948363656902","-1.10939974167232","4.48958040957582","-0.184831786888304","6.78076099300217","3.37029506837898","-0.976872657290275","-6.75635200170671","-4.92152898403874","-9.16266947561966","-4.22440931676279","-0.372098331851087","-5.26728730271678","2.61243516282074","0.392187383177198","-2.8052221057113","1.08033158412334","3.84494108639629","-6.84779618228835","-9.46620205211051","-0.967907516148088","3.66612668899088","-5.42437767520286","-1.018505111005","5.53383483236815","-4.93422951099959","-2.07203177714535","1.38577423729189","-8.6195040151887","1.54523290033078","-0.44694246358093","-2.25269768273991","3.65747418525642","-5.05876504857094","3.19035147332466","3.05873234940109","0.916612942436691","-0.646673373653363","-7.80879483416551","4.87014659907404","0.371780058909685","0.761937392630029","-3.14196809178788","-1.5821545529363","6.39305660700723","-2.2622804414581","-9.65405200904612","1.08910070936297"
"Random_Index6_32_0817","-3.20003327426189","2.22280217840049","5.71879418050611","3.18242331848533","4.84988122509832","2.0134863713649","5.13342540136529","-13.0763147543544","-2.75589360849231","-0.187547152923461","-3.69969193722388","-1.26721908542928","-0.548698954080257","6.8934835587599","-1.2955365018773","3.14917026431818","6.07683296351063","-4.69457188888468","0.307949436646476","0.821267005344664","-4.2019610614726","6.88445989947438","-2.16440834459322","0.131612140505187","2.51928844386304","0.967795006941711","0.285180906927282","-3.88854063378183","-0.551030639264698","-1.0502323730632","-4.02885691129697","-3.30859632328759","-4.3392450574275","-2.99738256975732","2.6294605555807","1.82183763024022","-4.28412560559799","-3.14705616111082","6.95849813495262","-0.0343410612214469","3.2954690553823","1.34945863140509","-1.55090348726933","-3.65961512521564","0.172628263110896","0.828308017859649","5.13457864833555","3.33326520596827","-2.01992685602904","-0.554102132309496","3.59248637627902","-1.41762439416269","-0.841627726481276","-4.45487230489582","-3.56740594773124","-6.96582231897318","-2.0734883925276","0.715215977409377","5.19210979322952","1.18320431316676","-3.22617213002198","5.91331811918881","-2.89917547896659","3.73107341810005","1.07938090094616","3.04114261466682","1.49480713387824","-5.87316424876771","-1.14166833232082","4.36963251750642","-0.362008832949474","6.45448032726245","3.11800029447078","-1.15358415474369","-6.80796234473236","-4.45956153055992","-9.15693757114033","-4.0182289540579","-0.474848892380534","-5.09032863445183","2.33959572176543","0.186018837104121","-2.92448625330645","0.877114759596287","3.69498831173473","-6.68525674171065","-9.15758072612691","-0.853964664831262","3.63125215188492","-5.56033351443076","-0.948560275328567","5.24716605918201","-5.00034224609303","-2.20723585389537","1.41570908562608","-8.39224886942944","1.70226752960533","-0.485018673204867","-2.27091904324834","3.01570429963068","-5.06657627835866","2.6020106292369","2.92689230632431","0.680812578093325","-0.892401880262795","-7.43194642509684","4.76067709852014","0.292874525998617","0.952650897860044","-2.84428100872707","-1.53868036091148","6.34421545261426","-2.01993245865199","-9.71119273751576","0.885253612147693"
"Random_Index6_32_0818","-3.01643008947041","2.05676052086669","5.54950023313164","3.04476540937698","4.83090437462299","2.21569844644564","5.0750656897653","-12.8259294412831","-2.66162471591279","-0.145107721204092","-3.53322061136042","-0.972792156887914","-0.451016718439579","6.65910043870234","-1.22496574961048","3.03510151898263","6.06418414378092","-4.82584588135272","0.492370687041285","0.77701632515284","-4.35667616807786","6.60753354887905","-1.84705174322376","-0.0401945151949777","2.23241032245077","1.2000312443031","0.158901429571615","-3.60104409461587","-0.685513592158326","-0.763314808165006","-3.79395576470313","-2.96795177876507","-4.0294098079363","-2.93004788914239","3.22824838745998","1.78373320794229","-4.2224476866679","-3.21903770155225","6.6034960835635","0.185738665641828","3.30256036484518","1.60845512244264","-1.36712515469019","-3.42998940689563","0.100317419049525","0.749731508793973","5.09550943377807","3.03169484017652","-1.71557857043529","-0.721884036563066","3.45414590549459","-1.19255699596729","-0.606890312027385","-4.45807659324019","-3.54191388934791","-7.00923254973019","-2.08588498392583","1.2246528843751","4.96546890946573","1.152684845748","-3.04889887347723","5.76487214968351","-2.65212069792484","3.69819990344474","1.07779740598578","3.27911511738646","1.60810510375377","-5.63295239343161","-0.811671376721939","4.2577798190116","-0.141586239147364","6.30072532534523","3.18299471134389","-1.10820216519629","-6.47828439586981","-4.2126521763643","-8.8278300116731","-3.8745429300822","-0.287076616831231","-5.18644377409134","2.42646590059891","0.407971938346068","-2.84546293518329","0.594560131359283","3.57937588693361","-6.41162168385464","-9.03514861437248","-0.694163812019598","3.39699107051317","-5.90798374308198","-1.09295523484024","5.13719305130972","-4.96991885511924","-2.22082536218651","1.17745493836288","-8.47749498454091","1.66879761263205","-0.101828618402631","-2.33167984971265","3.60572406390941","-4.94502250862662","2.89688767898919","2.80647328152673","1.01059048999957","-0.906178274452867","-7.51126869807838","4.39635927499288","0.465205082534482","0.699615594709969","-2.44644297088469","-1.66913456575996","6.05430916031954","-1.80788728530237","-9.54637119202146","0.985452674037554"
"Random_Index6_32_0819","-3.29241796703263","2.11385958388707","5.60919297681516","3.06057404741592","4.69428226492508","2.00488844930521","4.93644583965595","-12.7610931794113","-2.68962687961937","-0.412215384342907","-3.75899053529201","-1.10123282187485","-0.719487853230878","6.679054114432","-1.40255705549918","2.83394282659037","6.53732144404533","-4.48162534481486","0.261115292642002","0.780864090257978","-4.33316171693301","6.76666293094545","-2.09242445109063","0.120079482311111","2.39931637448954","0.952147629350919","0.288088484432693","-3.75224539990963","-0.67881135145468","-1.07622597393964","-3.63783515868628","-3.11473134117291","-3.91099666079674","-3.01571456701765","3.24014208714605","1.47429090096977","-4.27313797994248","-3.0414240858014","6.87178198219091","0.0411665424809741","3.19285070684072","1.22221066112891","-0.98846076996551","-3.30453419030728","0.0758675798388581","1.10662778638563","5.00822906096485","3.31582750176637","-2.02628893712806","-0.43844173420743","3.39706400959514","-1.33807282069229","-0.723398006512086","-4.47687511693838","-3.60698604804536","-6.99719590044382","-2.12040555945622","1.20522240883374","5.04751993896693","1.09910736716715","-3.14070743647502","5.68195168587457","-2.82486129720084","3.56177705135757","1.02704345890012","3.46749955930335","1.56560947089434","-5.54453290264315","-1.12497834537129","4.33660385729198","-0.262023931068638","6.63668220560451","3.28426960031714","-1.05286473400497","-6.66054442939302","-4.37721345935366","-9.00561545825716","-3.8215552771359","-0.382447908719949","-5.00783943874687","2.40118303904087","0.148102405708132","-3.07012034490618","0.697099214715603","3.51042921810894","-6.69355097404082","-9.20049772662481","-0.81230179674017","3.50717696500148","-5.55168955453285","-1.19679577007037","5.28896524579422","-4.84638647208315","-2.28919357216306","1.24049454927322","-8.16134334776961","1.68582230568547","-0.41780340062336","-2.20422156440206","3.48113808533476","-4.97411366357805","2.91201542371599","2.88723127633692","0.735323333147386","-0.572451833808958","-7.38518482693942","4.71955843519722","0.280134622199785","0.750192307389645","-2.75129758974244","-1.56404888724737","6.19788123888064","-2.04995237688306","-9.47531018546578","0.760225006543203"
"Random_Index6_32_0820","-3.31036660396744","2.14998575399029","5.59658885432141","3.04483306557513","4.87256525756047","1.92091032225344","5.20412410695824","-12.7818083336502","-2.83078499597066","-0.25996935876293","-3.80831867424115","-1.2602649036518","-0.612314610783515","7.01587631052014","-1.47081533920198","2.95496077750686","6.21485742284611","-4.80528746753477","0.220895105211044","0.850646182004862","-4.25463520100089","6.87232534802075","-2.18851616914667","0.0232518027339267","2.38401630712935","1.18316942738662","0.336117244606808","-3.9818779208273","-0.523880735711631","-1.08936053389012","-4.01877213160377","-3.0589734473824","-4.05378398598262","-3.01383857518031","3.09117810792358","1.55785446249734","-4.0665198750898","-2.99980524527806","6.99746247547875","-0.0739708838164723","3.31864931830724","1.26649888923936","-1.32154002983219","-3.71967524092569","0.17327139545453","1.12577535278766","5.07448741417238","3.36465841111493","-2.01065329989506","-0.644635326302504","3.5643183080294","-1.41524342402254","-0.714608739118344","-4.44890677639751","-3.3727440504222","-7.02368692004342","-1.93259516885543","1.04258456701059","5.11355646704333","1.41091467435242","-3.31637401375074","5.90089887829553","-2.91933677831045","3.71971444910988","0.990796959878902","3.37450208096177","1.5573131818537","-5.652584364477","-1.20849280935852","4.31248895577952","0.0302035915187622","6.61849268661838","3.17086190745144","-1.18226346533364","-6.82422389933227","-4.48799807776488","-9.20024791850741","-3.99451235167639","-0.369965485260098","-5.04083325685795","2.43337652089884","0.236199407422222","-3.08467673214981","0.777001778561981","3.77744442966489","-6.8033398890079","-9.26409023107447","-0.91019849104159","3.64529269477265","-5.59518295093688","-1.05370653640952","5.40919839427082","-5.02235242508448","-2.27284191998298","1.43757483877846","-8.45748347894052","1.64202559451976","-0.46113859709103","-2.214384863232","3.36185756374913","-5.15729673557629","2.81007634457957","2.87618037050684","0.673286192206663","-0.878980599268616","-7.68191008974132","4.76580064978222","0.209175318242223","0.89816995498581","-2.76963573593758","-1.5972330534442","6.35678239626936","-1.93115451194019","-9.73594468970787","0.804484488719347"
"Random_Index6_32_0821","-3.25297609274887","2.00589543405156","5.44061774542186","2.99395195097496","4.59678100454598","2.56376396262141","5.59715915283721","-13.1647402524701","-2.55038073008055","-0.151470186976381","-3.42164204321288","-1.0042568069566","-0.408046965389975","6.64322144575184","-1.21931626480065","2.97779125667426","6.32625555997814","-4.46378723739121","0.495357369384236","0.673740968029421","-4.37472648264442","6.52028220040224","-1.76359832024129","-0.326163714527197","2.43076999998489","1.40880216220694","0.0757054676384632","-3.58005160623407","-0.565915043363648","-0.719231712504479","-3.54163536577344","-2.89280432561061","-4.15730428032734","-3.23418275606161","3.37872845869278","1.78552168311798","-3.80683611048225","-3.05448872782275","6.77536251197869","0.386673077849709","3.18539710445883","1.79367250818296","-1.05017695581799","-3.33948979064397","0.176952634551745","0.882355773735414","4.9333706315141","3.21691557405059","-1.84918565532863","-0.6977601769157","3.22694725035228","-1.21472612659503","-0.434845142940339","-4.73875992064128","-3.72330178652253","-7.16709956670076","-2.47276034889555","1.46096812170476","4.97279866404338","1.2486309846128","-3.02191842385017","5.76336784269678","-2.56346006903788","3.62511250613768","1.13790104155374","3.70696677891221","1.93095120697931","-5.81482646864745","-0.960425946602531","4.09744831487862","-0.231765350556018","6.315939400973","3.08039534805169","-1.05093242965838","-6.59058914588652","-4.3072593679454","-8.97524934310512","-4.17991460817095","-0.0570723147252591","-4.99561622470148","2.36454736875582","0.51041637401202","-2.66369290942579","0.676741583995953","3.45467660355698","-6.57388385744317","-9.30563510290031","-0.588367560669561","3.21160174471611","-5.56638131569136","-1.21495388414951","5.02413593024118","-5.05626551246319","-2.20771803552471","1.12494014466181","-8.38140651819637","1.43592494875344","0.0139240446389867","-2.70952755283634","3.68701005781235","-4.85318166827215","3.08772253277146","2.65031092814147","1.11003942920578","-0.355812316384047","-7.77214472120286","4.49721942441755","0.650612021060717","0.77084990073242","-2.48711299936121","-1.79813373897973","6.25167114169284","-1.9879185399866","-9.63471410204683","1.2191020423121"
"Random_Index6_32_0822","-3.08733521987593","2.2092248935179","5.57605538180029","3.15711315935472","4.84624672416377","1.91236030142729","5.1843714353629","-12.8155799320032","-3.02080534148462","-0.443195185574036","-3.96125537888158","-1.23209137814891","-0.724928430139605","6.73332433467778","-1.58034606305062","3.24317654445876","6.12704473537897","-4.65421489844743","0.28387815425534","1.09183690104901","-4.26776504238415","6.71324226884337","-2.21923588208738","0.112053849554866","2.49001490804538","1.05841784092273","0.314397857170987","-3.93244575099604","-0.454659364931364","-1.10856313376579","-4.06824348893092","-3.24201067664587","-4.29858726762839","-2.8512065557388","2.8845375229074","1.82096001005159","-4.25157086718336","-3.21348923797565","6.86432469619768","-0.0454447870956407","3.37998701045665","1.20542600068115","-1.24471201294045","-3.58641701951851","0.110459276448136","1.10127325180287","5.16057108589864","3.16905026794125","-1.63643053868098","-0.651654926198824","3.39485063355026","-1.34497452395706","-0.798310383065183","-4.49503580369803","-3.43951862936435","-7.09909534337988","-1.83639222728112","0.881283943148982","5.02318510432721","1.14517710713391","-3.19476353708372","5.82282350585404","-3.01054455708113","3.47041153213732","0.995434508938292","3.22156996725115","1.59889071850287","-5.94609296715482","-1.09985881773437","4.27970484083663","-0.119700211627809","6.37499616040775","3.13709734581649","-0.95349519916266","-6.60056182320753","-4.38148011869475","-8.7839428074928","-4.02974000421671","-0.643908374025841","-5.1369865630146","2.34089716735068","-0.136082948559724","-3.23904929427876","0.965294740695289","3.52074202295317","-6.66274800297042","-9.32032252035549","-0.753011491003574","3.42342516971409","-5.59378105171603","-1.06749493460799","5.44105697154115","-4.91145357786625","-2.01264088049535","1.43351388920997","-8.34257873790355","1.73304716557317","-0.537361528849579","-2.37890810218295","3.27801213573341","-5.05995647437235","2.9280808216705","2.77835295113373","0.566681405178857","-0.567827530462677","-7.37286773300717","4.58928012696409","0.140018850360314","0.866074270669966","-2.82742178127875","-1.49177808417275","6.05677970888729","-1.98415308078465","-9.49293079107742","0.551504248663146"
"Random_Index6_32_0823","-3.09781078272769","2.0682153301691","5.45649495926375","2.94105920000941","4.82229734596801","2.09855609062065","5.27188101016092","-12.703621273664","-2.77413515451912","-0.231515048845543","-3.64739342403479","-1.06031652906472","-0.517891358025316","6.85953872521461","-1.35438006044146","3.10586206544467","6.03762154195979","-4.71437036390823","0.367995479001659","0.847877773729104","-4.26198551432371","6.62756169670549","-1.96195430640443","0.131534624143994","2.32122717766494","1.32975115656853","0.469201829835237","-3.68000968292461","-0.464930878114963","-1.00640715721598","-3.77801378984691","-3.00970102773854","-3.92096496620124","-2.90581069451331","3.01132127714765","1.82078188717641","-4.1596936074165","-3.13261236558336","6.70291804378379","0.0527641957955331","3.27930766677287","1.43640880526464","-1.32550257685714","-3.51253478508236","0.0835779061913904","0.919919546140707","4.95297212663342","3.10432337808949","-1.79201428497257","-0.693817762133564","3.52832877683646","-1.27642159157129","-0.550416741159686","-4.51730481607772","-3.37145394364629","-7.15444435449956","-2.04196513171386","0.981192745263768","4.98070075242157","1.31667799045369","-3.03369332095627","5.87963458935014","-2.84723154828429","3.64261306527647","1.19368949214984","3.13669468474168","1.62224854457808","-5.82924405029907","-1.03326542401322","4.24263707601968","-0.0419914863838123","6.33213195515176","3.09676052779082","-1.06298743967468","-6.85026850944172","-4.34133696054547","-8.90695328346056","-4.01907258719523","-0.42280524374266","-5.07469829865544","2.26781109601942","0.253507269733835","-3.01159212673131","0.74859331144109","3.51961791810402","-6.71831031739918","-9.02235603130267","-0.635301717471812","3.43033692062005","-5.72665518223874","-1.21117873239676","5.31110003478459","-4.89289375457405","-2.27029377822924","1.40281874441797","-8.32840666912988","1.73820704536929","-0.274670017426412","-2.17745542646375","3.33687645954845","-5.02028628803499","2.6697304684762","2.67464691322434","0.853230899658018","-0.785887615056553","-7.56918147633517","4.51509808186581","0.352707183322569","0.865823910659852","-2.72130367386077","-1.62355429659307","6.12939334481272","-1.94062542829761","-9.58896084870218","0.777310809077855"
"Random_Index6_32_0824","-3.1876036413874","2.29401580837799","5.65541533305691","3.23728413196502","4.81894716520995","2.08108446833579","5.02947037205027","-12.9100359045493","-2.8178388399948","-0.39210388742016","-3.81492018701941","-1.35047154370922","-0.611754654701557","7.03238516314787","-1.45263173636181","3.08379073342799","6.6352010441671","-4.70592835321493","0.121571231941893","0.99050273236442","-4.24508998215464","7.05410533251347","-2.0633487191854","0.156284349103066","2.23745618832731","0.965709146369441","0.45980598800764","-3.8352506432381","-0.494463970747261","-1.14440175394165","-3.93361671880918","-3.21363835214406","-4.13746034454828","-3.12607370306436","3.21916798527209","1.52082039940563","-4.22953024451111","-3.31365417243946","7.19722069216657","0.0418165364127806","3.3720588267301","1.28456306491949","-1.54573533763329","-3.59390105970458","0.00976587967596337","1.16105882525916","5.12139184111691","3.25661844023997","-2.06169499669509","-0.427929317999613","3.49194409381875","-1.52835150074114","-0.85596714166074","-4.74801702238436","-3.72132653813609","-7.24604086049953","-2.18068692452677","1.17002898890023","5.26747680959119","0.966305062837521","-3.08478697617078","5.8962092436819","-2.91670134933449","3.7804307866904","0.964912822155642","3.56069398414825","1.3695563510522","-5.93996013082144","-1.19211815531931","4.40913725538895","-0.273993706447083","6.75868610960701","3.29068576382564","-1.12621802958699","-6.78336660638689","-4.61991322629704","-8.98000188585192","-3.97676359164392","-0.588343998160204","-5.20708398163937","2.52796271352542","0.301785830049831","-2.99255940521993","0.948575685059212","4.04443559326666","-6.75557801580046","-9.13087799437547","-1.0618181179842","3.73100607324195","-5.27231854047338","-1.0391551408684","5.48527556693819","-4.87134984020603","-2.12978958912518","1.35824080435196","-8.62417294224192","1.57352032134992","-0.431971613312528","-2.2624274154806","3.47229619612532","-4.95489578515653","3.13816785247801","2.99204078556227","0.854057481307111","-0.782256123715371","-7.66958559632029","4.72718528119702","0.217171781948906","0.678792358781158","-2.95819977710964","-1.47060854944126","6.40372879993743","-2.06791101284358","-9.6432488442775","1.01404262942559"
"Random_Index6_32_0825","-3.20950865831785","2.30179802482716","5.7198610787216","3.27523336859827","4.72503142194709","2.29466589459901","5.31020709820621","-13.0568686953128","-2.6368848646392","-0.208959852530536","-3.64863186125011","-1.14416700443747","-0.514480449559478","6.82940132757988","-1.27634571502006","2.87281467577917","6.26092943873556","-4.6794005673721","0.267687476429317","0.568296131766907","-4.40305976609755","6.87916518202121","-2.14380859183401","-0.289814710880177","2.46476396881437","1.14479208935133","-0.0617807564633462","-3.84124753119811","-0.799087192475651","-1.09642748772257","-3.6777263644191","-3.06576644733851","-4.31228769109915","-2.8736882488088","3.14168914071067","1.5037276606193","-3.95499225804677","-2.99638340231097","6.97734939881415","0.08088181007646","3.51764136554832","1.38700988569262","-1.48248075218216","-3.56871745804627","0.0651030539397118","0.812234729121902","5.27916436229267","3.41688019165839","-1.71841692153495","-0.395582514716761","3.50622329347443","-1.32522395204229","-0.758822048525098","-4.67709774766043","-3.70358651380524","-6.92199166831339","-2.27326198405558","1.19770537517415","5.27739471848902","1.06531111783226","-2.96508051991153","5.96291900137982","-2.73562451432738","3.80426104596648","1.019178077569","3.33385434298645","1.46104754711102","-5.71312090646335","-1.01711787823659","4.37993449108072","-0.200699390268501","6.62519514735605","3.36526066924816","-1.1281815242469","-6.62159560593837","-4.4510312198579","-8.9259928296578","-3.80066705590563","-0.176007942678209","-4.96791154599288","2.7795905112139","0.266071333644735","-2.94867086485821","0.650591797798176","3.77989298762341","-6.62016177347541","-9.54041263984838","-0.819693205393745","3.58628603735799","-5.7735800790477","-1.08431498390885","5.01706323391893","-4.78894398948918","-2.39373737457843","1.07686410909855","-8.40122749690645","1.34968352716507","-0.143835389365013","-2.52452345706365","3.44541967329609","-4.7443149947984","2.95134858201382","3.09078388630102","0.824824297877929","-0.722802607142473","-7.44197573261391","4.84722197809556","0.407495276957961","1.00629075155649","-2.99251246008309","-1.47025519957816","6.42725653880204","-1.77571469938492","-9.7030935599346","0.950620917127505"
"Random_Index6_32_0826","-3.23823494433768","2.06760886787769","5.49431557557107","3.0794622393924","4.94297961703207","2.02130559116493","4.99093711325418","-12.8984076190059","-2.84012247092175","-0.331242679059461","-3.69785801756548","-1.0685789386376","-0.489248187498781","6.93788754468439","-1.29361351810663","2.98327526926917","6.39135499362872","-4.50048650207295","0.239008021731714","0.843916196083863","-4.45828717277718","6.92971076765161","-1.92794162135122","0.192050711604861","2.35347216738826","1.24722536967813","0.354828932997737","-3.70026114804743","-0.495132067694037","-0.975900137685334","-3.8386050316579","-3.01142474554367","-3.97605677065892","-3.08816088862769","3.23192879519598","1.73105442203373","-4.3038954914627","-3.22122651414487","7.03905633535359","-0.0141231197383582","3.20622192467477","1.35438228280385","-1.0137816218931","-3.63810390801891","0.160857820838562","0.990810375695544","5.11085253024939","3.2967491820491","-2.04933134188247","-0.544135654359321","3.50099861128796","-1.28039611764051","-0.706543909974484","-4.4491702301797","-3.42284724153102","-7.25781575308126","-2.00326752266699","1.30612882050464","4.99403890832747","1.00371117502789","-3.04136974148485","5.8531487720782","-2.80076758830672","3.64674585324601","1.02016384761894","3.50603408042358","1.47452834668152","-5.83312747037543","-0.736908996540932","4.42286666593731","-0.196965031839169","6.66030742473099","3.32039133551237","-1.11308219383672","-7.01621252968299","-4.61365947700634","-9.11575546945515","-3.97200146450281","-0.532260816032326","-5.35370522989816","2.39550570752507","0.1645985799901","-2.98836866270326","0.877857703679752","3.66808993398273","-6.64748239488897","-9.25743450203366","-0.742227629696979","3.58688347115278","-5.66634610276783","-1.13677118152966","5.41764348893307","-4.9718705229714","-2.35530494902348","1.50735169417266","-8.46292104033831","1.82688778017042","-0.458087442044654","-2.22219160037731","3.59637567837807","-5.09917979193924","3.01928447390908","2.86458525374791","0.717019440265753","-0.745138734358419","-7.62551988331119","4.72131377902733","0.226143237928939","0.914738489855224","-2.5878682868525","-1.65148504857226","6.19399862861794","-2.04184777802003","-9.5710599516874","0.671298669909917"
"Random_Index6_32_0827","-3.41552451313427","2.04801079017706","5.49959489668246","3.06642756452506","4.80453252953005","2.16240512571991","5.22330238538247","-12.9461293444891","-2.70369369721553","-0.347405133034363","-3.75964664611604","-1.26372666814544","-0.620375794252791","6.71329190395004","-1.51424242979532","2.77734690723929","6.2193330442734","-4.65876320966215","0.172274143469694","0.731339539770272","-4.25283902561455","6.78031369495895","-1.98421331900055","-0.121244565420824","2.37327655892721","0.973743532819745","0.393838544685507","-3.74641592953046","-0.76906705004265","-1.02517895005832","-3.70083231738172","-3.14700093358916","-4.13406337953713","-3.08683959647134","3.22618254472273","1.42128057378889","-4.15865171060985","-2.95477957870181","6.75563687543063","0.0512227939478615","3.22578145046338","1.30082414175675","-1.27089930243494","-3.52199558777317","0.134410974493633","1.07656389996492","5.00052673048577","3.26582403329826","-1.89523991628783","-0.613231545745393","3.2755726225747","-1.42288166557393","-0.826914550742481","-4.59219971891491","-3.74720625987018","-6.98094423010844","-2.08507211768797","1.35964457446078","4.99082723399625","1.11344238397119","-2.95963786657126","5.8006141765987","-2.71541654743086","3.59016959122482","1.03628009677624","3.37081091472846","1.51918322528345","-5.73533890530439","-0.877335531635926","4.2934163651778","-0.107965657336416","6.49442997184821","3.28225855152727","-1.07955139916544","-6.58661858053285","-4.53428045898793","-8.89192436313796","-3.68029090785758","-0.295624349189884","-5.2909486768798","2.41679643332908","0.0192240956812544","-2.966337716772","0.681704400188751","3.55370125517194","-6.59573192326237","-9.16884997309442","-0.852956978901132","3.4269765798284","-5.69614581319693","-1.11746740794253","5.20801688098896","-4.88819989029444","-2.35340895415071","1.24144738250733","-8.27961714430563","1.58313161334331","-0.437016597924313","-2.33080616863115","3.59440767567477","-4.92669285380456","2.85182768176816","2.78549573724384","0.74192155248153","-0.817928293577641","-7.50816751555637","4.68199522106424","0.294116228473926","0.683288831180841","-2.81808181553049","-1.53934678560038","6.29216708552847","-2.01659658424023","-9.43168261330393","0.855257859340118"
"Random_Index6_32_0828","-3.14860292228108","2.14667553369249","5.66497806318942","3.22601606488213","5.0138532305189","1.99631624546018","5.24537924939854","-13.1912395216079","-3.0585826532932","-0.358034647965093","-3.92393750989345","-1.31871112820901","-0.671120639271112","6.95141605214516","-1.45617486591566","3.42619429378269","6.3114601832579","-4.67563668783945","0.0970049295094652","1.03129751755196","-4.45743468092654","6.95674694395337","-2.170142190263","0.0607435583818343","2.31156078117709","1.1575534245075","0.399460921970509","-3.83620885765421","-0.49251017673327","-1.07115640341066","-4.06643696074081","-3.21179087911298","-4.1294078343697","-3.19903016455013","2.90120054622667","1.76972589188798","-4.32003987900148","-3.2940029904907","7.1534597259993","0.224667192350808","3.22103929458821","1.38382159857466","-0.968820772479395","-3.60208920215947","0.123737559047022","1.01868157777232","5.27234095608092","3.22743354399403","-2.01042425210507","-0.703343836681412","3.47439443967781","-1.32037785541543","-0.854824121649963","-4.27374335211798","-3.66240318701221","-7.26597729743142","-2.03548576937111","0.914278301115342","5.01316612183902","0.94523105895606","-3.14213242221506","5.84969850813715","-2.94228183581884","3.66597091204203","1.17064713023294","3.25161824734353","1.40028907088848","-5.87354908514281","-1.0069705163454","4.54742617323847","-0.0177795390049882","6.57510623076453","3.48486152483864","-0.83398561254505","-6.83987260180389","-4.64464130948124","-8.83447154720239","-4.24706664140968","-0.270655094883587","-5.20574880816279","2.39704426369006","0.00479796608925591","-3.2463807405088","1.05407935650384","3.64340523410283","-6.82398576061517","-9.27986063647486","-0.566986074282673","3.43560147751276","-5.66159512638892","-1.07589343714025","5.44329940192123","-5.00369722807192","-2.19863300281674","1.45227856764011","-8.33602204038386","1.79749031810867","-0.600431334685139","-2.27955403576236","3.31354090225095","-5.12475287461031","2.83602841849672","2.85451509925191","0.833820522596768","-0.621094701732023","-7.58344581333242","4.69851546386858","0.153416766789325","0.623857483217534","-2.60237614778397","-1.60760476684165","6.32930251879092","-2.11169498153094","-9.44461791746113","0.681419725109053"
"Random_Index6_32_0829","-2.8020664367002","1.98576630358703","5.5412530857587","3.0123632552461","4.98453312144002","2.02414351396803","5.00647407301107","-12.8754531610001","-2.96949497886434","-0.00648100521853236","-3.59940180203693","-0.874085379254309","-0.552573405303449","6.97996879893048","-1.26664049393142","3.23358105458651","5.89754428376162","-4.74771217416778","0.444950708479818","1.12081213531971","-4.3184158785967","6.88036055675852","-2.02843784069503","0.161548774690737","2.1760287303924","1.36254518263163","0.440054235410513","-3.69779591437649","-0.436140108422469","-0.841632539755314","-4.10080940164067","-2.91040127557373","-4.0449825754551","-3.06193306189619","2.92225913807524","2.02146431257612","-4.40067569889192","-3.26558437013136","6.72364236827223","0.17240552732689","3.20909094417861","1.61790021679861","-1.30158443310927","-3.68565089095533","0.0342103705807993","0.903156796758219","5.09393651401529","2.99774128961746","-1.89568813392015","-0.837040551921784","3.62475929399424","-1.03442268921989","-0.531911486269233","-4.2108552813263","-3.33648480440389","-7.2275635817545","-1.97438145043428","1.02292595342027","4.98961201321195","1.14984966865236","-3.13085302884842","5.73323594856202","-2.95788432188943","3.60526138728299","1.44507149787911","2.96863632250545","1.77802512682475","-5.62454083210856","-0.891989732080251","4.45792670730508","0.109043039699527","6.28604092395312","2.92060478876544","-1.14869389025305","-6.68759991112337","-4.45005142451198","-8.89485383385557","-4.29917276857252","-0.416747246927541","-5.24425498238907","2.22635416905211","0.235832241856134","-3.14055958743974","0.696041750311207","3.57685675767288","-6.7689466638521","-8.98768417382968","-0.646727123169625","3.32068440654304","-5.95490677050968","-1.18278209495398","5.37506279462779","-5.11283007519101","-2.33470347874964","1.54188199114774","-8.53594378079284","1.76255220596576","-0.285304708881603","-2.21911867186566","3.42023979798242","-5.0806110451554","2.68238327077591","2.69507362051223","0.853935698558395","-0.677531485212668","-7.6845489251582","4.51080027506978","0.224705840949464","0.526441585911209","-2.62591754103037","-1.81210068860477","6.09282450500261","-1.90765265949584","-9.52053549037075","0.89777903328791"
"Random_Index6_32_0830","-2.95989003698757","1.94734676603859","5.58337888851708","3.1819249410019","4.96112513340417","2.06818473639046","5.07672084076334","-12.877427316222","-2.80352749026668","-0.241319462016489","-3.688914130759","-1.2248576484192","-0.475165225350597","6.80941081542562","-1.55309096425113","3.20398072706957","6.19167613161399","-4.71054242225082","0.245398396910692","0.987016531389768","-4.42577548898067","6.83843859863128","-2.05369330749569","0.109839596885129","2.37116430856064","1.08183105894874","0.375930623787075","-3.70666570166271","-0.523462937750758","-0.964766789496887","-3.83255075984773","-3.18944819076338","-4.1883330863771","-3.0001108279434","3.01403592539219","1.77855861864125","-4.18332689254801","-3.18175184258165","6.87444976029029","0.132765913289823","3.32438370121145","1.33271384773769","-1.21556078640149","-3.64734499612212","0.197891765975547","1.11753080484817","5.24796436275623","3.24622160357004","-1.94339215306004","-0.544096399047173","3.43682175627825","-1.24043765680306","-0.828580144473421","-4.35748743321805","-3.58392889981062","-7.0502972272855","-2.05169829400323","1.08179175013096","5.07942872166794","1.01031490504693","-3.21771591388394","5.7803288729956","-2.79744077333784","3.64773323381268","1.14140278838904","3.27386951926948","1.58975086106442","-5.87073143401075","-1.04914127260719","4.39283610562696","0.0141586720198589","6.50287687501354","3.21631577153339","-1.03060565465605","-6.92518287047591","-4.5629140594969","-8.95657277673874","-3.99903290906208","-0.360991472223747","-5.23263222134186","2.46283821755757","0.265357249605793","-2.88925726105987","0.889368253643512","3.68699156769427","-6.55995204669259","-9.1609474973793","-0.80949438391529","3.47013492961304","-5.63762269195634","-1.04593659954423","5.39467025611613","-5.08965184759282","-1.97363163246673","1.49176292351637","-8.46622089853529","1.70241990438054","-0.414095508903269","-2.34346470294288","3.40048753353898","-4.95638035167977","2.78136630527515","2.93515291834268","0.749645216689473","-0.698003851537676","-7.42545867102485","4.72563422012514","0.271426440325679","0.703096362760577","-2.7645912752823","-1.70409034380032","6.27281216227764","-1.96221924253565","-9.44340244675883","0.867717532668887"
"Random_Index6_32_0831","-3.27721012057904","2.20071623657455","5.36439537018071","3.1316254329597","4.68510197811029","2.08689131648252","5.15019462320902","-12.6855414341203","-2.97409016066996","-0.363918399550036","-3.62471091792011","-1.13445361489408","-0.617240516258365","6.87735795052227","-1.39005622925223","2.94427608338216","6.35155177000444","-4.60987862653006","0.27861335379969","0.733799655104037","-4.62753591179918","6.87997071403487","-1.90380812545162","0.0306905162734814","2.25188196369074","1.11853681071739","0.256043521884886","-3.69159951731841","-0.665055365852281","-1.00316016775992","-3.72981244513289","-3.05024848351383","-3.90129791877201","-3.10336103173734","3.24021288665929","1.4822724284851","-4.17493949423085","-3.19349114887913","6.96547772893787","0.0343566997245137","3.23751020799336","1.41760876424488","-1.2543232206626","-3.57248434856507","0.149844002290827","1.05265636981566","4.88725658170227","3.32171626161667","-2.03324600005871","-0.591489093948127","3.54947834246002","-1.24292119742781","-0.709462918245742","-4.59746898319596","-3.54955863398659","-7.28984069732249","-2.14423957708076","1.37577166667219","5.0687814153234","0.927959655698983","-3.17701889539075","5.76262129662027","-2.63317914632699","3.66761170029944","1.08986141113626","3.45671681997091","1.66468845393442","-5.62294667513461","-1.01323623669785","4.30241922584814","-0.132987806742823","6.68276418222254","3.13612051635414","-1.0084414909844","-6.87896698721633","-4.66516011786512","-8.87331610547045","-3.9318065941476","-0.58345670751719","-5.2792941932798","2.50826247418914","0.25557986148814","-2.83276667686912","0.712168518781028","3.78505012193746","-6.80931694917494","-9.06935480368897","-0.787863365662928","3.45317761640927","-5.74433377660154","-1.02756089692482","5.30496517439979","-4.88447988601509","-2.32387507600026","1.22751159084513","-8.58378288287697","1.59434909082351","-0.449628425576054","-2.21743147710594","3.60167472746972","-4.9197078195619","2.93115170750539","2.91544956899023","0.714191720304362","-0.975688299200867","-7.80693411207987","4.85628196995491","0.437156488951697","0.65760869453482","-2.6389617920194","-1.62580827742736","6.37070648575944","-2.29970763455961","-9.52145028132141","0.982574427281905"
"Random_Index6_32_0832","-3.09464556112344","2.10781190432508","5.58773438126849","3.22234730646315","5.02443550384593","1.97868420929318","5.19450737659069","-12.9247660900351","-2.94065775895221","-0.298845283908859","-3.68868951681679","-1.21410610168942","-0.627634653566575","7.07353735371144","-1.41964566031259","3.25862440434711","6.38857042946036","-4.79755309098589","0.280381129817103","0.974374628662625","-4.33940290463465","7.07631106569884","-2.05074856951564","0.377538944291875","2.245425875969","1.13696125688913","0.542918565939203","-3.76459876259136","-0.349545460523235","-1.04472879052006","-4.010085132522","-3.22223526337569","-4.10777018145285","-2.95947099946267","2.91193605144072","1.79691710422748","-4.3914927125059","-3.32231703809788","7.1618009382903","0.0561139943007199","3.50634188082407","1.33829759268511","-1.20814702481996","-3.64471053468005","0.154739200919457","0.912609950482015","5.35015280813915","3.33924430178846","-1.99557822434349","-0.727819984073265","3.6739365189419","-1.28671792800495","-0.794717430854843","-4.54477407167282","-3.5789763628361","-7.35602822826543","-1.98529214608033","0.978352765455701","5.25404688922077","1.08540055234716","-3.42400849506606","5.82427718864862","-3.08746841323691","3.7931769675272","1.13663298094852","3.3093215590214","1.57857145726134","-5.88169384912315","-1.14535636466159","4.6163969499078","0.0434812328684428","6.74151118808586","3.32011063228921","-1.16187041901737","-6.98982904011542","-4.59641754827558","-9.42380907191771","-4.03069115957781","-0.489119321959999","-5.3446748979285","2.47383457652109","0.187722116098434","-3.18339329202126","0.746510807732635","3.80892104019393","-6.77708424124366","-9.07467717072999","-0.807433700575747","3.64901461534355","-5.56178539733046","-1.2243986837619","5.45784882164053","-4.97470697880774","-2.17792784679983","1.54488522589904","-8.54855980592996","1.8229504272465","-0.548666541364747","-2.11686952946259","3.33336145916448","-5.30277826092486","2.80917050424708","3.03656869496612","0.653163619799179","-0.780420469128641","-7.52937449783526","4.83188805972287","0.17134505485134","0.832587799319228","-2.83485505234749","-1.52208464135258","6.2640748126595","-2.01099331673912","-9.80858630919673","0.699941468866176"
"Random_Index6_32_0833","-3.48555850500092","2.15113849928552","5.57507721644297","3.23297799307514","4.80714369086099","2.28736185808511","5.36149164743413","-12.9485268688439","-2.59838911213091","-0.371365826699766","-3.7314389216873","-1.32062428889138","-0.547496945115186","6.64490288165297","-1.42003142565028","2.68976187521921","6.12009912694436","-4.7429034703145","0.170561815404899","0.437881362941147","-4.32158265682019","6.74007238930343","-2.16373810175983","-0.206475124149871","2.53015293377176","0.987759878310572","0.0331113466861195","-3.83956296400966","-0.792290528147308","-1.07878851319647","-3.70075928642369","-3.30050207783407","-4.14057178981874","-2.98696445532111","3.14407919545963","1.51085945167169","-3.78810666827503","-2.92663136323722","6.81049950021538","0.0145418364700973","3.41762061030439","1.16305054352234","-1.39823954256677","-3.51917065279239","0.219379174833909","0.897535381578321","5.03366526974821","3.47471069383843","-1.88430576258043","-0.294208014731914","3.51295537776002","-1.45480742030599","-0.910659863747483","-5.07952190537434","-3.98701599331122","-6.83364784008692","-2.44871181790714","1.22411476291866","5.25920429302033","1.17479810544301","-2.85834159135253","5.95501786430755","-2.63882696621345","3.78682647613868","0.787894229277127","3.42200749679232","1.42443686951973","-5.78586332125626","-0.881492075791329","4.16394149316631","-0.448982338818123","6.50719852098505","3.2837459464865","-1.0451180746279","-6.83516813324519","-4.47180386704141","-8.99390112217245","-3.71712192567693","-0.210455912648303","-4.8508329578263","2.56696496412481","0.0462228672393996","-2.86346715993578","0.590522550709034","3.64467267893842","-6.35649354704666","-9.42908668177981","-0.924094495201884","3.58812116392019","-5.57161809110517","-0.876552267846865","4.95561468580189","-4.76060859394946","-2.38927957018819","1.12825454128797","-8.22085062492967","1.48657180006106","-0.363548104992841","-2.47045958085927","3.32096911329184","-4.89594751494243","2.77520812274057","2.99741851088247","0.792880576993458","-0.785927208921139","-7.50017277528598","4.87954896348809","0.191726916252554","0.817676252728728","-2.9304863994409","-1.44497119744388","6.5015772342379","-1.81130951625858","-9.52972725362091","0.847235543009848"
"Random_Index6_32_0834","-3.05925891380617","2.10493468734336","5.44271630148553","3.04439591410612","4.85557752585218","2.16843258364","5.1007319183754","-12.9119670088435","-2.65796462499305","-0.389106623148018","-3.77552253397909","-1.22718593573547","-0.596935166407914","6.74454907635097","-1.43720174771761","3.01406079035116","6.22030013935746","-4.62573712798765","0.25341836539326","0.789778733137976","-4.11244054545364","6.69091831499519","-2.076576706589","0.0750997652592089","2.45049180696522","1.24474166374924","0.412124720608104","-3.84609245965208","-0.555666664388649","-0.978979187372153","-3.70064712561687","-3.27970940769634","-4.11342360361962","-2.8771922082542","3.16804713488932","1.70601824751317","-4.01441493797039","-3.06522605864652","6.77852473563689","0.15097603362651","3.36586672490532","1.42052699663175","-1.30076394187708","-3.43219421613339","0.257716856462975","1.19418620580827","5.03900679930648","3.22775104863762","-1.83623182844438","-0.487724845127124","3.35384946629915","-1.34135862441877","-0.775913203507235","-4.44614041419544","-3.57739187310656","-7.11477730971392","-2.12919001431004","1.07330377044405","5.08672825781369","0.957518205220908","-2.93003331324183","5.84131604985545","-2.83915168759249","3.63309436363092","1.03131045223229","3.29407263981948","1.43618100930917","-5.59671043612904","-1.20936739476068","4.38806830903753","-0.408947807997487","6.41026790996267","3.429816474499","-1.05089299011538","-6.76551494607196","-4.4053953340649","-8.89688811615595","-3.8540444687473","-0.22283153690825","-5.31257449667095","2.33163991528916","0.214935782559608","-2.99337460267293","0.85545983077859","3.42032989379249","-6.6121347605113","-9.13619302137363","-0.804709808765506","3.48005492943888","-5.48329098305171","-1.14579311796758","5.35616018764303","-4.86113056063832","-2.07039977197254","1.32604832657782","-8.30071211936955","1.69333633604231","-0.247552236274841","-2.26008650953015","3.3798189185401","-5.03999542661619","2.84330405524346","2.70341050392189","0.816917069633284","-0.613860870542223","-7.55655316847038","4.50218904710645","0.27353546067942","0.78113970431737","-2.70511389564657","-1.65137629643512","6.11902282577902","-1.73568332153834","-9.57745642351768","0.790950017450189"
"Random_Index6_32_0835","-3.16177256401528","2.08830277047582","5.52985072089567","3.03338524824895","4.81952024824688","2.2877533324614","5.32417534908039","-12.9710232291422","-2.60573450043112","-0.351598982208401","-3.77299028201237","-1.27771096120664","-0.563200500813423","6.68619640614499","-1.46294803299887","2.88423250924369","6.44383082800552","-4.6425794155032","0.130939186318045","0.695142302973662","-4.48518842320844","6.76051353620732","-2.06241256565586","-0.130888285743498","2.51467012353155","1.09917474650689","0.196906920247937","-3.79628720299194","-0.782536273457669","-0.886936791187893","-3.74869252201685","-3.20398515030114","-4.20965120523204","-2.99735471732304","3.22300569909125","1.59929677103376","-4.03283339130409","-2.99571679280384","6.88226113627983","0.105799368743277","3.33302679126048","1.33180131461804","-1.36950669358779","-3.46924389284758","0.0803058937363329","1.04607308456692","5.10979240857771","3.38516466876518","-1.88073822060161","-0.477249934828323","3.35737039047411","-1.37041512393617","-0.77279547809464","-4.73474593721275","-3.64674419359634","-6.94626857197035","-2.10453887292611","1.21653491457862","5.15012269289658","1.17459511765946","-3.06915870181308","5.80936402653069","-2.64556749198158","3.73949279953173","0.980242122226246","3.39434317096845","1.56609189630453","-5.74338331568597","-1.0634372657348","4.30631467407584","-0.22365057193653","6.59266861589562","3.42290953872105","-1.13789717453049","-6.73634862052513","-4.64234770853467","-9.00299864288658","-3.83294006477551","-0.243574485120336","-5.13185196597587","2.58558467784554","0.238718476337713","-2.83913528716564","0.810508060511296","3.63785827590083","-6.55803325017038","-9.20787603592968","-0.84603169154721","3.55790495561041","-5.73350879230944","-0.962034772246578","5.22154440273157","-5.03411764752199","-2.40110477901044","1.22364972642024","-8.49772070761746","1.55157765741743","-0.289129280322132","-2.42205174194818","3.48566164968904","-4.92144439335446","2.90317824277219","2.88274853174255","0.808298873562272","-0.851378909141458","-7.53596828270721","4.83465609777221","0.35429129767961","0.85723118222784","-2.87250119202106","-1.64039600862025","6.34299998830598","-1.8590049867493","-9.60973886138259","0.969070013144909"
"Random_Index6_32_0836","-3.2542096873472","2.17452387671952","5.55393274161205","3.09426672080719","4.81658705142624","2.13048304982563","5.49389995537914","-13.0277844518286","-2.8554541169321","-0.253786363085905","-3.65967262660868","-1.18765275093628","-0.731933345037463","6.73683686754905","-1.35882784804046","3.11611854620814","6.34876553415473","-4.85059187716419","0.199107020624934","0.833681314052764","-4.2816049176144","6.87673231796111","-2.07162820867532","-0.116209214658222","2.25785198153265","1.28983617580254","0.292488188399243","-3.85897235412357","-0.654856874901725","-1.00563783564933","-3.85209909439104","-3.04380644306018","-4.24926185735062","-3.17376339654217","3.15160163560954","1.52079210617148","-4.25690474898907","-2.99100321187933","6.99936471980156","0.165241111211262","3.34677771898406","1.41870155811561","-1.24457804145013","-3.64329021451885","0.240529881248374","1.07888976311099","4.90032632420378","3.25437080138693","-1.91865022249631","-0.748468112915758","3.36035827145894","-1.45683284742333","-0.839512056048838","-4.80650374997478","-3.51642914763415","-7.26725457445295","-2.23928158649288","1.15913058538474","5.00147735033825","1.25220276808689","-3.23837732361121","5.82712006428186","-2.99362647697794","3.67770234160991","1.06770757272043","3.47137046384848","1.65616069794545","-5.87897766565933","-1.28662604144477","4.45731733555648","-0.186772144422119","6.50044641949358","3.16768986527048","-1.01375327997059","-6.82709545638616","-4.41765899070632","-8.93523746740699","-4.1824760086201","-0.30753343984471","-5.37144498042515","2.39800590085543","0.29239911835895","-2.97004962480026","0.810745103965789","3.64440086766903","-6.95930715084125","-9.25221042835514","-0.727264708711963","3.36887576633404","-5.58748042848195","-1.23299766048741","5.330025051073","-5.18973964855135","-2.24994330537889","1.33139088998609","-8.45182216955958","1.56490042655944","-0.371969440487805","-2.40151197195657","3.40555450879402","-5.21163033478014","2.93075521733538","2.73112522426214","0.757994037259236","-0.556679894574684","-7.68018308693255","4.63289396868682","0.324008734364458","0.697719934382233","-2.86978264747396","-1.76837715926064","6.27198198683034","-2.09739028124203","-10.0279513299936","1.00341923011237"
"Random_Index6_32_0837","-3.1014843589669","2.02902907561691","5.48598703449392","3.21284701056929","4.68231931648388","2.05066089872709","5.15271799041092","-12.8185146070818","-2.85491940025981","-0.270029519147894","-3.77410121284495","-1.07279290677094","-0.492188094212147","6.92476607934885","-1.41414724457478","3.04216158956687","6.31017642601514","-4.46423408738415","0.354180024720206","0.707772943285496","-4.44524360502161","6.80747705037377","-2.1821351579535","-0.0908941469483018","2.48588412897502","1.29228172626388","0.485656146285128","-3.91529480190857","-0.478399644688997","-0.825233092151942","-3.83059749536825","-3.05866317575845","-3.84649875112752","-3.31538575759143","3.00338563774834","2.01340309715783","-4.23143134754204","-3.16272858120674","6.95252978882407","-0.102787214612041","3.24897243853462","1.35151286848857","-1.29905938159809","-3.63698987273025","0.101622026984447","0.640514069828525","4.95439499915346","3.43678621636382","-1.96502938716721","-0.442814694557102","3.54968476113953","-1.41768608559647","-0.619427803026914","-4.56740494936747","-3.51730687328981","-7.12104353776853","-2.2632430123837","1.00672137923784","5.04741743387612","1.135207686895","-2.99876265501139","5.82013400182283","-2.89664252803367","3.72121779896393","0.979183968596966","3.28044898979819","1.79291198179673","-5.68263680647181","-0.75123810512989","4.25778256703606","-0.197053922256864","6.68817163652813","3.19289680207783","-1.19458810952384","-6.79474295213632","-4.5465597042923","-9.14422918775343","-3.98894266553645","-0.533038187621192","-4.94332538034079","2.48776637111182","0.201041435102309","-3.11633590754064","0.782191513433269","3.71939284075011","-6.63015070051826","-9.20959713651318","-0.725456403176349","3.45416676342628","-5.84836357847691","-1.05288805306517","5.14054541516945","-4.86024825669743","-2.2749987439287","1.24565555407418","-8.49968226894391","1.72052288796912","-0.444431164444283","-2.09441621395329","3.36149415284423","-5.09542709163963","2.83082913562984","2.88352163511198","0.648605442455006","-0.777593492616208","-7.69905195225529","4.84602236297736","0.205909452692474","0.864629523389211","-2.53814559796495","-1.66745157893733","6.40133999183685","-1.88354187247886","-9.54056989598829","0.878673432704875"
"Random_Index6_32_0838","-2.97576782683976","2.06878428969392","5.61055653447902","3.00597734341448","4.96210537940798","1.95120228628249","4.99798421896005","-12.7409160655586","-2.7212352068333","-0.214763144074975","-3.66539186504057","-0.99010195702197","-0.502961988233552","6.86598465119958","-1.30503948392769","3.20729332938543","6.20875662849074","-4.77426885489154","0.239614563416641","1.06558973780731","-4.13902192598099","6.72557329586579","-2.00318376413446","0.218085450947179","2.35040935033682","1.21541074883347","0.385236281531219","-3.87828675887994","-0.613689709022994","-0.956304122470061","-4.0165588703483","-3.03953457602414","-3.79140420055569","-3.2320444285312","3.02222800774194","1.72405921190796","-4.44687878503605","-3.33521393703573","6.73134595573539","0.0026265739298766","3.28308520166558","1.48288722212815","-1.26060982790152","-3.60038114948443","-0.116277617573139","0.937690466733054","5.19022563803478","3.20527962663201","-2.00430623513691","-0.685080204442596","3.50734653541665","-1.13627866508653","-0.63906931952308","-4.4800256057374","-3.35254031111217","-7.00282569633737","-2.07798749062742","1.01437389286444","5.05014159869087","1.23146737402646","-3.37310986301186","5.77346588428148","-2.99342892758918","3.55317112660181","1.21162476209643","3.20539344630342","1.56519924662428","-5.77204919239567","-0.919902960386538","4.44315808288362","-0.202214067686052","6.55583808165019","3.15973317443411","-1.09219768347879","-6.95940257704135","-4.40896676190354","-9.18899696076566","-3.95816798704736","-0.340111175738896","-5.26963007810964","2.26617267890622","0.182298127221281","-3.1848506191013","0.709037537522913","3.53542736412436","-6.85861419747717","-9.03324615495367","-0.719266714123059","3.48421834226675","-5.55912714190936","-1.24168533616094","5.40268093679152","-5.03274614953043","-2.53363053436644","1.54529579445792","-8.55770731673765","1.83491230353863","-0.298067703376598","-2.18782598180834","3.4391217730379","-5.26276020256889","2.91877103385889","2.68314294575269","0.701515963482298","-0.753531510589671","-7.35816612892384","4.50210469362913","0.244882639469778","0.734110728331186","-2.61368740957368","-1.78959863589699","6.11781814516525","-1.9513728228072","-9.7998998952145","0.672893177181129"
"Random_Index6_32_0839","-3.19225578640186","2.23024249409698","5.40952466814859","2.91511840049121","4.68934383074386","2.08290780413545","4.86352605868083","-13.0253628849249","-3.01767296984826","-0.100436866680514","-3.62778507207495","-1.03887676248143","-0.63060247994771","7.02879124212375","-1.34722997356117","3.07379583400169","6.31597343586857","-4.63532233606808","0.338164388956126","0.786679397836585","-4.56789469799199","7.04776655605725","-1.91254846967416","-0.162078943440482","1.99403860160326","1.20494312177567","0.207393101126277","-3.64877680812299","-0.681345421249141","-0.962096562719591","-3.85868203136212","-2.94866644252027","-3.95586711423896","-3.19264918762707","3.09734122506188","1.80340338896572","-4.47449678083346","-3.31759344379763","7.17039427332462","0.298162377079135","3.249943895333","1.54282345594497","-1.10465797436494","-3.45282907182405","-0.275493841346814","0.804648974158452","4.8763678945566","3.18179332607524","-1.98027132158882","-0.958741839775277","3.39145100863117","-1.19635276611425","-0.600156291153521","-4.65285317590577","-3.68984925495044","-7.51903328135223","-2.49367718605005","1.12518134145918","5.0732815248055","0.77768696189991","-3.01857403553548","5.78661200581868","-2.78546089364371","3.49977611321227","1.27929181727615","3.41818852310713","1.62400857132516","-5.78281182159642","-1.22735718234637","4.35270402714262","-0.0801575024721142","6.63653728391615","3.02889384492728","-1.26635012826078","-7.01019152114561","-4.59752448836031","-9.11087516497282","-4.18759020556427","-0.365529696315987","-5.37508873755809","2.33274611490427","0.465151814820019","-3.0755194085927","0.544400257755945","3.71652755923982","-6.72358233994922","-9.17496701189242","-0.482416589836556","3.31428569737234","-5.80156191944949","-1.31227615924591","5.28361752874294","-5.01568082964275","-2.55001775510707","1.30307114770936","-8.61579246152503","1.52620325463777","-0.284407276369193","-2.3408199530731","3.480351598393","-4.96767461316603","2.95852739312804","2.78698909288232","0.950593117327136","-0.693758929821075","-7.77008435595884","4.49415159776084","0.35300672013854","0.75748853327939","-2.7677919581741","-1.94205675510666","6.23442294661761","-2.19451772796986","-9.57463594287397","0.971290274870954"
"Random_Index6_32_0840","-2.99100582747559","2.19289510743024","5.62655846827405","3.28754374043737","4.78708536695764","1.92381482628069","4.90226384342539","-12.881981202506","-3.00511344666724","-0.349103458015975","-3.7572031203548","-1.18612498228349","-0.712768990597001","6.87067755056001","-1.44901017177151","3.07482702294557","6.31233122592278","-4.50029012568277","0.117536512719331","0.898260029951766","-4.21224463632851","6.8868686305412","-2.03836050132977","0.0456756325362389","2.40891589429966","1.00766613397833","0.414295951228901","-3.78984302202603","-0.638818869974652","-0.964209670898888","-3.80822656586314","-3.23041942735265","-4.17349737171613","-3.06463748585704","3.05566656606806","1.53609146572791","-4.27800628381111","-3.18392775056627","6.9892404968173","-0.0609670095265769","3.42667964335928","1.25756606542469","-1.24338392354359","-3.47054081278097","0.159875834369189","0.93875724466149","5.13409693254936","3.38082561880136","-2.02275211259442","-0.520426327289103","3.48849005580048","-1.40898453244211","-0.851759389644577","-4.46305271622248","-3.76907977197593","-7.10061240490623","-2.06340826231559","1.13377086716362","5.13873131013264","0.966754819852118","-3.03099012084049","5.84424861842175","-2.95173374496673","3.67416112313416","0.999188735811656","3.29217239287248","1.36210815056067","-5.84631053629689","-1.07431150370035","4.48840062846484","-0.194200755433463","6.61448890014214","3.2591671554204","-1.12450325858782","-6.85503598206187","-4.58201186651321","-9.01819501525863","-3.94065753066694","-0.404197478467623","-5.19458097251754","2.51804157028651","0.067715517383174","-3.11372677216845","0.810194906430248","3.69594993918176","-6.7086260682172","-9.05204738960662","-0.796040584437844","3.50094031445611","-5.53116676265185","-1.11631757181579","5.41112303436904","-4.90788439528333","-2.13452120466091","1.48435330348006","-8.52278911269863","1.60386208248797","-0.458098096893262","-2.37458004660518","3.46384570578118","-5.0760782193227","2.91191132867034","2.94214492409895","0.589070663200295","-0.822112815103638","-7.39821725971776","4.68521626049656","0.174555336877462","0.781456555017219","-2.65587837626555","-1.60782867646026","6.28448802438838","-2.03726802432818","-9.55639086740721","0.778585796370878"
"Random_Index6_32_0841","-3.06501576261412","2.32342168189436","5.69844333848072","3.35302675226604","4.76127856783479","2.0020065830679","5.10267937769543","-12.7561115985968","-3.13249123579032","-0.387496546706255","-3.7790796763616","-0.999111837366663","-0.765578468381992","7.17122488165445","-1.34659599659548","3.10596753390267","6.7203794659492","-4.4575907031384","0.312808195694904","1.0633309354754","-4.31554433128634","7.12857205461751","-1.97713413920408","0.107637649262055","2.24921497891127","1.20052118749447","0.445039280317421","-3.57230892276705","-0.444404436240973","-0.789697312548035","-3.93027242535147","-3.0227540511048","-4.10721029225402","-3.09340554419025","3.32566735136773","1.52309682329956","-4.60809838988897","-3.1257026371638","7.50184890084674","0.276554138428311","3.23688447329378","1.52019055676722","-0.787562760086743","-3.4681952460269","0.103190364837602","0.838915943221673","5.14280907236835","3.26687741972861","-1.8513312755904","-0.614464754900368","3.40783791945662","-1.24696289810997","-0.69894602094852","-4.24587296840156","-3.62379617797552","-7.36958804970845","-2.24546592197966","1.30692736048956","5.16977916470622","0.909559138783473","-3.23210688152161","5.81917009245731","-2.90821829571486","3.88629347370303","1.25617259183072","3.70747048769691","1.64833126427701","-5.77693728790434","-0.94340053125503","4.65424968660164","-0.275979347271988","6.97101636847836","3.19222500846641","-1.07986740393555","-6.88165162794017","-4.50186247648792","-9.08357135790859","-4.29971713158308","-0.424928214197722","-5.47780247647931","2.53040514154066","0.217992756605168","-3.16831324772204","0.9473944098706","3.96043781399076","-6.8249602211803","-9.12988136928598","-0.63843730839555","3.51016548911784","-5.55427048194817","-1.21888595713039","5.43661221961663","-5.01723469120179","-2.10522353977938","1.3973748865835","-8.37459123297372","1.60034707994728","-0.319805518351011","-2.2484033935456","3.73031959413272","-5.09611701323556","3.16599219674355","3.02822011109047","1.07051690176571","-0.63149978449032","-7.58828620378698","4.7223434212505","0.318445542432219","0.747010446556844","-2.79158315674124","-1.61433799961151","6.15703657669613","-2.20478062409912","-9.50687738691992","0.909719501324903"
"Random_Index6_32_0842","-3.07851760331363","2.09638908106623","5.63131718908353","3.12774564240813","4.79807208445643","2.22972166290124","4.96106579082106","-12.7632863417157","-2.86929892488789","-0.335338157515716","-3.65604006764913","-1.12166788945414","-0.681520303084479","6.79776015973163","-1.26814672560196","3.0340636933561","6.27004979930619","-4.68670432675209","0.320813366773493","0.888528080404398","-4.35246765146474","6.83348520688012","-1.77786679769467","0.118935214705638","2.28077188747329","1.05499956737147","0.391163930443944","-3.55958418010763","-0.692860278943818","-0.865347256234602","-3.81304042474724","-3.20953314314652","-4.09793850067732","-3.13289612553881","3.37123715601142","1.64216535192847","-4.24711227110816","-3.09635662734889","6.94891019580517","0.124943488159055","3.25081538646043","1.59562360472936","-1.26703056808631","-3.51039734271326","0.116844717062889","1.08512297023294","5.03380768290303","3.2276813750612","-1.68355959436902","-0.59916524031471","3.48484912723152","-1.30093242435507","-0.747577524583247","-4.48956374891563","-3.6292355091994","-7.06171230016433","-1.98217966427104","1.37885042460874","5.05503862011585","1.01168484662948","-3.11379672656559","5.75074398491835","-2.75237713598596","3.58487612680009","1.10741994812909","3.4743948370003","1.54185408212344","-5.76406708519825","-1.13632893177433","4.39767595315782","-0.219052073798848","6.48694823248761","3.25609087021153","-1.06818281330054","-6.73667304914893","-4.65232625902974","-8.85378883015568","-3.95552393777156","-0.262080584550097","-5.19543305514155","2.36984032959637","0.552713588551512","-2.79490884020618","0.829789862600952","3.72934057998475","-6.69266801275909","-9.09789344116785","-0.688521405960182","3.52757338757162","-5.54773660841265","-1.03141733628009","5.30731758275175","-5.01856579991831","-1.90950454597201","1.45739663461798","-8.36380593705361","1.62955430062536","-0.224480053292147","-2.19348198590326","3.76912691546581","-4.97182079567549","3.07341663461405","2.89763303239046","0.960750038993143","-0.749870887859368","-7.71303661787829","4.63906564716523","0.4968673823502","0.568115472499413","-2.57503976777985","-1.68153301340052","6.15579275300678","-2.13292481105997","-9.51633478354289","1.1628878228432"
"Random_Index6_32_0843","-3.19711654125669","2.26267337412932","5.63599862448909","3.26497766897123","4.86196912363384","2.14386275900164","5.18893809324239","-12.8645651868305","-2.91127149361444","-0.302162398444883","-3.70684870008143","-1.27419763222575","-0.711920320533264","6.90775452371144","-1.43177435868546","3.02758948984106","6.22356804752644","-4.64077901069298","0.334716577145588","0.818743320114381","-4.36040367734845","6.88550093831858","-2.03638772029053","0.0918882738655763","2.26814088513022","0.939287103597384","0.373835608825336","-3.75826388381008","-0.72462007814458","-1.1212777619999","-4.00287968974139","-3.14416941386378","-4.25222330785451","-3.00344525293971","3.06530301573617","1.62063874277821","-4.37532021578448","-3.03434367607507","7.05199953082397","0.182747018155877","3.45751089796787","1.4010687501082","-1.25101185128622","-3.56582500776969","0.268466977964644","0.975809669749933","5.06933102518747","3.39304690470502","-1.81464892291716","-0.544121922280852","3.38011942668157","-1.41429477565372","-0.871245343029898","-4.41544551796976","-3.72281229890281","-7.17243137507325","-2.08286371049254","1.10228744162038","5.19386348849936","0.896205578407994","-3.12306067762313","5.82063392648957","-2.63519653802539","3.7017677988874","1.06771988370691","3.28341513678756","1.50888957739045","-5.90501783815183","-1.31537721712482","4.37027209650088","-0.262973310042402","6.58738502520777","3.16642422003781","-0.946545352560945","-6.70514927812201","-4.52489245295003","-8.79489804121188","-3.99369519831655","-0.507617777120103","-5.19098837241979","2.516734342101","0.229396319772527","-2.83068846370668","1.05798496409369","3.84056871480354","-6.69550723448903","-9.36081934641519","-0.822630230483825","3.55637625205505","-5.48323345496053","-0.990303057083699","5.26975689041807","-5.06765638355159","-2.24847405041539","1.46311827598359","-8.39168619598369","1.52666777539303","-0.38618397872906","-2.45480487138133","3.45637845927408","-5.03144707665872","2.88863614292192","3.00006559273611","0.890570593240767","-0.786985338802094","-7.58063368782501","4.69785467406312","0.350358653198655","0.720270378087863","-2.79259059487433","-1.54177028876134","6.21946787069917","-1.98152024864867","-9.4114143123729","0.968925313650134"
"Random_Index6_32_0844","-3.30814450219299","2.28116306713235","5.62051271991777","3.20328791866682","4.83855022397717","2.15764426660446","5.25626347224578","-12.972920022948","-2.73081556450976","-0.436481443089516","-3.77437204204226","-1.34875644631744","-0.721848163335434","6.80551919102218","-1.56576454591316","2.91364132527824","6.38906881756492","-4.69019712277859","0.178030093299139","0.671905969290805","-4.32203650157206","6.77903226300977","-2.22001490040223","-0.0461365260732077","2.48727742870739","0.946136972085116","0.164991949732761","-3.8918487093967","-0.623116846349163","-1.15842666095714","-3.80542847518555","-3.27446302731812","-4.24307640592347","-2.90636267706054","3.20478532302627","1.38228225048324","-4.06367161735486","-3.06526691395972","6.95707027907663","0.0515713021182368","3.37607824241025","1.23066236442553","-1.29897312947285","-3.60435003751237","0.097339982324656","1.12115355100464","5.16494900310487","3.43782217454689","-1.82464196126897","-0.42611810912757","3.3562987812571","-1.43552012200026","-0.92706089411236","-4.73146378901368","-3.67817751005788","-7.04381160379247","-2.31432725476805","1.23306962239096","5.22131549680092","1.20280293663596","-3.11223379027443","5.82296948268095","-2.79750907401358","3.7003962848634","0.976790525086396","3.45195374959234","1.50595107346911","-5.65874224910023","-1.22804215639573","4.29713396411199","-0.359404560419758","6.60248872236994","3.37687111781253","-1.03067561796797","-6.78060127499666","-4.50089999137266","-8.85212437982301","-3.94964519784641","-0.411237143741332","-5.05088944274724","2.57083337114452","0.108682936758387","-2.93457258244774","0.696589018073909","3.63454226396189","-6.61237715054212","-9.2602573507565","-1.09647878401116","3.54384270564171","-5.44030984870203","-1.02524522769411","5.21959662454888","-4.865753636548","-2.1937764874749","1.30456002302185","-8.1926270254662","1.58385644777081","-0.413249394728425","-2.31135297927787","3.45169507435556","-5.02436677007208","2.90802468879107","2.95074521614502","0.711396802067426","-0.582319342896605","-7.55151079513845","4.82616776859588","0.312626099197016","0.819363227213044","-2.9164532600659","-1.53259228911433","6.39369589235432","-1.89571010319431","-9.66033596259449","0.802956660076156"
"Random_Index6_32_0845","-2.93455845948757","2.11327973333203","5.55658182864773","3.14012409832736","4.98664811667429","1.99487191279694","4.98943736630453","-12.7799269071752","-2.84287769074328","-0.200479138943729","-3.65738331551279","-1.11349946783205","-0.573902259728771","6.82795505656579","-1.34323728403285","3.08939232863036","6.21049314620342","-4.77007242641259","0.257694457569731","0.76268329742017","-4.33452612460816","6.84446469182913","-1.96289528671462","0.0946989941457783","2.2350383585682","1.09500779638401","0.3032596773572","-3.71573342031573","-0.465285207492096","-0.982448809678222","-3.95883828449093","-3.06362927352513","-4.02420781417778","-3.03915637038188","3.07910188694973","1.71766464587813","-4.28022875097237","-3.15409789108519","6.85709340975247","-0.0787871847468873","3.29233714023582","1.34120313562158","-1.23755685273571","-3.57997065049537","-0.0392801851436449","0.799263724097488","5.12276092187963","3.28954883966904","-2.08953274370459","-0.637598013659303","3.57070906412791","-1.30756037690429","-0.656042793270578","-4.52891571543715","-3.5353310033014","-7.03920178099396","-2.12041274369969","1.20948116141575","5.06427338288393","1.09856818876768","-3.16087442143845","5.83807689159141","-2.93076765571733","3.70243306001166","1.09122524109221","3.26014578416963","1.56948782224067","-5.67326731395573","-0.96914435490661","4.37096593691316","0.0504035854793501","6.55372958656241","3.14184222473307","-1.22381113339152","-6.9933409708582","-4.5851806322036","-9.10401538383123","-4.03916093591041","-0.382168574064778","-5.19089991861069","2.36180347919848","0.218685778021262","-3.10166133251052","0.655422371282195","3.68815758204538","-6.68825109644962","-9.05251050113073","-0.832362191161048","3.51092613393009","-5.62262210110283","-1.08173250774191","5.34111978804496","-4.93580212375504","-2.48545079125465","1.43781200237326","-8.42072943259952","1.7787548164905","-0.365718754141987","-2.25286841058465","3.47008707324615","-5.00147142932187","2.8579783526511","2.83339378228822","0.671363777729467","-0.829932612640464","-7.5895207621765","4.65379040048159","0.206022612476038","0.798115061804051","-2.77091225869499","-1.72114588359559","6.21114899412408","-1.9484460753896","-9.65636307237992","0.780218233441661"
"Random_Index6_32_0846","-3.16248678603403","1.78783376063014","5.3668223570523","2.81835165308275","4.640149568262","2.34366690714672","5.03321651229403","-13.0300761607685","-2.60173591048171","-0.0574222149338615","-3.40900071696445","-0.969430634892713","-0.252016132022862","6.68679148375975","-1.00715909332638","2.98905716459932","6.3798998877205","-4.54476450419436","0.614995270569983","0.752653593714328","-4.65650591635679","6.53374868084292","-1.61389307360528","-0.155575222141499","2.13413730063848","1.38978352529969","0.373543682197299","-3.5372083542971","-0.757944095136244","-0.655043285517456","-3.58545329331522","-2.8030668879825","-3.96226159430068","-3.30762737445064","3.33989963505768","1.82769868040587","-4.28638404450635","-3.07709950426016","6.73755243196669","0.284591345299699","3.05410287529281","1.75259067849917","-1.08209060609051","-3.3134407163199","-0.0785036021209305","0.961594595429146","4.79948386676733","3.10308391815428","-1.85169860452203","-0.749174266186116","3.3391175191347","-1.05736897190738","-0.391698578055139","-4.39898232574179","-3.48684427162379","-7.0768453175857","-2.32267113779092","1.43891873563331","4.79424905572011","0.920571903160166","-3.01905819635375","5.61994610261194","-2.59978587472439","3.38998977707363","1.2562837212694","3.6532635575502","1.73100491834997","-5.60022377097464","-0.782170225614091","4.13504605236056","-0.0695793080863613","6.33845039459308","3.02154696490102","-1.32152361292389","-6.7019682803353","-4.35134962409388","-9.23425737849813","-3.99937919001696","-0.146373754447325","-5.34837824727243","2.20942324741883","0.670824091029275","-2.81959650618574","0.619143328391252","3.45689746341893","-6.42500188694984","-8.97045282517213","-0.58353091487863","3.24856001483515","-5.75155755589843","-1.40863847395975","5.19615313657052","-5.17539235573984","-2.45606009574971","1.25629127685661","-8.55569605719268","1.55477623757486","-0.153405997379093","-2.29590966956924","3.71605419164476","-4.89812023282082","3.18750962381074","2.62296327226361","1.04877835910161","-0.482726940947777","-7.65823615786639","4.43425238759758","0.745153266376035","0.641016350356904","-2.55930105015204","-1.86912104090658","6.12612485317955","-2.15340671385342","-9.56552560357449","1.22057814651705"
"Random_Index6_32_0847","-3.06065562035953","2.17033482509721","5.56144331339474","3.15087728060594","4.78591985301617","2.00762839012209","5.09677451097406","-12.8979507972504","-2.81550447728595","-0.387349804885641","-3.78357538828396","-1.1969341198522","-0.784018493164761","6.80599544568572","-1.53230658326993","2.85238055728784","6.2595360176937","-4.65528033677424","0.17796025526112","0.812039858592087","-4.45253857234721","6.77444724826848","-2.18644797744022","-0.0428454660500157","2.36103503413326","1.02145070456052","0.216479833374236","-3.76617715435237","-0.595029968412307","-0.966167026883092","-3.82222315418988","-3.10405860061411","-4.0903237117648","-3.08824734584758","3.08119284315097","1.67479698994775","-4.33725557045828","-3.09573092408037","6.90949311929767","0.0606574826504625","3.39732318210438","1.26870898931486","-1.18966418187031","-3.5848135294024","0.0542035828373176","0.929711128638146","5.06634149744559","3.32078875241063","-1.81438010402265","-0.583488809521228","3.44848841314893","-1.4394835925555","-0.783469794909549","-4.60296834913717","-3.43546582330193","-7.16623511366383","-2.13424422279464","1.13078412677487","5.08831189275928","1.03899234165743","-3.21655237783668","5.80025398147333","-2.78827034480633","3.61790210316409","0.924962999862647","3.25575933081321","1.61126300094905","-5.89313964773006","-1.06022814320432","4.28023563944979","-0.245107587199208","6.49498879379331","3.23442829585079","-0.986559022998501","-6.69542126367787","-4.62946556821098","-8.94711765380264","-3.84288660808345","-0.386522509859136","-5.12518272874141","2.44568488265436","-0.00670796283011","-3.0759872383175","0.739775730263706","3.62560896553197","-6.63147953715435","-9.18432746205229","-0.788769117265078","3.5542091128624","-5.66695952481531","-1.0689692648934","5.26465335551431","-5.01830573111468","-2.45826999418476","1.34182703543834","-8.38622910142707","1.5827930052348","-0.389680452665269","-2.3574334511044","3.44304908995634","-5.10761057589785","2.87619491552772","2.85868271186593","0.72114351499732","-0.813961006938395","-7.55851089067599","4.74508984107809","0.0912367607145598","0.820776585062283","-2.71774157546398","-1.6960401562637","6.24549998231344","-1.96707968448319","-9.6043697697153","0.65550269133356"
"Random_Index6_32_0848","-3.34307401770034","2.15970853186378","5.67618695937322","3.19216870190688","5.00978839243903","1.93774391861871","5.31207479490453","-13.0671946245225","-2.87484293412853","-0.358180471200757","-3.83257538546325","-1.29613822672307","-0.65246312739925","6.95740952155375","-1.52364312111116","3.06803978719169","6.37423980797633","-4.85164421487226","0.153842423861755","0.950946858940024","-4.26294203841443","7.01924388696045","-2.13882492668883","0.252276438933452","2.34729038673397","1.16259330098689","0.544893889929643","-3.87032614265396","-0.437689418186595","-1.22288308538959","-3.96239228176317","-3.1941916437068","-3.99866302956506","-2.93347521335736","3.03600446638457","1.78429467398845","-4.24131859353153","-3.10053356450221","7.01022217127645","-0.172369568042968","3.4333014136189","1.28320971800576","-1.38814261904492","-3.78077312837357","0.213410070109762","1.09009460301815","5.21034242409723","3.34696315497171","-1.83687334043742","-0.506249470895408","3.58261933762779","-1.51074790490076","-0.764730550718667","-4.36993778765882","-3.56683494653685","-7.14473678786684","-1.8943762853532","1.13509690402637","5.12911712989615","1.44865566608441","-3.31427396462289","5.95793288335219","-3.13552242625715","3.84005321725805","0.983620807627647","3.42306396615308","1.58235838457769","-5.84278748286428","-1.13990465478816","4.68199206068422","0.0301450069077672","6.65087399463855","3.30146373874158","-1.05281588521477","-6.74260076108938","-4.5736399367276","-8.97178551318937","-3.93740151672605","-0.428724883137622","-5.32595646416842","2.51617234572237","0.245121184114952","-3.18691329957878","0.791246236043276","3.7302605765781","-6.78537525612211","-9.18253583901721","-0.767071832703181","3.52345674520904","-5.58713847786511","-1.21398232242265","5.50155786335407","-4.87518864735117","-2.08641538186771","1.63389605942379","-8.46584418190404","1.87630374190963","-0.58893645466191","-2.0417016521212","3.46113783916173","-5.307550211952","2.81521131283737","2.8798384103247","0.670371158552215","-0.819284902474198","-7.59579149264907","4.70335717996883","0.124230904103951","0.754698044780772","-2.8006086949618","-1.66392049175127","6.26240155558836","-1.9955757323323","-9.87404578918285","0.700681239458434"
"Random_Index6_32_0849","-3.23402684104762","2.17641828706415","5.63308997050706","3.12343305520765","4.77672391270436","2.12063869771191","5.17215308309433","-12.7951580929579","-2.99137670148369","-0.260237049377493","-3.74734260584416","-1.20971055566367","-0.580707199942549","6.89178040468301","-1.46648319263057","3.16222351134139","6.45596064789764","-4.6239702464366","0.196352259702913","0.997022485772144","-4.32241620352464","6.84908532313049","-1.9730717389766","0.177639329168212","2.27677386390972","1.01665406134927","0.414745618521332","-3.68524074799937","-0.509423152150474","-0.965916067334032","-3.91884469323478","-3.15270572026686","-4.0696817451903","-2.96606385257359","3.27500641167409","1.75562403733304","-4.24686497594904","-3.18962386902375","6.97625274156673","0.0776413567059607","3.37684559066415","1.41391341556097","-1.0884590209331","-3.54672054453765","0.132787430185513","1.05072018116406","5.05840656301682","3.14502972709453","-1.88249728430118","-0.700204972053094","3.50746722818396","-1.33709256024701","-0.76157399256893","-4.39500325566709","-3.5176733081411","-7.24672239007247","-2.07878719198427","1.27196563319527","4.94990621868282","1.18623125074381","-3.30323726763973","5.70483776821741","-3.01143359589517","3.63123063949656","1.13907711075045","3.43131564605933","1.66976028851569","-5.75608940548302","-1.09223470052159","4.51028056270512","-0.144996296539174","6.64579796472945","3.17644386016809","-1.10755219473945","-6.91075520379726","-4.54664557654339","-8.9528564864973","-4.01242479999649","-0.544699753277315","-5.2449706842745","2.38423318473846","0.30169294474861","-3.03345252345542","0.73490336782407","3.70806297021545","-6.75930384428165","-9.22338349725595","-0.848910019976499","3.4027764667023","-5.73292718428375","-1.2605978915748","5.43066103775564","-4.89683714653805","-2.30780799551408","1.47166502011035","-8.39731450693744","1.76420802405633","-0.505769558380795","-2.30469073719317","3.65424675377591","-5.02441205251065","3.05769097920113","2.78394157135026","0.782803465723918","-0.754356213883726","-7.5951050996769","4.5416088523842","0.417892005054844","0.72163140185964","-2.8084001795466","-1.54462713314474","6.13532496575359","-2.07245482480297","-9.56486294978733","0.963536341559569"
"Random_Index6_32_0850","-3.14088812515739","2.12328094729951","5.58032183037277","3.10467761986368","4.85693671619643","2.01889492886019","4.99332977815121","-13.0064409119692","-2.97029481529371","-0.262371409206569","-3.72571650685853","-1.17155910731211","-0.646671206692711","6.8901209934651","-1.40173953951554","3.1190704217221","6.44874442986895","-4.71062734857753","0.220774889314821","0.787197883661435","-4.3108857426241","6.83478354474712","-1.93061117426949","0.115672059189537","2.37348008300274","1.21899219381387","0.637921486440092","-3.76249346038738","-0.482638257860121","-0.9803627534006","-3.89497433215848","-3.20078303790397","-3.94193844205182","-2.99101896028892","3.14990516904442","1.62599195861945","-4.41903632080221","-3.24853863419328","7.08321524296953","0.06089216399034","3.25061209776947","1.44157657523514","-1.19447559160178","-3.66855102580237","0.0227651801645041","1.22159866352562","5.0382415442198","3.39853873669397","-1.96731389103329","-0.609138376355259","3.50258179604579","-1.35079585289715","-0.669776837360116","-4.56469470952312","-3.46724105845503","-7.28000459152626","-2.14947567118897","1.21166153525776","5.02955040530687","1.15159361499544","-3.2907888629322","5.74878037191949","-2.84425640809399","3.73620589682685","0.950416086600482","3.47288055157513","1.47508320295163","-5.80704832612344","-1.12101772530448","4.39658622421212","-0.213472829291449","6.67540675369059","3.22042018538186","-1.20831005543879","-6.88787509799914","-4.530774962655","-9.16420681066711","-4.05850294669564","-0.508870432684448","-5.14220809475403","2.35264081570753","0.244462287788766","-3.07015423377247","0.925850825787876","3.84136906583085","-6.87177321372717","-9.19868662254","-0.798833414550966","3.58645871329115","-5.55291582257404","-1.24992289746369","5.4673007913289","-5.15388846702493","-2.2269868365365","1.49792663570293","-8.28078370460686","1.65625923375897","-0.45883899947943","-2.14451360090593","3.52269470473158","-5.09500402491045","3.03335555064775","2.84700107930931","0.736089576367868","-0.763937612990368","-7.52796693188725","4.78096590907748","0.278378238695273","0.63055915171775","-2.6453539082639","-1.68714229087014","6.29176749240868","-2.11636755483822","-9.77254426579558","0.809078111810444"
"Random_Index6_32_0851","-3.0701452319728","2.03371976270701","5.51620251628822","3.10854376509737","4.90219055370668","1.97833322692997","4.92236777164307","-12.7023585193153","-2.94021249702582","-0.224332434350219","-3.53973043062021","-1.02659928061976","-0.561430592053548","6.8611605053157","-1.35411771028579","3.09102474250143","6.25856767601161","-4.46276245046029","0.292326301128603","1.03669883420198","-4.34113553308832","6.86399926703735","-1.93016012916475","0.12656221071234","2.30258282268055","1.18437296042217","0.455184992156748","-3.62085618048453","-0.593238991372123","-0.866749437886122","-3.74912588355855","-3.01033580930024","-3.84005874306319","-2.96549537556539","3.07792030304803","1.63287810852367","-4.32743410709406","-3.08318920096493","7.01020707036814","0.163896627266784","3.31638003154741","1.43027842618278","-1.09985547153857","-3.41469554177816","0.0894092502909009","1.04188797428867","5.07221200580424","3.24180289611241","-2.0728483252869","-0.568804995965688","3.41921893015541","-1.17748822826489","-0.661518435683586","-4.31717848403279","-3.39978198694138","-6.97683689429219","-1.89932638962986","1.14071602271961","4.90597833133769","0.892239076794604","-3.05245963407007","5.70068322214927","-2.82026255217751","3.59444020756724","1.19255723367679","3.3423864767961","1.61116735353471","-5.70070043745842","-0.930387164505533","4.48086954895721","-0.209906061648575","6.62116590881691","3.1647467733002","-1.01073993607872","-7.00460327855874","-4.56114357105005","-8.9071926060074","-3.89344668495066","-0.375235888935365","-5.28783431580034","2.36107727763004","0.141523283931212","-2.95596554077534","0.792751440005461","3.71840072682356","-6.70978744861608","-9.07790064406924","-0.79772383661372","3.39576826551271","-5.54941637720162","-1.26138266614305","5.35775137836272","-4.99283287874598","-2.17312365407451","1.58314786190267","-8.3447762477675","1.686947834476","-0.389004065121067","-2.181521294458","3.44472909294453","-5.02038967595678","2.85827859114067","2.79955432840116","0.683395621441848","-0.677574707939658","-7.57802948330184","4.62428711809291","0.208047018449165","0.607219515531642","-2.52710802808425","-1.7534236375676","6.14175635181741","-1.92889242481497","-9.40310406416505","0.711515679833702"
"Random_Index6_32_0852","-2.99889298143546","1.95307156844298","5.48179367279678","3.18175226355091","4.74153232902773","2.15855084179598","5.21277109807441","-13.1292685530711","-2.72290203208878","-0.178243557265605","-3.69814624920983","-1.07977316095217","-0.491581612628851","6.7529783308689","-1.36147090124164","3.05962094136039","6.35727501482587","-4.57351807842109","0.25872712955237","0.715099502491042","-4.49757472109009","6.73733602960094","-1.98633741533661","-0.116063264127921","2.20043404894083","1.16846635438825","0.22037529019499","-3.70657305537422","-0.613143789579722","-0.901403767639854","-3.74598223492998","-2.97017742623641","-3.98808575201677","-3.17980991530006","3.12233232365965","1.75463789864317","-4.25146320185109","-2.97270595427353","6.87394300710652","0.20733411781191","3.29328026600436","1.46647834713499","-1.28801253997844","-3.45298119492571","0.0456785884367172","1.15126405549965","4.98341184224672","3.29396594927282","-1.95664658165529","-0.539794780858844","3.37458007706776","-1.26555611181103","-0.641405300139108","-4.32811947136605","-3.62201779529363","-7.10967952908734","-2.12191767770858","1.23489729086186","5.00213149390754","1.15189092184894","-3.03373255119936","5.76650586328847","-2.69922826773854","3.5640977430085","1.22804549728227","3.42154232464505","1.67848251343124","-5.67580459120025","-1.00478930050127","4.42082713494969","-0.10408856982237","6.41310012741938","3.12351707971492","-0.824663912144635","-6.70965249261409","-4.5053274031999","-8.90467286355979","-4.08554645482287","-0.155627260870788","-5.12748769137117","2.46076254182862","0.108818319905554","-2.95991706070206","0.807750242433947","3.61507994241311","-6.5620536405141","-9.05433400742622","-0.658610920285307","3.29944331957643","-5.54888641236732","-1.05749122129125","5.12732904626629","-4.94490281896233","-2.30691585952557","1.28634542209336","-8.43374731504488","1.54990896890333","-0.207404358286352","-2.42382038052201","3.43530998212608","-5.0009637376515","2.98098119980128","2.78575185344513","0.872363866886092","-0.592387909439063","-7.67362089570032","4.64670364831841","0.315457512627764","0.712566174050554","-2.61273438530989","-1.90100685400539","6.25808584126264","-2.02606565781059","-9.56489698010358","0.922026699582812"
"Random_Index6_32_0853","-3.0826237205614","2.30319081127057","5.76234176025276","3.33944281026459","5.03685002448149","1.89499533480895","5.16361970438067","-12.8822536685337","-2.82781233008505","-0.434487362468707","-3.93095511354723","-1.31576234955368","-0.67676767295575","6.85730038226116","-1.57007850002054","3.11739867694778","6.33591536265003","-4.69817195315571","0.124065736744654","1.02355672328141","-4.26202119462828","6.83604367514376","-2.26121927827251","0.117090948252887","2.54819873320647","1.09170668225773","0.353681695972125","-4.05324990805802","-0.427490079161973","-1.21398973128748","-3.94715176046314","-3.28753775637362","-4.22189451768466","-2.85290371510636","3.0406009998865","1.56479551208361","-4.1148660450054","-3.11393315147894","6.92871711863378","-0.162942945005023","3.50089577336234","1.15663558452722","-1.41674350123739","-3.78295035906453","0.25105477447422","1.04002503566781","5.27931983656841","3.39515205469684","-2.05814937364478","-0.345115538612632","3.67613038527281","-1.39769404347347","-0.79026406447752","-4.45342762604675","-3.53955385096565","-7.01073498759024","-2.04466683559299","1.04812168417431","5.31184750731999","1.29508208666705","-3.22486772430502","5.93732248558152","-2.90137775240507","3.81325448715887","0.911453812780887","3.35938700489872","1.55796082427269","-5.82948194941557","-1.14268725639678","4.41624030397545","-0.158082293522969","6.67857538018042","3.34539730806203","-1.22048370913474","-6.67353392666229","-4.46245871429649","-8.95325131490645","-3.90810381324771","-0.500286740629943","-5.01748429583841","2.57463830296877","-0.0587394019797515","-3.12734785274746","0.933708766237124","3.83915291839655","-6.69165526656485","-9.14098633443241","-0.972556687869511","3.69682973248464","-5.5835794696576","-0.917297712952151","5.4063920470723","-4.88481778183719","-2.10510200369138","1.58785648189225","-8.20673927258054","1.78341410407318","-0.512963325783895","-2.23864214708612","3.36189736611808","-5.21644707151311","2.94426019550831","3.06204761580742","0.518938044690132","-0.885721606070145","-7.45845279069983","4.88559398944162","0.0412565456789609","0.993427871264312","-2.76839276665687","-1.4398342833734","6.45981329563857","-1.90410715926163","-9.68414587101632","0.665069914006956"
"Random_Index6_32_0854","-3.00228509044737","1.89536378623595","5.46863663800304","2.94982438892588","4.63281728571827","2.09699147114045","5.07849018902965","-12.831824607685","-2.80014224277526","-0.145111517124832","-3.54312351309081","-0.994069732144178","-0.312867082801466","6.83007094652306","-1.24208849981702","3.10792624885666","6.20111822665778","-4.62180785182641","0.369823497681515","0.843295016519232","-4.30186129520985","6.6605213820541","-1.87539378946421","0.000138699116444386","2.15014391852374","1.42798670653498","0.576236254016254","-3.5709249256811","-0.538667270950653","-0.822215605823611","-3.75848768703613","-2.87612498424337","-3.74024955435045","-3.31144365342638","3.13930062934583","1.82405428212348","-4.45083923541902","-3.11530864151401","6.86836540657964","0.292439740095358","3.06582408842021","1.56220406065011","-0.933865726710806","-3.322276771683","0.0726775467872611","1.09777632609045","4.78555214331696","3.18526750125176","-1.76865558646654","-0.893702062822747","3.38403019459715","-1.13915169017003","-0.527910235415399","-4.36072606864408","-3.46568258465528","-7.16823790262339","-2.19413177634592","1.13434968196961","4.83523793442252","1.01891185381281","-3.28034341116743","5.76094123142495","-2.97775656472496","3.44259595647544","1.41062280781234","3.19923546226338","1.77667791171327","-5.52999670573208","-1.03305463041717","4.20995416576415","-0.0102614548134268","6.46521349187134","3.1036122781753","-0.806386710720988","-6.75613591978117","-4.39464640147619","-9.10187408600609","-4.18241625060817","-0.199706788115437","-5.2321792112397","2.18446627272124","0.342563316209038","-3.20055588905868","0.810162315042172","3.62086571787285","-6.76598525037673","-8.92830355386287","-0.555283609561474","3.42771792586266","-5.55663700470597","-1.29053906888121","5.28115942021216","-5.155320328952","-2.21559339009958","1.44604403186981","-8.42024760804334","1.58347534972721","-0.240933759994787","-2.18153904621872","3.47788592383738","-4.96745473819833","2.7544180787731","2.55189564684005","0.905065418113446","-0.438063094561918","-7.60269111081585","4.57007398131193","0.343857855130619","0.632100350936357","-2.46531981599681","-1.95895675841627","6.12569839209012","-2.00926331761003","-9.66448500236872","0.966331998435338"
"Random_Index6_32_0855","-3.23691488966444","2.17229457728468","5.34938409959579","3.15439083934952","4.68750209652074","2.27313355598791","5.40406032419329","-12.8282098316674","-2.66498803483971","-0.260245102936172","-3.62559972573006","-1.11344204973558","-0.532146936855429","6.77946370873938","-1.38983086433885","3.0934331894303","6.44943340108961","-4.51450997917106","0.344001283590868","0.755758056123713","-4.46475699336749","6.82202714490119","-1.92426423981535","0.071461263496457","2.29434689709286","1.07419682102078","0.2646265713322","-3.68290273049195","-0.699405015141769","-0.856717014395972","-3.67454191727456","-3.10181318269984","-4.09230904325525","-2.92172058341806","3.21825380071604","1.68927567055517","-4.17177095828542","-3.074318577634","7.05080812711855","0.239005971418216","3.20963027770479","1.45479606272518","-1.11227305719538","-3.34522846853296","0.012023453613413","0.985999010789632","5.04854824903205","3.30438174801218","-1.68428511913684","-0.559941027295718","3.40050199912363","-1.27817277458628","-0.697626696987667","-4.51200482795465","-3.67516068252621","-6.99505754009598","-2.33276391622077","1.21862148674162","5.01102286596344","1.21108881806537","-3.0503959703742","5.71805800892523","-2.67481917684048","3.60570710450574","1.15947393627639","3.51105205492962","1.69444855066402","-5.68013314598112","-1.12463514643974","4.27719365612143","-0.235838184041008","6.71890792294761","3.22202330593496","-0.839166586731266","-6.84812510320458","-4.359095525687","-8.94248668777951","-3.94639051576726","-0.165967698975033","-5.22749774579775","2.48945622730925","0.294430578545289","-2.86228674589633","0.941748054743339","3.63106521357836","-6.54647502981648","-9.16779567942904","-0.78217217725589","3.46937835589402","-5.5408272474928","-1.16656248306202","5.34440293292151","-5.03221223706968","-2.3568280879793","1.30369096544749","-8.22956615573811","1.58804050008954","-0.263373627404277","-2.35746854685583","3.47743492240702","-4.8041687108628","3.0093170897721","2.95598812251416","0.907058316403559","-0.607400815851861","-7.57720010526852","4.76905915018105","0.353023841884747","0.838072926507487","-2.65328066860012","-1.67728621179043","6.2475345476164","-1.92488713062157","-9.44898100261998","0.885772786025824"
"Random_Index6_32_0856","-3.18803245605307","1.99457546085027","5.38165536922677","3.00973428057711","4.50037777801769","2.35046896955933","5.40731899216238","-13.035277011307","-2.69201461450368","-0.205707313857449","-3.5862928504926","-1.07117774136227","-0.487152510487948","6.73961047083681","-1.30581420205119","3.04989789300505","6.26081692695319","-4.47998764217702","0.32112612176239","0.732024439986964","-4.26870620251174","6.67095194413224","-1.96997570175519","-0.0412116184371142","2.17312941742999","1.17115595525181","0.320516972853309","-3.65899679522903","-0.783306396189612","-0.880703709165509","-3.69210939003277","-2.92604761916691","-3.9918822666231","-3.20882231833203","3.20105856668856","1.40835880337707","-4.19727312981087","-2.91229388196576","6.85765169259468","0.294987131036761","3.15474616765966","1.5566577749112","-1.12498767894611","-3.34716357009515","-0.077268676578092","1.04428121114224","4.83717270057566","3.21560626546293","-1.60760921699806","-0.763161657666411","3.20191529262505","-1.21797016046106","-0.561867870879316","-4.35507800569362","-3.5997719039935","-7.08266186611687","-2.32636982236384","1.1293986219557","4.9732516878675","1.22544091526123","-2.99854590185282","5.74486661167878","-2.77530961326077","3.49641626930415","1.3264289325558","3.51468503418159","1.80496187920064","-5.82168397342187","-1.00277233170841","4.29437892778694","-0.163441722242472","6.481209611724","3.10324718926755","-0.860613141430429","-6.70939019766636","-4.36415425484995","-8.94215304057089","-4.13714642370848","-0.118252943950644","-5.22615809692857","2.38103274217514","0.301363852033791","-3.01189622362008","0.807681642470008","3.58057809766109","-6.63293857708563","-9.1168911741128","-0.571922505151624","3.359969327273","-5.32741681863836","-1.22837575776851","5.31422181961593","-4.9151358379792","-2.50245789521923","1.25903142850629","-8.36008691005643","1.41890299725177","-0.200442940199427","-2.29427936293479","3.50265644294995","-4.82696451342955","3.02036168720768","2.73511013463654","1.02183263424802","-0.437680875829675","-7.60354415916512","4.57621439040939","0.384552003467073","0.582822361909989","-2.75509686221283","-1.78030835377787","6.05943909410629","-1.84711758882822","-9.50342805845241","1.00437412909805"
"Random_Index6_32_0857","-3.21536946520803","2.19841976137115","5.60117843572767","3.19916368220444","4.97813311616984","1.87745461148772","5.04381439198253","-12.8046246527153","-2.89349198314093","-0.477956275307593","-3.83392281069875","-1.19180747633625","-0.643302905070243","6.84555492004851","-1.49665615430412","3.11191272513914","6.30443901637438","-4.7764051965578","0.107283669358395","1.05998832566098","-4.18935627247923","6.92144911976125","-2.02006483286437","0.226902120546459","2.31872913946705","1.1229634218998","0.538032832879452","-3.83576228020971","-0.403440064545592","-1.10216107050784","-3.93956869867067","-3.10331369153039","-4.08703258246654","-2.9739594249362","3.00842898200687","1.6610000426659","-4.32571570573792","-3.06933928382694","6.98403633035363","-0.0412075125882346","3.28038215098614","1.28457387817295","-1.18620378259864","-3.57236531478258","0.178675956119721","1.09531372733086","5.10615742676623","3.33399744227784","-2.07233567821323","-0.587567697505537","3.49687841595327","-1.38642393246901","-0.734524181561206","-4.43596381249622","-3.51612202654789","-7.11840621909237","-1.99252345028905","1.13359726578121","5.05032422031486","1.24824044248085","-3.32774982320466","5.82187353586037","-3.03819656738358","3.61977110477088","1.02568557710632","3.27785528783723","1.56590880345702","-5.85307586995135","-1.1332240686038","4.4645681073018","-0.0869720569660023","6.62396624010984","3.20815017252208","-1.08813179781358","-6.9297394604928","-4.54233509578708","-8.92503576673935","-4.03792868186792","-0.443437572054959","-5.29769049812175","2.30647763407621","0.0985363178342501","-3.15647506257851","0.915475549067646","3.5402815581761","-6.78397406905768","-9.13961368345487","-0.813188358931406","3.42363425281987","-5.38041371387267","-1.20114796768425","5.53470559329002","-4.91883164712839","-2.18707969496224","1.58858993234444","-8.29065220434554","1.79577037478166","-0.470340008421016","-2.228416110038","3.43845640055886","-5.19142868884077","2.74864316099854","2.83855769439842","0.637819733767339","-0.700612355070046","-7.42764793625748","4.63516414807362","0.166381417395363","0.805905914341431","-2.70827991734699","-1.55102963472394","6.11333222807478","-1.97618631336561","-9.68584783885644","0.595272703078581"
"Random_Index6_32_0858","-3.07361464946278","2.18037106677104","5.6496900446129","3.26830041345286","4.7358191391798","1.78942890349629","4.74582026904632","-12.8438262082239","-3.02302466352232","-0.477568526351137","-3.81415059090895","-1.36392108167461","-0.852881905667527","6.99485282189695","-1.41775126814015","3.19460357099411","6.45236927549188","-4.65439722462728","0.207189913131611","0.939638906774814","-4.12705213885442","7.03941813449401","-2.13728890430649","0.0310836733816856","2.21598166227475","0.958745505141348","0.369434767523215","-3.72523557334006","-0.480472296992261","-1.13078801772905","-4.093163420396","-3.22962648607078","-4.17779045039969","-2.93778190541723","3.01456649088401","1.57575670883382","-4.41325540795028","-3.21342927544684","7.2386702244161","0.0473967791181987","3.35932721264888","1.22546703128041","-1.21099016742209","-3.62960571838989","-0.0706691375002242","0.747835705320324","5.1177851085805","3.2938647882225","-2.17529737583411","-0.70500514828766","3.54777772762071","-1.41772631051952","-0.971796420722815","-4.38948953549452","-3.69222135496214","-7.31278652348022","-2.14602517141277","1.01015182636883","5.0972467344921","0.797654396314924","-3.31444229384655","5.78493626019516","-3.01629775575919","3.68587619891172","0.870112986539628","3.29507514363462","1.36819346908019","-5.85088679813048","-1.064461080716","4.50636631617795","-0.287361596656563","6.81945427122118","3.08779673396198","-1.27467558624638","-6.81339582048392","-4.40479708078111","-8.90019408373685","-4.07728335234628","-0.590167718762937","-4.99005116540286","2.42965919989653","0.0621518718293478","-3.18979578901238","0.772455440059907","3.87673127422894","-6.86119363771943","-9.19637487873105","-0.8156361647936","3.44336864337626","-5.33123250641397","-1.21860406669503","5.34652863341768","-4.79063989290546","-2.26341979344566","1.4415235291578","-8.37309011164235","1.76542000861056","-0.462480737276461","-2.40657023277399","3.40267223130678","-5.18019698730286","3.04632086761838","2.97100524166083","0.601609597376337","-0.670342863886155","-7.46963333578362","4.6028598010948","0.0612759788017216","0.809791502403834","-2.65518570465978","-1.55771993822827","6.2513983863553","-2.11647021753979","-9.44222580370103","0.66630991426973"
"Random_Index6_32_0859","-3.1919594407952","2.10039582782232","5.51380488816052","3.12051687416964","4.89400393218586","1.87808568812553","5.05918942487023","-12.6264970668319","-3.05473441057466","-0.423151661724736","-3.82335524210476","-1.29523107836248","-0.637102390202008","6.91985649095923","-1.51619808273817","3.30115099530003","6.02541121172939","-4.89215856883226","0.171907999679282","1.20820981286745","-4.28965815396049","6.82146563804692","-2.02679744516877","0.238377198089467","2.17779514748392","1.23443110999048","0.660477946684145","-3.77089275676619","-0.34255210840834","-1.11751871549032","-3.97778127670411","-3.06743316608137","-3.91909422823425","-3.12782132114161","2.88435409225489","1.80660652330588","-4.40010684929967","-3.20296928853356","6.94973768681284","0.127926646724353","3.20709112513717","1.28419442991312","-1.17330528049456","-3.68062348839258","0.183432817396737","1.1639405523719","4.96133235829733","3.22832558255331","-2.00364072668351","-0.681262575132284","3.57612219246602","-1.42488799622219","-0.807858034954623","-4.16306239262142","-3.48555593555242","-7.12743795088182","-1.95580810912307","0.942720693022187","4.89329318543747","1.20341819452931","-3.28233885200531","5.77181906112116","-3.08396299587044","3.59607873865979","1.21763891274336","3.17193866677555","1.63795765723795","-5.77966652578602","-1.23943241804166","4.56115464546465","-0.00548282481750149","6.48517457001093","3.04948146618836","-0.789540608942191","-6.8586653366633","-4.58258751132553","-8.73205053765819","-4.10135462343159","-0.542807230003903","-5.2115258777438","2.19383920168306","0.215376567999171","-3.18668142877218","0.978068843645481","3.65722513434723","-6.91916654551411","-8.83039452608913","-0.832827469080223","3.45896189863853","-5.30474708642373","-1.18912908830131","5.56217480984427","-5.02350705274268","-1.96863652607109","1.59406717375831","-8.22810160057464","1.89648312577696","-0.622789937017891","-2.07541557949691","3.31613304102535","-5.1777021787745","2.74971758797071","2.71454757514399","0.796208253928724","-0.593917468205721","-7.7382928550038","4.47949723161921","0.152672998013628","0.680781276067534","-2.62150211529303","-1.6987134980152","6.07099754023015","-2.18264082189009","-9.49948836613127","0.809564276281649"
"Random_Index6_32_0860","-2.80100147095869","1.8745476022174","5.28694675213813","2.76529165977738","4.62943821243934","2.27146040101975","5.08020834592141","-12.7950334678345","-2.62883844214281","-0.00319097191478906","-3.45161394111344","-0.841334128333175","-0.344423807692145","6.63021984024529","-1.16897968434444","3.10172883265109","6.07357258406449","-4.60163546695784","0.580630971254433","0.8432450803656","-4.33073207303204","6.53394489768594","-1.80923203624334","-0.128116610342699","2.03585092381147","1.39859360607282","0.291284008194728","-3.55274513630496","-0.65345167082291","-0.741628076866483","-3.78216121085307","-2.70539842117507","-3.88920917586545","-3.01364043689173","2.9505176040599","2.00105610904419","-4.41089562054264","-3.14927313031106","6.61050357590896","0.397130616398264","3.08960916011887","1.59895290374521","-1.05662321848526","-3.28282219613176","-0.0678894626655409","0.772215514750423","4.76697697632704","2.9341868985591","-1.75040868401002","-0.949153661724579","3.22563130835827","-1.05354094188603","-0.443862860550831","-4.34187714177802","-3.20480532126226","-6.9631308603266","-2.21818321589356","0.93897455747638","4.76464735590275","1.05947000968172","-3.11740475190826","5.4865183323426","-2.88479349670947","3.40020034332516","1.48712741329454","3.06318199915195","1.8364259816913","-5.49276692545112","-0.861906760230115","4.07083054651179","-0.0658386393873245","6.16666262272174","2.95164211217607","-1.1280361439283","-6.87634051484312","-4.10584888209506","-8.98459549232558","-4.12433768716661","-0.166877390771595","-5.19688294910944","1.99084377790767","0.423863350605746","-2.97696593003361","0.713283939481792","3.36907735540312","-6.59720849067343","-8.97184642744163","-0.507943532176376","3.16594745576278","-5.59287190184228","-1.42616179531258","5.23911990693222","-5.21196464416357","-2.42046025150492","1.35762473915032","-8.238578951972","1.5758062896255","-0.138106177000651","-2.30203536148769","3.35426222703836","-4.88522197303154","2.74348749056741","2.46529405011069","0.994608187623722","-0.517403839858587","-7.51015794793655","4.29799965339566","0.518103182007608","0.563618395952344","-2.48118140126126","-1.91729056076289","5.83731603964969","-1.86948643699422","-9.48776078105555","1.03993065605326"
"Random_Index6_32_0861","-3.09127555846321","2.10589182640923","5.49429889489202","3.08335194993811","4.88305477110885","2.09006401922117","5.19213731368854","-12.9281845148731","-2.88809013885015","-0.296772934562376","-3.75748789319271","-1.19465186384472","-0.499759094891638","6.93770224470446","-1.42578297132613","2.93188734384053","6.23727828365603","-4.73383765031621","0.253722829850075","0.928266476127183","-4.34600469909167","6.73949669798119","-2.06142909405526","-0.00325051980004789","2.29163756918524","1.10393754156291","0.36073724575752","-3.68828943751909","-0.437672130150804","-0.944050890222692","-3.82144465041875","-3.0090070929542","-3.95973226611206","-3.0272636787595","3.19219038362905","1.80567718033163","-4.1879236508798","-3.11006043452398","6.97170568118844","0.0187563440157784","3.22996999558698","1.4429753168302","-1.23350347699991","-3.5530222436888","0.209306413827717","0.997400543211323","5.2306359123324","3.22059619596426","-2.1691911495073","-0.620116508447184","3.56254656750314","-1.39020160374158","-0.689939407453221","-4.62698238859052","-3.60235834133687","-7.31474112963393","-2.07658567394951","1.18550590700498","4.98225488392944","1.16860698700735","-3.23580839135412","5.92485312490246","-2.89421559775093","3.71425941136948","1.02502205083329","3.37786542133826","1.55606537451733","-5.88208964913794","-0.795702126174983","4.35992456842373","-0.0196113585292096","6.56411474419692","3.21511008279598","-1.22071336647234","-6.7538563917689","-4.60933745916196","-9.02652637801111","-4.1217024391383","-0.651561645389309","-5.26153584266537","2.36459036903651","0.284110329268402","-2.98641520539778","0.760848877882122","3.669666210982","-6.81039439767987","-9.22870730974637","-0.90130184832114","3.55908245539504","-5.66697865330647","-1.21660992540788","5.42860884175992","-4.87827908309995","-2.26897706254177","1.41728691764355","-8.4152306091284","1.69918846016142","-0.393093309363068","-2.26179217069343","3.56694220322494","-5.0859070216496","2.89195038551105","2.72429966121714","0.718405688262779","-0.786688585091737","-7.76981717581598","4.65187579653834","0.307654508200872","0.826789045024304","-2.72228450025571","-1.44085114724468","6.25516752238158","-2.10099812588346","-9.70895567879632","0.833959183694255"
"Random_Index6_32_0862","-2.90536499446561","1.98348444602216","5.53735110341408","3.05449568607412","4.74463467966518","2.16737464199674","5.11620971167559","-12.9958013742975","-2.72301628071265","-0.123262214721227","-3.71176405956941","-1.19869650506036","-0.634106837955449","6.76889984675464","-1.29454190444896","3.09524241672435","6.22781940844046","-4.59387517748772","0.294213323329987","0.814712066298087","-4.14221742469829","6.76401897367954","-1.92271365727728","-0.112217899046764","2.29480182005372","0.977823869993415","0.248309052448079","-3.7877731996584","-0.554755412136792","-1.04043113698633","-3.84888529321575","-3.09202555522168","-4.23023750132674","-3.28043036382248","3.05345491800788","1.63191023150606","-4.24155237914725","-3.1159507978912","6.83840867305574","0.143029153767011","3.24761462166202","1.40392103187875","-1.32821510181662","-3.56558845513829","0.14010150320585","1.02875908309597","5.01440461964479","3.27708998869544","-1.81580015237079","-0.593369835487959","3.32846775952141","-1.26444702565653","-0.76469194280267","-4.45370170120818","-3.75735797559463","-7.15489682368395","-1.97469189407514","1.16487380242551","5.05074557870868","1.02309624175378","-2.99494654959342","5.74336268983919","-2.75514916317348","3.53058599529064","1.14954052996196","3.41262674842237","1.45846473597483","-5.84820821403496","-1.14195611761369","4.22052656046841","-0.229786172710503","6.53436846747108","3.17690686401851","-1.10288127728121","-6.78606879470311","-4.51233809077394","-8.87923101024832","-3.9841516177292","-0.380853789011722","-5.27893195406671","2.54917682687266","0.203884693473763","-2.96604225886583","0.720621030064002","3.70052572526213","-6.55920708408663","-9.06229749628394","-0.812972445668088","3.43134862555129","-5.57049386934778","-1.04955317016351","5.25654418235771","-5.10448266412577","-2.21147996760023","1.30360469057462","-8.4751693422634","1.51971383883135","-0.291880148530198","-2.33714057801473","3.40378297732734","-4.90340839739762","2.90157026643821","2.8616589008523","0.882063515550146","-0.765737794739274","-7.62158611978909","4.63670655638037","0.349822501303255","0.580464872578198","-2.76813122401837","-1.74082522199025","6.26866282196148","-2.0657618882712","-9.49569682996424","0.979947128125185"
"Random_Index6_32_0863","-3.11096366795641","2.19533324357634","5.57168414701466","3.0304594613607","4.85160631937798","1.92872344289065","4.95277087193349","-12.88336863541","-2.8461018058082","-0.198819344383078","-3.68321160221222","-1.09790828961664","-0.517732134430527","7.05316019366951","-1.33574863055529","2.9567165627146","6.39078140927507","-4.61850760221475","0.276134117121519","0.846241419421248","-4.20490099347397","6.78230515568954","-2.04662942811123","-0.00985241642179987","2.27701076261765","1.12700142521547","0.369403082860271","-3.77559413442036","-0.55823528580255","-0.992508432247608","-3.88778061233692","-2.98074245491936","-3.7452742020776","-2.9658982146398","3.262055949612","1.60786958903684","-4.19615888196426","-3.14430252567122","6.83777911426214","-0.00944226201536031","3.23019276596539","1.37811832882422","-1.31870273719567","-3.69675555652078","-0.0438490472734814","0.95259170146855","5.0828413817029","3.23195253085776","-1.97797181034836","-0.702526150311471","3.4925857135315","-1.33501458084547","-0.657780406464333","-4.52793899029569","-3.36798262527044","-7.27075335517491","-2.13939157336893","1.24192560212927","5.08221171227426","1.11976020955395","-3.15982358314142","5.84002713230728","-2.86129069968237","3.69375753692621","1.10846661570728","3.5084606063191","1.48533533016852","-5.79320590945008","-1.08791047019999","4.3754620701722","-0.110457401956114","6.7115867701011","3.11557464302574","-1.28097607253666","-6.8245580337652","-4.42133314340452","-9.06455512662805","-3.97446735572775","-0.502061180878041","-5.06579996302241","2.52850954971147","0.20418516625248","-3.07159219517966","0.659673374174046","3.82954846656248","-6.71614044848446","-9.0339340349908","-0.820638171188342","3.56961696092738","-5.55407002760191","-1.20708641424062","5.27719999418662","-4.68083206971315","-2.48928756723887","1.34649293224167","-8.55608790743036","1.58314304320518","-0.359080510520234","-2.05792947123824","3.59475094031296","-5.02022905715538","3.08324453017523","2.80374853767413","0.740465027755631","-0.803904215957269","-7.54427198226708","4.71283355319246","0.255046032088912","0.783173734804299","-2.77092951105281","-1.49456347125786","6.32569159845051","-1.89785745899551","-9.79887069969107","0.904925644694868"
"Random_Index6_32_0864","-3.30688266505477","2.21335447129002","5.463176946741","3.15599506931893","4.83903058618474","2.0318090143354","5.22081084115054","-12.7063216625091","-2.93082181840575","-0.352908549297314","-3.85399728887366","-1.15988894566262","-0.546156211896589","6.98183592038183","-1.5179108191979","3.05646217619701","6.27665412882875","-4.91047466542122","0.243466284622066","0.933754243601319","-4.23347992661616","6.86130914813159","-2.15003313634063","0.087901073047559","2.3157094285126","1.08897429441799","0.430829532837605","-3.96973189901616","-0.475041385378776","-1.14503390454716","-3.97832884238489","-3.13079008262948","-3.99687741241565","-2.95506803826486","3.13869307691202","1.66956417304211","-4.21061326129111","-3.0857728354994","6.86930066750031","-0.0112601456725244","3.39352731944728","1.32296649606576","-1.42636364025234","-3.73554800801104","0.219605507760999","1.13280124064553","4.93607312010199","3.32202116554252","-1.89654855363434","-0.571161063579066","3.55241197197957","-1.37661495893762","-0.694853785256609","-4.56200069589251","-3.51059869169198","-7.03642941135711","-2.01116121971808","1.19052153554144","5.10926831171674","1.25572354414499","-3.27646587598513","5.86585434109742","-2.93094313444881","3.82428823041399","1.06142921715722","3.48200485575533","1.69356476250786","-5.63472039745776","-1.08023881468357","4.39476571197067","-0.114234801923247","6.66674763081629","3.16668382282267","-1.06669665768588","-6.79694660834186","-4.48976827333047","-8.77591655681463","-3.91150759929415","-0.56343121053509","-5.18211798801437","2.45315583341438","0.187960314975455","-3.04410482159919","0.775468048735292","3.75061715685443","-6.77838931352282","-9.08344740379619","-0.836935582089216","3.61151801169112","-5.65203692557922","-1.1085209708869","5.38523302239694","-4.79074844434083","-2.24810563175441","1.41952895740915","-8.4265732194661","1.76559072596122","-0.537241803789044","-2.01993486375993","3.50198854067332","-4.88642793774229","2.87563388683852","2.8416523569319","0.720066258368656","-0.731817933973868","-7.52966334664896","4.75302856340789","0.24179584821387","0.824225766317389","-2.77303387898367","-1.5113985981838","6.3122422577153","-2.08277964797416","-9.66562237211264","0.882847430468439"
"Random_Index6_32_0865","-3.02988100808526","1.98120211631909","5.4559937049384","3.1830816507835","4.77103275770051","2.10784878362178","5.22693775905091","-12.7363147278482","-2.73185756341258","-0.370911387069859","-3.54098549940437","-1.41378990880672","-0.665696278028194","6.91302159873055","-1.44161004448914","3.05230819134488","6.38758526128151","-4.60030791695937","0.323994163747639","0.851981664277922","-4.4051998601531","6.69458865301564","-1.9459225002306","-0.10308888770482","2.57449318965978","1.30293441322149","0.506835970981706","-3.71887760177661","-0.393273111145988","-1.00500773720762","-3.83483236035294","-3.06358829431247","-4.17657136810824","-3.24021638826342","3.12339889462938","1.71709791660604","-4.08326286742865","-2.99273501001787","6.82474483754973","-2.28553001477526e-05","3.37377778315144","1.52111056530885","-1.40890413326863","-3.44694842581589","0.261104415577413","1.13231634846688","5.03686945798407","3.39871884098815","-1.88750629274779","-0.569085622393145","3.40948089875588","-1.31585849079813","-0.667623430457072","-4.31475114439945","-3.54855642727181","-7.162623915308","-2.13787082140494","1.07902927256296","5.10614550928084","1.29408014608234","-3.1405110470305","5.89325795763","-2.81650095699414","3.62108937112472","0.897054762635607","3.54360574712469","1.54724949896868","-5.81318077914313","-1.08600541440739","4.31345468716762","-0.139312239640011","6.48384272104203","3.17056186852627","-1.13664183415266","-6.64812830182399","-4.52106453019383","-8.91008824584454","-4.11296077331339","-0.422536468389693","-4.98984063561336","2.48002096775509","0.319307556987559","-2.9631374391369","0.993276951818011","3.72858035071846","-6.65084507141299","-9.01733462555418","-0.89607052930954","3.47675751588542","-5.38741876960329","-1.08792283806376","5.30321435303042","-4.9858292710815","-1.99609788239121","1.4041105151268","-8.33956101526013","1.59133161042215","-0.419718089280041","-2.37400650389365","3.51290164579857","-5.01328592084669","3.08652223798689","2.77349408333515","0.681095461968231","-0.531273667214335","-7.46814628481056","4.68975162047288","0.357116266021607","0.626197028745358","-2.61399057686767","-1.70647713422186","6.20879557365052","-2.08253004101193","-9.6001273780557","0.965163521188428"
"Random_Index6_32_0866","-3.02403785790437","2.41847719337445","5.92863664121258","3.61140392401672","5.1160490743305","1.9981795562115","5.16907734234455","-12.9657109102783","-3.02850204167018","-0.594875694814376","-3.88789943595971","-1.44975774250933","-0.836020105743683","7.0353573656837","-1.61014213925062","3.22704760584256","6.31718283540674","-4.87322454910858","0.0247045563315024","1.18640173910644","-4.22797798771114","7.04799238254336","-2.0538333203444","0.263501947524641","2.57373672891492","0.842016210776716","0.524862176294884","-3.83294497710095","-0.433455093932932","-1.23111689908006","-4.15397110048082","-3.37054874956716","-4.34754657685498","-2.97851576926059","3.05310502554452","1.69210851620901","-4.41014645716955","-3.061257079349","7.15065323522732","0.138698685402105","3.53213654858469","1.30229368573298","-1.11822817205179","-3.57429566165124","0.344849596713834","1.05086935948941","5.30510313421654","3.4084153400028","-1.95871150175905","-0.393466240625064","3.61675540201749","-1.54110109863685","-1.07430751826656","-4.37234641246104","-3.82711652218811","-7.19745927941979","-2.01001938070381","1.17173284294862","5.35967558222232","1.1883095779685","-3.40310545039111","6.02848752169522","-3.04165862948435","3.82146861399696","0.941444196348397","3.18434006432316","1.30045356194598","-6.13681028172659","-1.16574057555763","4.62759746132461","-0.130027255453785","6.59021606614156","3.39928692778672","-0.985481044963571","-6.69650426242047","-4.59363551517234","-8.72687801711964","-4.07931886063863","-0.574398598530092","-5.04051572858126","2.5130349458848","0.157875039393447","-3.10577169621263","1.21601259324408","3.75554958939564","-6.78235446738012","-9.36135700029933","-0.971627621697764","3.68816826295352","-5.38851214654247","-0.934310384966751","5.62367849204626","-4.98115438813074","-1.84322245921208","1.74251153888426","-8.31883495623852","1.8945102629794","-0.561878817437018","-2.51506509172535","3.49664173022397","-5.1396239733542","3.01257669933168","3.17501806950601","0.73976495816213","-0.609886158632396","-7.63719343003367","4.67945227706633","0.221323401890891","0.795253678454986","-2.69576309206915","-1.52918690204916","6.29348791959514","-2.02781598515024","-9.60773210032927","0.852811546042032"
"Random_Index6_32_0867","-3.20081578800232","2.08588922032804","5.40571847631144","3.16389815907658","4.76579716846126","2.02213798243814","5.09937001949626","-12.6215054414013","-2.87163403828514","-0.382469843668723","-3.751263549686","-1.22437897859623","-0.612096468538106","6.94155744890223","-1.44227023803526","3.06993768854985","6.50314632418776","-4.66592942751165","0.22546672944717","0.86084115183383","-4.0527154909272","6.9112061859771","-2.03312677805314","0.0652528549068555","2.34118069013109","0.99816242832982","0.437765050677064","-3.8383154552496","-0.627667197183689","-1.06566422409489","-3.82344405404644","-3.1463687426761","-3.8445249648282","-2.76352521923765","3.12120428375586","1.78167855085017","-4.10942627640408","-3.11190808755033","7.14065459030541","0.0488015755553542","3.33235862766358","1.25480775896449","-1.27493535250814","-3.33502226649189","-0.0568559145901728","0.883905775025365","5.05439135912207","3.33125118098606","-1.7562482206603","-0.544805577030242","3.37526696529142","-1.36972014744456","-0.799319375804409","-4.39050695224409","-3.69955736683303","-7.02043972355565","-1.94697942313291","1.00994354082597","5.04147449020451","1.15758401353243","-3.22906257934968","5.82482355020289","-3.00798231866844","3.68332172531186","1.13395099214249","3.37500770390928","1.63463245084386","-5.80031098562683","-1.09567528431298","4.42363211412789","0.0209395571159209","6.64343317158258","3.19846438705377","-1.14277464081339","-6.57735358610692","-4.47419126230928","-8.83210988749711","-3.80138105919248","-0.444799520979725","-5.11014385865114","2.57079166373067","0.290752508832954","-3.00665295003377","0.687877365818726","3.81180304290046","-6.78908893722226","-8.96415509111376","-0.78958149467456","3.54207493502086","-5.54772422916975","-1.14662671957418","5.43965199830341","-4.77740093719998","-2.32422604324967","1.51571944734515","-8.36670437957976","1.63780483961151","-0.529091133665307","-2.27063885161973","3.36050715128257","-5.0441130942203","2.89554514305325","2.99222701126362","0.638698269811772","-0.795910911945822","-7.32194654148938","4.6528368599181","0.200450408058714","0.965717962947751","-2.72339696526594","-1.59653477829088","6.25006548618769","-2.07197896085945","-9.50972696607028","0.885980750568617"
"Random_Index6_32_0868","-2.86028908938424","2.1801930307458","5.39816190536734","3.24379505375398","4.88582089735728","2.00683638090049","5.0709597375925","-12.8534007581645","-2.6792047495648","-0.309990957617099","-3.84524812302584","-1.20929961692509","-0.727052818595431","6.85954452067816","-1.52998008015779","3.0008408607585","6.38189115855539","-4.40899230177145","0.195361613132544","0.857147728844947","-4.24181520463547","6.85428262657849","-2.21018704932816","0.25859202209187","2.13513870130046","1.22021081777547","0.426976379853222","-3.79747247312071","-0.64365571867585","-1.04865299093396","-3.92633815457966","-3.09863003247832","-3.98323714022385","-2.93160827123519","2.86831309081489","1.65780830458418","-4.21251516919985","-3.24047805995712","7.07267092749463","0.0620397135688723","3.49787948199954","1.22919647475486","-1.22945130108792","-3.66028339468364","0.0596528166511981","1.02152659518992","5.17938935194431","3.27746651025456","-1.86393965557042","-0.566378746629606","3.54442015416498","-1.31268265207445","-0.809341424200497","-4.44812267468643","-3.45537856469552","-7.22837700620863","-2.12872740519785","0.92185495743442","5.24300138336412","1.3336540587903","-3.03086460467316","5.78704499796577","-2.83870768661295","3.75926064497252","1.07659427778449","3.31425487008853","1.70991492868986","-5.44257415958394","-1.29148385266975","4.41408973563698","-0.27992324446856","6.76733134476829","3.13995267886475","-1.04224382037217","-6.78635264176335","-4.4222855683695","-8.92504569223653","-3.85081595029251","-0.345818931544893","-4.95855590272061","2.43843872215285","-0.0171451924810898","-3.08208889783981","0.898662251434863","3.84626527830957","-6.65791158033635","-9.0958287070798","-0.696543579157679","3.37133224919788","-5.29956560915364","-1.27736463824244","5.25991124916951","-4.89045844572986","-2.28347759599163","1.36045030096417","-8.14932612866177","1.61160374831795","-0.327635593500846","-2.33074551726858","3.24177222856655","-5.12397028504638","2.88065365438558","2.85749094018158","0.662716248142527","-0.619132011706504","-7.45490145843602","4.70420933621479","0.198104115604479","0.988635672251177","-2.6867009303027","-1.61904491736556","6.32180416941864","-1.88465968317372","-9.57115513770287","0.706940028586365"
"Random_Index6_32_0869","-3.0829353452399","2.06241799220055","5.5040610581955","3.09946610297021","4.75075916254832","2.15047272079475","5.25963786670573","-12.7330494607468","-2.58725377182616","-0.300336890274851","-3.72438863612528","-1.20453944189671","-0.520776849122366","6.58101629029526","-1.56130718153849","2.87931212289712","6.0917843114112","-4.45578445520844","0.220946294243403","0.855079577679883","-4.20083640702045","6.66994298384623","-2.07734328812788","0.0227853027010502","2.40240335790702","1.18890592697138","0.322657245886698","-3.79094176034419","-0.828018228024723","-0.976919859982995","-3.75876060425304","-3.04587930813039","-4.04058182931536","-2.84345831446257","2.83413879177187","1.82935409897712","-4.05486838851633","-2.83420647563414","6.73831828933469","0.033214984162528","3.2449626560839","1.27651875608005","-1.39871128265621","-3.46474629923281","0.0594611249855041","1.09187280320607","4.97348466297549","3.33784392504858","-1.78557197695681","-0.534339430207078","3.28666974201936","-1.25800777543401","-0.70299008167023","-4.50616396284917","-3.43614087843037","-6.9396248179668","-2.11875894864501","0.764746524863224","5.10300731893588","1.42766459919006","-2.94232313646906","5.76328442769575","-2.75251750540083","3.53155539275458","0.967160830478625","3.20833666341654","1.74989877529551","-5.62365199936475","-1.0483944126034","4.18745466732193","0.00205518127455046","6.36412946020111","3.17066224651423","-1.0098147034541","-6.6450644493156","-4.36227342665222","-8.8746633483725","-3.7875211588929","-0.33702247192492","-5.102831358313","2.2802074199171","0.0403972999472261","-3.0245121908627","0.900006417615345","3.26268043692965","-6.51043455281757","-9.06189013398354","-0.738247677010459","3.57264158018398","-5.50355013152601","-1.09787518829461","5.23669007765802","-4.88005498408196","-2.26331674017137","1.34545382792366","-8.08340156544549","1.63252263831525","-0.309269792310933","-2.45555680561178","3.1107657862768","-4.98407024430333","2.57369197066761","2.71182297902699","0.74969002517643","-0.645858081104594","-7.58519680286429","4.66092404011044","0.235610149482419","0.836342835118105","-2.64666845306287","-1.63319465318245","6.14620417918806","-1.60281018983181","-9.48341506362548","0.642148120953371"
"Random_Index6_32_0870","-3.20020407130808","2.25172403556526","5.67713838685424","3.20134791350783","4.99440637604518","2.00320539684811","5.20640092717576","-12.9187820191948","-2.77051535739434","-0.442165333529942","-4.09393715941532","-1.4163312036082","-0.835863314748264","6.92414067597697","-1.68022841529781","3.11904431394239","6.53673859386522","-4.71836521722948","-0.105974349146756","0.965536557274676","-4.29820655418866","6.88365204687015","-2.28005554479426","0.104252882571535","2.35275857691423","1.08470193065758","0.523169777602033","-4.06341000465074","-0.513260267614542","-1.2193202850493","-4.04728191634736","-3.31802358438973","-4.20089332834675","-3.16120859805484","3.15748558469861","1.61896149687826","-4.4194204673894","-2.99014908183985","7.12162312346096","-0.0450372511616881","3.47082336360451","1.17102264481865","-1.41097473602813","-3.73382177738656","0.256735632472149","1.19907978157742","5.12250615737443","3.44692708999922","-1.82505109559908","-0.574709985853583","3.46205609120127","-1.4646139381934","-0.941156465234572","-4.38996055866949","-3.69673551456565","-7.28648926977995","-2.1529493708212","1.14906831677008","5.19459913028264","1.25584455045349","-3.32996532860995","5.94500464049223","-2.94311743950497","3.75420261059922","0.926615610209162","3.50079305981488","1.52788863267296","-5.87340875076135","-1.22779039666671","4.4722044834321","-0.0852865698392439","6.6407993818852","3.33776862934036","-1.06140433594502","-6.71757750416981","-4.80690856095602","-8.82240859954943","-4.01716262041259","-0.457252818996763","-5.11269511120477","2.34215988731015","0.0244043795884211","-3.11245219764157","0.951992843831994","3.88415803776875","-6.7276391860534","-9.26422514321239","-0.946389289104852","3.45155301319044","-5.51545512088779","-1.13107289304604","5.4729680863474","-4.85383037933022","-2.06410929435424","1.46860298335689","-8.38833691401987","1.70271557719759","-0.690517661889626","-2.19356086828447","3.45092162246115","-5.21028903425764","3.00208214292142","2.80267728362066","0.681939304897812","-0.634192666982979","-7.4533430626636","4.77329502924244","0.0401252554672291","0.851364805963698","-2.75516459087199","-1.63468932960893","6.38497684093695","-1.99181902068793","-9.60374575962313","0.791324201768067"
"Random_Index6_32_0871","-3.10485526754867","2.1743544040767","5.50650416010152","3.23161311639955","4.73853444955261","2.23416834594575","5.03876400984405","-12.9578597510704","-2.94220057960601","-0.271019076732121","-3.69583319581541","-1.18719649895777","-0.543877908014896","6.86804621432681","-1.39803269426224","3.12089850221856","6.19255766488739","-4.62079891333177","0.248020739818262","0.890004738500063","-4.47090713760788","6.91355603552515","-1.9873629968319","0.0398706107348578","2.31028543382381","1.01361224761382","0.384097326071902","-3.7053131284134","-0.678186036703612","-0.846254206256347","-3.93133011049795","-3.18472016812605","-4.14749281773242","-3.09030184190236","3.04346511513922","1.62780570697736","-4.32821988295282","-3.27693500621213","6.99149030307077","0.250313463745578","3.36295851480889","1.51894376112489","-1.17541194323703","-3.39104627462995","0.204695674271991","1.07489678211701","5.08716053800914","3.35454726173581","-1.79204940218347","-0.602486470313716","3.34740287787458","-1.33338635305758","-0.850897973790389","-4.28227592624256","-3.67217845905098","-7.09860348606196","-2.09902114994075","1.05405350479225","5.04089009723788","0.975560922913792","-3.14914590309689","5.71772754857737","-2.63481986906808","3.6546242796749","1.17618528648062","3.23824223479178","1.52784157588538","-5.90427227338083","-1.14254645427221","4.39844628289689","-0.247730152160564","6.54911145802551","3.40343567635296","-0.929681454161819","-6.59616105839341","-4.6252826705344","-8.72767398048826","-4.10101041723148","-0.30758388096888","-5.15850409608046","2.51996754249302","0.275586019180748","-2.83952331708527","0.82911977465488","3.7232611055737","-6.57975374672616","-8.97266934460978","-0.744986930241885","3.42625219771214","-5.48114410861665","-0.899723375851746","5.27721132449879","-5.23188821554333","-2.07370080104348","1.39271536893341","-8.34138810904197","1.63834644271559","-0.388592198790519","-2.33441265477071","3.40244097207936","-4.91369599102172","2.85574492487065","2.91500960905415","0.9807342682688","-0.640654071474097","-7.55506766943892","4.66518056457167","0.453612911964063","0.628550841968151","-2.6297214143533","-1.75042542352816","6.19587918077257","-2.03165210688623","-9.29744058957238","0.960139428165778"
"Random_Index6_32_0872","-3.39206039563831","2.4376819823095","5.88886264740317","3.28198991317369","5.1084641292799","1.88913838200252","5.18923222916844","-13.0225625183006","-2.97858246577044","-0.582906065794403","-3.94259533020181","-1.33955746928643","-0.942399522723922","7.03775174805749","-1.54408687526933","3.16932598491969","6.51147553334393","-4.88844217997366","0.00777400604160562","0.990836733424968","-4.2884740746942","6.88966979688331","-2.1641601654603","0.160748103858954","2.32716077876654","0.981389915823405","0.334774817509038","-4.01761626644615","-0.48655024116424","-1.33098914076864","-4.09302189215837","-3.28003355731712","-4.04610537908074","-3.03301023950199","3.22251320614055","1.42189710279565","-4.16145345288418","-3.14023417759844","7.05567847616561","-0.103354169944592","3.46633295548366","1.16485815228607","-1.38284466930207","-3.8692472526347","0.252466539114615","1.06013501561467","5.27076556671817","3.51291099799603","-2.20347360563467","-0.505542264193431","3.60390408120566","-1.69360144633844","-1.00497599845475","-4.72189287967606","-3.65291227826437","-7.20246519354779","-2.01655602376772","1.28699724687642","5.28958598799691","1.21438625730366","-3.39061608240162","5.99199752199305","-2.89211945465358","3.86680682205793","0.878087334896052","3.66793793078969","1.37095296565283","-5.81788580340511","-1.12120130994325","4.57239946241655","-0.181140571011028","6.76676778805446","3.32715351429944","-1.24191399028997","-6.71981913407355","-4.66435757664666","-8.93594397848442","-3.93039664228473","-0.589725387634286","-5.15197554988354","2.62250659587621","0.15983015172291","-3.08660778205602","0.808941405469885","3.96072422644363","-6.90035451281604","-9.37626691567744","-1.02359081803573","3.73021594337465","-5.51529416990919","-1.04465916024603","5.42547004769151","-4.83220085650681","-2.11267275316131","1.59593617283835","-8.47496985013501","1.71283575251327","-0.52236876424679","-2.27168172576429","3.58567301988984","-5.35268653008506","3.09637791683921","3.02088770349434","0.512955754053559","-0.840155368591273","-7.7887289160565","4.83620209074714","0.0842191148635932","0.796346326868814","-2.88049814496469","-1.53422296760632","6.53988508441986","-2.12550878708808","-9.86842457027595","0.761377553871485"
"Random_Index6_32_0873","-3.47975956305695","2.21884632673458","5.75457510830451","3.44996416479205","4.94034085032487","1.95260740828243","5.24076433553406","-13.1044064575644","-3.04457839298427","-0.510809690555551","-4.15325731770526","-1.3632305693493","-0.966697869082401","7.11977213165587","-1.6939832772659","3.10495505067856","6.48098553570211","-4.57334164742863","-0.0261995635485262","0.900417898740713","-4.36610734455138","7.09202606444487","-2.32197591932066","0.28566471065716","2.58125769285481","1.14095083788591","0.550701806701571","-4.07434775053328","-0.515185988118807","-1.18262180357291","-4.15011810423232","-3.40123504873441","-4.11651237356256","-2.82620794586932","3.04767907624271","1.60932921596583","-4.39010867551235","-3.16449793731072","7.19303564291275","-0.0243312420402251","3.5500568667613","1.15061994702589","-1.36687473864412","-3.95214185195326","0.220590025383527","0.863291390240962","5.29940221915678","3.50168279157552","-1.81968350308678","-0.421269141699191","3.74533396940779","-1.60702105514788","-0.985378842420072","-4.64001948692145","-3.74075535700462","-7.44787106789198","-2.29834813439256","0.986335801150834","5.42084867670808","1.37352442851684","-3.26390006842681","6.01011782426492","-3.00821559697725","3.97618387818601","0.940677489110233","3.40962727260734","1.65266359207251","-6.03422671082934","-1.22047505423901","4.55635722243441","-0.258417088079174","6.93353306656435","3.07312035262929","-1.33091725080819","-7.17745842041585","-4.61633483675748","-9.03750624561589","-4.08387460554877","-0.596883104179793","-5.00511050472335","2.51865447799294","-0.113255144440639","-3.28306585805558","0.908090233580412","3.87544640752792","-6.88288738198777","-9.68048068497428","-0.803649722446235","3.59485247304856","-5.6090252570425","-1.10853535065831","5.34649960971201","-4.88838390597933","-2.24836655753347","1.3701976866354","-8.52276288702932","1.76048397232659","-0.558089775525106","-2.16893400015382","3.38806494323585","-5.31234981901209","2.99895377356843","3.02941069206445","0.629595375216566","-0.620209786715484","-7.49909468475699","4.93147318300901","0.0846083615949413","1.12337138220574","-2.78366391293717","-1.53277832788212","6.50070651433326","-1.95437866900745","-9.66633418191013","0.785122162732923"
"Random_Index6_32_0874","-3.17519943311788","2.05829041986247","5.42924453234727","3.09149998201805","4.75535350052166","2.02135364317373","4.9550091756481","-12.7039403444059","-2.83435799826566","-0.351830333476089","-3.69894519397735","-1.06941278307305","-0.542288624172184","6.82451677655181","-1.44444976879698","3.14468503352177","6.35766796685322","-4.60060954098394","0.27674110397077","0.979592692447721","-4.24806599669337","6.85860831651381","-1.9681934667779","0.138630947374288","2.16985830014601","1.09940061330655","0.404094290407104","-3.71402608909249","-0.621235599471085","-0.949296263222723","-3.84847442048232","-3.06425379087625","-3.92065520741655","-3.03091196670128","3.07417177040276","1.70148702247547","-4.39845415022732","-3.21997750741689","6.88255653739282","0.0646231983533628","3.30806180353338","1.41325572065449","-1.1511866638791","-3.48370882490483","0.0794663462319474","0.993068663066692","5.10800916467498","3.08753194523175","-2.00323335219382","-0.619848668978689","3.43999845723603","-1.22123455313329","-0.641999615016327","-4.40645990360298","-3.57326386315144","-7.05741153857289","-1.91381719379776","1.20334315532348","4.95450268536222","1.06889953893836","-3.09106689559497","5.72316312439231","-2.88191790421598","3.64388295289067","1.18538673869219","3.42045960451209","1.61856266180269","-5.586735023375","-1.06982779919103","4.39244938623983","-0.143357311244067","6.57981672143371","3.21418067102305","-0.795754001160789","-6.73831539946432","-4.3711118816161","-8.64250088065448","-3.92321390073627","-0.409856144124278","-5.36881466862732","2.39750020380926","0.212088170713114","-3.0843663924145","0.917424772805129","3.6630760768805","-6.61515674254336","-8.97139273684416","-0.715525381281393","3.35305234354548","-5.62389714011949","-1.17072323217615","5.35065241595846","-5.07105802634675","-2.16447938128654","1.3498249685977","-8.26753162959793","1.77181074157515","-0.441140062487341","-2.12760834951472","3.47380680802427","-4.95344218713309","2.92021281699239","2.85988610561506","0.89993689676452","-0.787640430755372","-7.4497210345064","4.6127287404394","0.296895774752855","0.647199429158486","-2.62152524278521","-1.61596293581369","6.16311731297807","-2.03610225093053","-9.36617890305163","0.735473158497562"
"Random_Index6_32_0875","-3.01116845421391","2.07485440298652","5.52105955291013","3.11886431992928","4.67756528749574","2.07489155143484","4.92970148664951","-12.8474625386668","-2.68942699578246","-0.190115198135843","-3.60169348240454","-1.07954190933858","-0.620859320865575","6.62773860863011","-1.30045868037219","2.89797136836386","6.152817417375","-4.56252757471519","0.291264623257556","0.742894188113251","-4.31101313622837","6.68134091535273","-1.92246431412095","-0.0697833647859937","2.46333416236371","1.12510753372624","0.349319020356591","-3.59058301490296","-0.706156483105533","-0.944964046386839","-3.67350187248474","-2.97814023702018","-4.13555990293105","-3.04316457282747","2.99244701746194","1.76237454914361","-4.1343458625746","-3.02604401317888","6.89286820761979","0.124414214505031","3.28122031798546","1.50698358531927","-1.19235957692224","-3.48635279020964","0.023699246232785","1.01111948933676","5.01342583641205","3.30811124993693","-1.72290269183566","-0.52806352816133","3.33161662916485","-1.26150068925576","-0.739671887849997","-4.30210699461255","-3.67057366132603","-6.93209258248286","-2.2281667707629","1.02335787212379","5.01007606459221","1.04073977159322","-2.95880244613755","5.76733572547312","-2.65149800449034","3.51257880696167","1.14049966882677","3.19749852409498","1.46682071467092","-5.93560791001228","-1.16914553999971","4.32199517881314","-0.311105210375668","6.34115367623516","3.14099053283671","-1.08518399747292","-6.77329019046679","-4.35464261546673","-8.92541605861566","-3.95328530804405","-0.240241170079772","-5.09626560796864","2.32442417616967","0.268922132987273","-2.93110908657624","0.797902442861269","3.51171748001519","-6.5272653156969","-9.14947945906863","-0.704323922479788","3.47520067974233","-5.45259159754612","-1.10025186007293","5.18558041940916","-4.99140944712497","-2.18103816906151","1.31981904869249","-8.40218321810204","1.46229855641035","-0.221189577646657","-2.4358186898502","3.2842909969726","-4.95317572497649","2.8615774413789","2.77883193098209","0.924835643405649","-0.551537818261137","-7.45179167405848","4.57200350501561","0.361987556637696","0.646211880671757","-2.76456573746458","-1.64946865164811","6.15590108958428","-1.89730359848658","-9.456884162462","0.902466541006505"
"Random_Index6_32_0876","-3.21851841195832","2.38166070332501","5.62638527295012","3.23715566179156","4.91265699126594","1.87497890830771","5.30210658713896","-12.8794774938634","-2.88775954924805","-0.548631544400281","-4.1951592047112","-1.49538736582748","-0.802128374823159","7.06261148346017","-1.94593509723035","3.09349163565871","6.10566630334152","-4.71201759067454","0.0586764665555788","0.991354034409978","-4.28154751709392","7.01685574669919","-2.42481440808009","0.234340303708286","2.49124751970509","1.02068052868307","0.478888468918841","-4.08139449350952","-0.374287104684529","-1.40180203943075","-4.08758253758512","-3.30907072492689","-4.21812355280457","-2.74528679262257","2.97115312694177","1.80829886448676","-4.03321776930544","-3.07946324581564","6.98820991488869","-0.17955469462106","3.53720103139173","1.09370963429852","-1.66435614690685","-3.7837294865373","0.347463363678557","1.25878774787261","4.98186549643171","3.4955255508506","-1.79461775615489","-0.448570280883789","3.69620166795557","-1.58598400921878","-1.02872159393422","-4.57976107303621","-3.50933987431555","-7.41696846676989","-2.04031202563924","0.901402655734758","5.24191182310912","1.57678741970324","-3.13732444825469","6.12028006296076","-2.99781438317686","3.85204733637297","0.839389174064594","3.25884973778458","1.49902062568345","-5.88814933843915","-1.40160972185057","4.38835201239472","0.0106765875688392","6.54406525791405","3.34291321540151","-1.00752014476825","-6.71602740714973","-4.5215807334113","-8.70846446354365","-3.92844813588982","-0.845597286511254","-5.01799111886806","2.57197226114427","-0.101777949678141","-3.28290169399854","0.935398495663951","3.86462996151379","-6.90917568920653","-9.29466905890178","-0.952362859918492","3.69904366259242","-5.56360823218526","-1.0198961817412","5.4273410709759","-4.71653094880262","-2.03474311628865","1.42640622141443","-8.2871180714811","1.76029814790024","-0.632121301211318","-2.21862341805083","3.13455720180794","-5.31492308283391","2.80175809525971","2.95356940328516","0.595685273720777","-0.779175429875754","-7.71686159674449","4.97349380705467","0.00186100157495513","0.925746528876059","-2.90484849748832","-1.43897387775718","6.34132894618408","-2.04935855612511","-9.67408447847323","0.715104862637982"
"Random_Index6_32_0877","-2.97026010855057","2.14985601036514","5.68454789622516","3.12810511253573","4.96751088925794","2.17395977188778","4.92327546648102","-12.9589450395424","-2.84922347599988","-0.305845219831661","-3.72532490415186","-1.12316596235172","-0.582260839719351","6.88866614118071","-1.31980276362416","2.91673095393108","6.48429951921221","-4.57322436866927","0.290616660916126","0.743205494393298","-4.45756326554769","6.90786001520145","-1.98683360999166","-0.0319274501371821","2.56808375415384","0.956799845202784","0.0164621747701445","-3.63921492829973","-0.56468924977159","-0.900048987111232","-3.82056636171478","-3.20046111322324","-4.27391375080814","-3.070167100065","3.12087561243025","1.76192909422349","-4.26846636796087","-3.25784817338915","7.11866897994347","0.102154018238244","3.32912881663009","1.3826712124708","-1.1192471587388","-3.36959768557394","0.282802311062397","0.982239902261027","5.32606403269489","3.34961637870376","-2.03681436041245","-0.526366100342199","3.52092297429396","-1.17024627310111","-0.814220683197336","-4.51242702552045","-3.68913081009688","-7.18048793729109","-2.06680604692081","1.1633276388803","5.07341154773179","0.913766338761775","-3.10463582232871","5.81893165983832","-2.7749220989883","3.79363931478534","1.01558290169421","3.30815407258587","1.33561342311322","-5.89046061881781","-0.794259539919002","4.49362049380445","-0.179498145619015","6.66535134838058","3.4193500167448","-1.4001325721678","-6.77050240150336","-4.44241476681674","-8.88544031097369","-4.01941544191643","-0.451325869663875","-5.23988755160335","2.57447288789954","0.203125976309863","-2.94711277224353","0.767040433054329","3.73382697682845","-6.52945998373806","-9.1878305489699","-0.928680663836736","3.60594016446461","-5.72713123739462","-1.10724200250568","5.28105478463254","-5.03770394131999","-2.245777211172","1.18243477719227","-8.71746452379566","1.60430515089949","-0.369314731848589","-2.51312882348626","3.55323621184998","-5.06482804872057","3.04413576182847","2.904632104999","0.852270840894506","-0.713326242313151","-7.52103568711176","4.72786010099894","0.355341489144843","0.960133880679281","-2.85687803754674","-1.59605437989972","6.35928193028391","-1.7847012127323","-9.62084444459224","0.961782565495179"
"Random_Index6_32_0878","-3.15634171129723","2.1151527268025","5.50795483819251","3.13853039669344","4.8478289950649","2.17517589167203","5.23430528223645","-12.9536538406871","-2.57201555517257","-0.318041900340209","-3.78232373166701","-1.23042016150549","-0.535129722323749","6.77721694936997","-1.42665301233264","2.88442622409014","6.47696097739325","-4.71620053738187","0.182974498337651","0.703971481681227","-4.26649103475938","6.69790907230997","-2.1100796963917","0.00904111776234437","2.42042246130122","1.14745416808849","0.220666428526679","-3.82775687527347","-0.391800161803218","-1.02260097081812","-3.75846033817247","-3.17125648870335","-4.03857861806169","-2.88917932838511","3.25051923899543","1.51877700135243","-3.99164078472565","-2.92818621028429","6.92540993618501","0.136249009342379","3.37122674178483","1.34393891635249","-1.43409271058521","-3.56978985357351","0.181185631628443","1.24617370166399","5.11361121634294","3.35579512334335","-2.00343732526569","-0.336674392043441","3.50640928924583","-1.36966580725373","-0.765092859979292","-4.50356204673176","-3.51360636266218","-7.1299700316132","-2.0686003532535","1.2801438825194","5.17986305608004","1.27089142882231","-3.17846334157387","5.90901730976791","-2.86749099683458","3.72328491539101","1.04591247691043","3.56130656332605","1.55739541217859","-5.73277112227875","-1.15231298545912","4.29061101256805","-0.197644051066677","6.57195543502231","3.329984328524","-1.15215030077829","-6.70261346124308","-4.417493711468","-9.14429938915755","-3.77321425276746","-0.347428680909537","-5.10828439287001","2.55144832949212","0.147439241893487","-3.01217017429251","0.737544695895337","3.62327466542528","-6.65195697836828","-9.19562288896394","-0.928951913921422","3.52791932345477","-5.57480712470351","-1.02493429679551","5.28117425225952","-4.78023190285199","-2.17898318528968","1.25816739712152","-8.31751901675577","1.67622732066905","-0.328080548251711","-2.05616900448039","3.5187609121248","-5.01023706304636","2.94530318109848","2.77006235404834","0.770725260148352","-0.712359857703115","-7.54904480068396","4.73837243439451","0.252683071973033","0.829969800580462","-2.91611292707813","-1.56657067708037","6.3701005551909","-1.95476705735736","-9.6889534396687","0.856039463202739"
"Random_Index6_32_0879","-3.19258931247027","2.32358023911323","5.71577345333478","3.22059821295034","5.08944185569208","1.91199002281339","5.12813379083475","-12.8605082243615","-2.90570357467795","-0.355353772729537","-3.78697290055851","-1.21193853747298","-0.650382967367888","6.9793640884086","-1.39408198192077","3.23017024186555","6.16900598299421","-4.83394370709828","0.255712583795786","1.08628481233956","-4.03022444147797","6.81838270073411","-2.0415831194219","0.0976132306584153","2.43808011629791","1.09705722083562","0.388995413467223","-3.88147752566841","-0.413147695618133","-1.10319445980908","-4.06813813627238","-3.21283232644397","-4.0063172719453","-2.82981731013296","3.25781246499714","1.63300452031677","-4.26125066002289","-3.15562733058925","6.8665303515737","-0.0990338220530251","3.33125068902072","1.29926958243551","-1.44682086035265","-3.69243603094732","0.189273041761297","0.911159331242432","5.4407944010464","3.19141788759345","-1.97048555117994","-0.613301077348102","3.81902930939848","-1.54331452483543","-0.769322797164714","-4.33080272580668","-3.42346142440833","-7.01137019696242","-2.01780824306702","1.21921083499148","5.16668804881365","1.22997854444592","-3.3301322974271","5.89432592314908","-2.91079501623836","3.86433843974805","1.07383047464522","3.34024148610924","1.46298497288645","-5.8037624197696","-1.20837661062625","4.5376317177507","0.0585841403749971","6.5158025428429","3.20632005801535","-1.22436354215941","-6.79911834396143","-4.32558495553392","-8.85244945096591","-3.91915613531956","-0.584732402031153","-5.08026675867837","2.47557816036459","0.293552066899966","-2.933539125208","0.937050290581437","3.84408166647926","-6.7950630443415","-9.17008691031426","-0.802376699132095","3.57815305788236","-5.59898972148786","-1.08515627932561","5.4509663790011","-4.8681461552228","-2.20939326975811","1.53659447735227","-8.48998906254518","1.86936782316037","-0.422102169238651","-2.10267906089924","3.62195093707064","-5.15661299207139","3.04545721528405","2.91145521069739","0.630123257163655","-0.825134270210283","-7.52094064935456","4.60360931489333","0.28826333224276","0.906319944234425","-2.75820960462683","-1.53418968251124","6.28118962513848","-2.05408915105772","-9.70843943678947","0.850506680772152"
"Random_Index6_32_0880","-3.15759371380802","2.0641976956451","5.48778474117122","3.06509868982818","4.68424801361254","2.07688947479134","5.16992212824748","-12.7831666776587","-2.7597456478523","-0.270688361476799","-3.7041033776951","-1.22086669891769","-0.519129153861293","6.85956907163695","-1.3596827582407","2.90013906321616","6.27234584096572","-4.74233664998837","0.400954810177041","0.771842042747103","-4.34511790883011","6.68417695800916","-2.11564736940858","-0.245762896806625","2.27784008529031","1.16401081607819","0.355456728829416","-3.80555398868824","-0.51298711332587","-0.979916758263779","-3.83437091319827","-3.02040927227597","-3.98848407075015","-3.05492886967265","3.22842226764211","1.62323558978825","-4.25782721941782","-3.09926203000395","6.8431117391511","-0.0382596877554192","3.28896011076167","1.47031811301122","-1.48210708021491","-3.78282383812118","0.0207891803626113","0.930552717140396","4.95360389029365","3.21328881363659","-1.81212675011599","-0.749059657914423","3.47119153960115","-1.31194899948302","-0.652729496467274","-4.4958187102164","-3.51506903732525","-7.11820451282989","-2.16051651908313","1.23399745708757","5.04899423852132","1.17677582000295","-3.23755007155936","5.73125792276524","-2.881587332469","3.71348360372049","1.02183416618622","3.50609911096224","1.56460764261881","-5.70808618458543","-1.06700881949016","4.21544119901638","-0.0222746819254833","6.65086577794962","3.02282183392283","-1.1943020515682","-6.7881479693644","-4.35677617453379","-8.92780130818353","-4.03727743559652","-0.518727858408674","-5.0879850269524","2.35398999317896","0.0715394787969721","-3.17736928398727","0.666094813106675","3.698118148799","-6.75644425748341","-9.1732293569779","-0.751361395932914","3.39332956298478","-5.67121576715148","-1.22207447860367","5.20789722672894","-4.96792276462496","-2.38434992011665","1.35034675134232","-8.2612645880994","1.62542967305017","-0.331437250325684","-2.26195407574621","3.56841845134323","-4.90789049318936","3.03696132686531","2.7656043823756","0.798059713888331","-0.744735941091772","-7.70067316776939","4.64231045908565","0.35658738288459","0.673983624847418","-2.64752001090863","-1.65564502281804","6.2858977030599","-1.98589545842304","-9.6260432909669","0.805784326271316"
"Random_Index6_32_0881","-3.21116809447835","2.31628615225095","5.80771171594621","3.32068022240125","5.14867509000317","1.88684032867988","5.25729453524566","-13.0813061234205","-2.85467055100013","-0.704272470136602","-4.04911176015252","-1.44849276182303","-0.836030027702397","6.89247549748807","-1.67013925187653","2.89862802545467","6.44794938323972","-4.90464143598279","-0.0552356240301123","0.923790503863963","-4.13568365688222","6.86769414304777","-2.29721962365406","0.128620046468516","2.57178116605297","0.858664169864147","0.357514712146945","-4.1827912637052","-0.30329742818427","-1.22857390265674","-4.08014656744939","-3.31398603951968","-4.22796635650749","-2.80267193655977","3.1176671376104","1.45897440404693","-4.2406217439078","-2.96408026095728","7.01593619568984","-0.263595172866412","3.49258848090676","1.1242231545221","-1.54792417703049","-3.89855479962769","0.470611035097196","1.245433696335","5.32876391563538","3.38980654635939","-2.10226721984861","-0.422672466157128","3.70447332104118","-1.6653999705463","-0.902628413650487","-4.76438581720599","-3.55850090419054","-7.36693808034968","-1.98092017009801","1.1012075637873","5.30406654643306","1.33568344964383","-3.56465375062966","6.05949705969977","-3.0276526080933","3.98706572188646","0.743798360702577","3.37108818336425","1.34864872661021","-5.94785463488319","-1.36967769760714","4.62909519012873","-0.148955489287581","6.78853575100791","3.46733525067994","-1.23235231566527","-6.9587047423399","-4.86035754201347","-9.00539111698295","-3.84596119474325","-0.601255739244943","-5.05152301826333","2.40088746028294","0.00126962145409386","-3.24523496929415","0.957843206457417","3.76914887421567","-6.96122159396049","-9.32348954776323","-1.08960608697437","3.84594741150664","-5.66794006608112","-1.08284403863386","5.41123665430673","-4.7895508732469","-2.15326960481714","1.45717664667402","-8.34802916287903","1.74299266290311","-0.668650969226344","-2.2537879627326","3.43610181346226","-5.26095638740665","2.80188794470083","2.91276860163546","0.546240653963622","-0.957424541511645","-7.4872029620393","4.96599529213164","0.00529320931092465","0.904172071282561","-2.98213444275995","-1.37957434985601","6.46572094681055","-2.1371353621921","-9.96759465521434","0.623265898132361"
"Random_Index6_32_0882","-2.93155901022838","1.86066874843433","5.35500183291351","3.01936294624926","4.52519635823205","2.30425821887017","4.96493112567543","-12.9552222345813","-2.7407765907919","-0.0869262473121696","-3.42911906404111","-0.861186552254625","-0.480135739698902","6.70649383558291","-1.1198512259498","2.98171655813095","6.17886924619507","-4.26087036854493","0.467357111375782","0.716127299612497","-4.37166679225672","6.81328199433734","-1.69373989509461","-0.0913159807548266","2.0412484751845","1.17992737359381","0.202780314733136","-3.46008905885613","-0.846650916002416","-0.691156546465613","-3.69316131562342","-2.9265662227705","-4.06299858757639","-3.062696909915","3.07226196504669","1.79570268861234","-4.5409880809058","-3.20780421014058","6.92396346017588","0.370748529334261","3.10737956251428","1.68428999606105","-0.857497281205826","-3.1607618145769","-0.0595764498662861","0.868072034675352","4.84775248864277","3.10024136334735","-1.76254582314845","-0.741120146689357","3.24690031956081","-1.12454726065554","-0.526425605944534","-4.3626302618579","-3.64815505325955","-7.12374809304128","-2.25481430847289","1.09799022402269","4.91746663296258","0.937944049971254","-2.84329755179933","5.65785430017432","-2.69800550730258","3.39239462687497","1.31907854028631","3.12823563774776","1.66831491965737","-5.51951850834948","-0.792935071271276","4.32221932055195","-0.43835304843867","6.37819451579971","2.96461480607157","-0.844106572657712","-6.68046748656455","-4.41041728793152","-8.99429811824456","-3.98583398392101","-0.0536930088467628","-5.21779170839608","2.25910501599822","0.40177527885638","-2.95998053576739","0.730630897852822","3.55717110940522","-6.37546803702212","-9.11087455358441","-0.381828282693505","3.22882576054214","-5.63672910004383","-1.34221931442484","5.11147748192091","-5.23213712708433","-2.42139244850512","1.19905253718579","-8.31516914160193","1.37663548326705","-0.134173993110103","-2.51319850463059","3.42892427185231","-4.7984429709224","2.73878036627813","2.7678787543217","1.12887994088603","-0.473784027620953","-7.41106282940771","4.42124796094137","0.579272316181531","0.579454649713425","-2.550741317019","-1.94263007731894","5.97535269060206","-1.92845156786727","-9.23697647262082","1.10104505298823"
"Random_Index6_32_0883","-3.33098283017591","2.00603586998629","5.33018169775528","2.91253830975888","4.54489255399393","2.13116683478284","5.24138910141618","-12.8379485471801","-2.66294234405159","-0.264237856116862","-3.6715340294079","-1.13751081711529","-0.529748154793933","6.72520240446033","-1.44069345190686","2.75376367575189","6.30519140277691","-4.52260633588551","0.334308284311423","0.647980973826814","-4.3469965790535","6.56120957966469","-2.00818416668738","-0.220041728339813","2.38190676531924","1.23472339578145","0.240340043761909","-3.7550697104097","-0.792430043166775","-1.00551950993077","-3.63347927900056","-2.85588244503879","-3.8828042687249","-2.99012845393163","3.16805925785009","1.63211086207934","-4.1115755306165","-2.8987387724223","6.77361538227382","-0.0165809450197654","3.15978956661877","1.41367624581879","-1.23556458795212","-3.4435611395399","0.0607515329271951","1.12481436346805","4.79788415505048","3.24216694759772","-1.73578082267645","-0.570405161162826","3.32717867375757","-1.33646107661009","-0.638187287704764","-4.53513733429503","-3.4505252126424","-6.90482208254524","-2.16009803740839","1.19249260008951","4.95237560480825","1.24572628863356","-2.99213430054161","5.75734927031563","-2.7003164227316","3.49508726255121","1.13235368516515","3.46731165284003","1.70038908959073","-5.50928046663132","-1.03329352687597","4.11082518480534","-0.208884868001597","6.49376537289218","3.08686119248865","-1.01956825378087","-6.60921951685537","-4.19760471241748","-8.94246434616067","-3.86341555247216","-0.33997373366891","-5.09382905332475","2.3137975767149","0.243038964372348","-2.97416050727809","0.597958894192551","3.51964323192167","-6.54787601077776","-9.0660527345118","-0.752292597823675","3.38339263579048","-5.56658121781309","-1.19692799208446","5.1558160870554","-4.8963253119445","-2.4469018923367","1.1555275912718","-8.29493871747963","1.49920819825033","-0.27008013962188","-2.11493146091562","3.41199202800712","-4.83236450791999","2.87619287981827","2.69701159847886","0.79647731741555","-0.485377865156199","-7.56820664659327","4.60222218441406","0.377903947930693","0.851888717986999","-2.6249290581242","-1.69737348908699","6.2269528581452","-1.90963244308424","-9.55280563795087","0.949603455073595"
"Random_Index6_32_0884","-3.09503126062225","2.20028312570586","5.57815536385945","3.1566624519336","4.72138339887217","2.36290261230563","5.21873504882853","-13.1927976422781","-2.69882164810364","0.0030217916010341","-3.51946171280777","-0.990097254780157","-0.346267269770816","6.84593869201791","-1.12115802165487","2.96522729262198","6.31205219842256","-4.57384537680806","0.536333653215312","0.686241490035109","-4.60963413756328","6.81848005067085","-1.86192795978086","-0.16865170343999","2.26132403068288","1.20298248046589","0.101514905764896","-3.64480029293539","-0.628139344701315","-0.668059637687547","-3.69447537370865","-2.95479730568688","-3.97370811370738","-3.16556595527204","3.18241682112672","1.80944744583069","-4.07491263588316","-3.14749056758777","6.98359142479679","0.238530871954501","3.21318911862371","1.78990479472581","-1.24463957741394","-3.40188464586176","0.0201096654809959","0.803060171508241","5.0095651751322","3.28734440362952","-1.73028029719955","-0.576378240163511","3.50561167925155","-1.15544322500364","-0.538959854880634","-4.50687593890653","-3.39195339953018","-6.99881656219647","-2.22106009474372","1.14414243529062","5.13998292367797","0.912419368407","-2.88496203513068","5.67586960536304","-2.67637329368804","3.69728618858959","1.16825847616504","3.39999706720966","1.82893962741664","-5.81656842061681","-0.823925595075064","4.30464024925413","-0.213189129046295","6.67801811244606","3.18070972350775","-1.1683151991426","-6.76013957392267","-4.49965988771907","-9.33035284348989","-3.96135031268167","-0.17003624899997","-5.30558760365016","2.51126146748373","0.515280652312214","-2.89922671239676","0.65837293700238","3.70771777679479","-6.53397297171584","-9.25686846200511","-0.558827458733645","3.47251853027074","-5.71618654895513","-1.08720979011728","5.24876894925322","-4.97960757174318","-2.43762991263836","1.20008642464376","-8.52840919751101","1.4836221543459","-0.170522149347157","-2.26136903968233","3.45107993594509","-4.80557983935041","2.99249715714878","2.85887783458396","0.921069808515189","-0.776090266604729","-7.65137823132598","4.69192798147852","0.634853242419771","0.632734712020362","-2.61642514979933","-1.66218506508087","6.32990990851194","-1.88623201838306","-9.48839287061908","1.12489230426319"
"Random_Index6_32_0885","-3.43199330101579","2.07660245526935","5.44569730605772","2.98782970848828","4.74436107707336","2.09183593038278","5.25595200452041","-12.8950142627818","-2.66765646418428","-0.360361529185794","-3.75912915245789","-1.25680597467629","-0.774511099157249","6.90668822290106","-1.53680955800538","2.97184008113902","6.33647922063095","-4.52080342439046","0.220931340927465","0.857928474340338","-4.15741136792346","6.85069432551001","-2.09215449394855","0.155451646459274","2.17263460560059","1.28021838155629","0.54405886661079","-3.85062457269276","-0.543942355689176","-1.02761764411905","-3.7055806480827","-3.23508212290302","-3.81561698234614","-2.95231959729651","3.13500965753837","1.77403013459187","-4.16083970765979","-3.14163103332569","7.04558199979015","0.149627810739158","3.27045412315799","1.26681765250693","-1.24252419357182","-3.54446273602755","0.088887533167679","1.0799204944682","5.1397418871283","3.41604600689482","-1.85361520495252","-0.600793632252885","3.46159337597618","-1.5094656648349","-0.638975989518511","-4.40721007374745","-3.54165955649477","-7.1307749478959","-2.06010199298325","1.05457078855038","5.24988740436598","1.24715171679216","-3.15215507948474","5.82100368784189","-2.91471372281922","3.65174885155916","0.997208232172036","3.42504040607903","1.74756698453741","-5.67508841845218","-1.05742226464944","4.41902917194902","-0.0679158806854698","6.57808786018109","3.25639649249377","-1.11094969947098","-6.941433492358","-4.45077558199973","-9.19464764612024","-3.72144160749428","-0.326353122722515","-5.19526956191605","2.36049645958586","0.185526092352349","-3.12562581753873","0.672679846390853","3.75668446855365","-6.61235568013621","-9.09190444043968","-0.68475509675675","3.57020030254543","-5.29408372738163","-1.30330981463656","5.2961533172168","-4.82630514737722","-2.21599584958303","1.4987802839582","-8.3965563241845","1.59577872541329","-0.423000559907219","-2.15360989832831","3.28673286710989","-5.18630436908701","2.83418443193834","2.78753810969233","0.780577826081757","-0.56736434373685","-7.59744791136277","4.76676650468516","0.115318060132314","1.07605937863514","-2.66902848823962","-1.54277020762922","6.20771554838493","-1.69324205279978","-9.80650976336114","0.756391407419881"
"Random_Index6_32_0886","-3.19258868741302","2.14975066408267","5.38613627668184","3.06721162258797","4.69845274542721","2.13263706314979","5.25442024288067","-12.9113053923632","-2.7990621721858","-0.263267119754368","-3.67795185412873","-1.13553186581577","-0.701429310313393","6.93983331966799","-1.55985680434024","2.87095558621427","6.46395861946151","-4.55296169275513","0.232696511395926","0.730876729343515","-4.44515122774901","6.88158778542863","-2.08352010919834","-0.0909513323689161","2.07090207540881","1.20987100193536","0.349256916607471","-3.69760696065655","-0.689961049658657","-0.949535765869689","-3.63661532204484","-2.96832114107711","-4.09518521676777","-3.08024900000156","3.31729135743719","1.44215626413179","-4.06823283051374","-2.88691365204891","7.12046152314926","0.145165945282047","3.18268342370826","1.38846612467504","-1.03834681017936","-3.59933262432802","-0.093111285394081","1.17690942719366","4.93459587118993","3.37696242924527","-1.71447003574347","-0.719237199070804","3.33447155671496","-1.40416457454503","-0.666893221465736","-4.57911806801733","-3.62605539512022","-7.39751652053368","-2.26061553934891","1.32512476084903","5.03403541760558","1.27435297897114","-2.96720989884578","5.76894720717225","-2.73847604241212","3.57807270235657","1.15636012506169","3.5978265522367","1.56493742090976","-5.73675912286446","-1.08772084144158","4.32586157092676","-0.0581407684776695","6.66751171214858","3.14630613635135","-0.78325958993559","-6.84206959622672","-4.65512886560224","-8.9987497000645","-3.91176449272711","-0.327606096251019","-5.35653408806209","2.36634300019089","0.0660608121427434","-2.97775631628957","0.877592071807267","3.70025825222995","-6.86920976982071","-9.29860138768659","-0.653451566387701","3.45524635102703","-5.37545414893609","-1.14529085922142","5.28509240602246","-4.8819165292635","-2.33025815853696","1.32253086360244","-8.33086433329115","1.50839777951091","-0.216373093390251","-2.32921834073792","3.60591685541922","-5.04959979980519","2.99403069397309","2.83097051588217","0.861194033630755","-0.684916947165734","-7.90734490898474","4.67542083874157","0.262004579026999","0.702571634141596","-2.6418154992329","-1.70753347667114","6.26965392433569","-1.95196116592056","-9.58866389943836","0.905434948355027"
"Random_Index6_32_0887","-3.16309890348341","2.18746672711413","5.60397037919736","3.23476505946916","4.92370704796973","2.15164188265422","5.07635834893813","-13.1303979246698","-3.07146885184918","-0.147256741377534","-3.69140477973916","-1.05234258444514","-0.579329076899604","7.21786190508117","-1.21830247974865","3.33469463131686","6.33049629288694","-4.76654817848415","0.355810794747558","0.906444229410201","-4.36545470689449","7.00508789477384","-1.8569132087257","0.127737796887151","2.16617891439738","1.18368446350462","0.252903017435593","-3.67995048046088","-0.499235122480692","-0.94775115991055","-4.09004922853518","-3.23179922640435","-4.18666508414222","-3.05642560775097","3.22503834915693","1.76884421330565","-4.57356585203263","-3.374384374866","7.11034573677066","0.184879985363603","3.44486517661586","1.54066652218074","-1.23415693004652","-3.55038663950148","0.117680196371156","0.932671769116572","5.10701394013811","3.30359741030931","-1.9759257628487","-0.700368421082147","3.60272453634262","-1.34782182953426","-0.747549361162846","-4.44171500647706","-3.67180254063866","-7.4567376617417","-2.2793624950354","1.06413951818254","5.18788423312271","0.974203027015211","-3.35114503088996","5.88013053275698","-2.84433175924827","3.77037694186325","1.36513096055822","3.34319600485503","1.63694334052556","-5.99849374893006","-1.02600475113055","4.46883941976929","-0.18374594918373","6.65410768426704","3.06396727642584","-1.2547947119828","-7.09423047127596","-4.46048605184129","-9.24510843974989","-4.22551148175298","-0.51897728072435","-5.32932167225694","2.37799994587873","0.518704494816275","-2.99238827324602","0.718545848028664","3.99700995262039","-6.92640601592458","-9.33149210607937","-0.71256031552566","3.53184685590323","-5.59529701874241","-1.1546963352384","5.52098224313244","-5.15184311811332","-2.46851827626906","1.55239093728308","-8.66696858146424","1.69256866289652","-0.321226761126271","-2.36479629871488","3.60884030243478","-5.09341968612305","3.06241087095336","2.9967579722531","0.890181340736248","-0.736149444816681","-7.74449611715632","4.68974200805126","0.476777193591212","0.763435094180018","-2.70419195216099","-1.69273632059924","6.39656267667247","-2.38716381927863","-9.76534669280879","1.12191468587032"
"Random_Index6_32_0888","-3.29421449969793","2.08483762105966","5.58433663083057","3.20979163660907","4.7759629079089","1.97881508123356","4.87878150599645","-12.8813693261771","-2.80626622248353","-0.349158840781999","-3.65444305306742","-1.22880702734818","-0.630966136612051","6.90516717877357","-1.45634513600197","2.97510601696436","6.33883235002","-4.49145276896217","0.22744364916963","0.767951946478271","-4.2580124972745","6.92432634376316","-2.03220587240873","0.0906362617653336","2.42639683380419","1.18693716009108","0.3755312873302","-3.82982721464579","-0.356960615385105","-1.06747557836194","-3.96678031116569","-3.28949263158055","-4.06106088832687","-3.08012314774625","2.9814353060646","1.73162487359528","-4.29933771736584","-3.42834695919024","6.90446401990268","-0.225865065545282","3.34535804085528","1.35642651361138","-1.33453257049939","-3.68510715730791","0.168240474606044","0.908849136694555","5.21122949341767","3.34244644315392","-2.10707294009764","-0.537699176567034","3.4019329517791","-1.2559142496816","-0.622735054317543","-4.59477286522405","-3.72545814551474","-7.16470800437062","-2.10358877974516","0.990157053355838","5.16918404190253","1.12702049348915","-3.30030875419153","5.89923718687199","-3.0146283484935","3.71719299955364","0.978214045793027","3.25330054382613","1.55428736851985","-5.69249639943456","-1.17590198834264","4.39883410641439","-0.32250018916582","6.68056828703254","3.0899808121802","-1.30435214761128","-6.98665041668691","-4.50622929070481","-9.23506513529986","-3.91292683106832","-0.60853524254208","-5.22433765061519","2.45275083216135","0.102428910759805","-3.18753580359499","0.700221003915945","3.66262805042546","-6.80453649309809","-9.03353980317074","-0.96020939982109","3.47192196770095","-5.62939151747572","-1.180577182339","5.37039756803237","-5.24086303580492","-2.32022372305228","1.26441746708162","-8.49273795784108","1.5936269185084","-0.600327535956385","-2.39022504513894","3.36387623022904","-5.1320704466574","2.84345565006444","2.82331434296473","0.576006424799869","-0.643919950415205","-7.27527895252666","4.67125527442964","0.117190493196807","0.72088865499465","-2.53895142929598","-1.72267256682849","6.2165587349172","-1.95794432845955","-9.65503202852149","0.661758560841117"
"Random_Index6_32_0889","-3.0030077033822","2.18414034308856","5.7526910374612","3.13051736707651","4.76296267015225","2.03470003802615","5.32591994398167","-13.1450064316586","-2.63272914360626","-0.344578588022741","-3.79845641076615","-1.24373387654569","-0.628215193419635","6.74456036202879","-1.55776738560826","2.76414410146196","6.35325269028214","-4.76090916795622","0.243157059706962","0.623490369790611","-4.3113773922805","6.6216326085582","-2.14962015736851","-0.0918836650126827","2.602361103621","1.07560131933823","0.242899776300149","-3.88910437683943","-0.338355516584944","-1.03486008486834","-3.81837627578951","-3.16183481459844","-4.20467514160531","-2.94353894971986","3.03494899913056","1.50911846014762","-4.03088167190892","-2.83178152485245","6.98996533870425","-0.0884228070113971","3.1916675472319","1.35366884022286","-1.27786727581842","-3.62795211956465","0.0248145762390188","1.00279128643443","5.13946635696108","3.46384339029117","-1.84096256747873","-0.560817141324654","3.4545832289452","-1.31864202691296","-0.719175799427217","-4.73781712099333","-3.55447552863483","-7.01084114093605","-2.2294211644395","0.984167657408968","5.13713298269493","1.15266151494623","-3.1866088894335","5.89507121801213","-2.91142910875822","3.60593435569029","0.966482710654391","3.37903161657763","1.48280012835743","-5.82480082235805","-1.10850153453426","4.2398910864578","-0.217542109998678","6.61907827188273","3.23472144648252","-1.28708085836331","-6.86054036516893","-4.33809920067785","-9.19989152468068","-3.8211424998155","-0.463783967880046","-5.23419519890959","2.34305739388389","-0.13442537561812","-3.30625226909785","0.662299044320157","3.52513973671848","-6.73273764070544","-9.35238458462551","-0.786620712613077","3.47728282605052","-5.95798069242933","-1.15560180313931","5.18939800353498","-4.77888833289796","-2.13048993296402","1.22144916271303","-8.64757018755285","1.77664477963705","-0.352195298229614","-2.30648992070941","3.29319656934968","-5.18198864440226","2.93925116332058","2.73486785976192","0.613073232924298","-0.640759746028191","-7.46350854503476","4.76573287815826","0.217785174031537","0.935017173346703","-2.75945113027797","-1.55134510109996","6.4459639130763","-1.92277354035102","-10.024331766829","0.615546433032963"
"Random_Index6_32_0890","-3.25315760618098","2.36791643042701","5.95437264084118","3.25053025582019","4.90104716978204","2.0718618555303","5.1543716871845","-13.2694078358128","-2.80886744745926","-0.467963688928527","-3.79765251745632","-1.41504099520316","-0.824054586014077","6.91366994846333","-1.40587101153189","3.12407013526809","6.54936669347094","-4.71868730341304","0.113793743260072","0.702839609663709","-4.14491286680283","6.84334002774149","-2.11370948470717","-0.0536889696387832","2.55438455510567","1.07573393990663","0.241611119869506","-3.98992986392642","-0.487322605637539","-1.13414556503516","-3.87107065525396","-3.41126009982382","-4.38675198172058","-3.07716359008084","3.31952708441585","1.48778823072265","-4.21283072892844","-2.8868229271145","7.00921641565027","-0.0356512250434972","3.38499110428699","1.24807676841437","-1.3931150820181","-3.62048562399131","0.0905773156925542","1.03618488849244","5.267447292634","3.59249224106192","-1.88573215856179","-0.419153796647785","3.36329987180884","-1.52648008151352","-0.905864566573233","-4.45553703583238","-3.78857691698975","-7.05655502126825","-2.1143464787823","1.33533604405503","5.27190647403557","1.01374787510904","-3.11247489016926","6.0558383681953","-2.74735123506705","3.64881269759173","0.857059790331741","3.47342963790352","1.24965345141293","-6.0426813660434","-1.11795894988581","4.47709964954045","-0.479689549859929","6.6706882688092","3.46137301403742","-1.15287631015794","-6.72766487212982","-4.61756937265225","-8.93431076379642","-3.84762595417492","-0.342091493998151","-5.08817798542166","2.69978562495922","0.0118379259283129","-3.03265263348891","0.829355975806812","3.7862642198376","-6.70932824349913","-9.39238328992616","-0.917806125928548","3.74821921258438","-5.4508327923823","-0.895234515695166","5.32730215608308","-4.97789533906","-2.21223891993049","1.32295989993247","-8.59379682343747","1.58268458888935","-0.430593289543872","-2.71089141464594","3.55924434022413","-5.04619540845679","3.11494930025241","3.03560587730631","0.652095668863642","-0.688880638015624","-7.31552848474908","4.86416710319373","0.213769949490905","0.991433678459303","-2.91739847789449","-1.54990705394302","6.55149706069607","-1.80215635670439","-9.61466653310457","0.836739897003116"
"Random_Index6_32_0891","-2.98112562242063","1.88584992550177","5.42898201346421","3.01214093238016","4.7231653928849","2.1417474048039","5.14185553184461","-12.8836064058439","-2.71248356808516","0.0296690079676279","-3.46912504508954","-0.97937175680085","-0.299797099871302","6.80878394720381","-1.13355243795915","3.24238500225597","6.08222129610179","-4.69651784861786","0.526014022228848","1.00288576927303","-4.40670692801919","6.78664721082619","-1.81055919528184","-0.00692823532629714","2.18238762889035","1.38188662171774","0.392974628590145","-3.53661408468041","-0.523907439041701","-0.830772725507333","-3.88350311809002","-2.96030499606947","-4.07088499687882","-3.04813058531642","2.90551427963148","2.07084483871465","-4.44604814103324","-3.30814314414228","6.80050143169369","0.250126871404277","3.18393275828682","1.60893214581437","-1.09140303735297","-3.44417009494404","0.118057210649011","0.814184824636483","4.90054821473608","2.99243565225379","-1.7119372095102","-0.800894754544928","3.39535615776064","-1.0279070677369","-0.594951348421174","-4.19380045569534","-3.43742077312739","-7.08033674063563","-2.11696401239201","1.06389519880495","4.74822114229995","1.09697996312017","-3.14468743279741","5.58086354429715","-2.83732675207777","3.50680640992377","1.33839838901984","3.04890076139422","1.74036906211409","-5.6174972203094","-0.98940315006766","4.28161337249914","0.112283652700032","6.3251912980538","2.92471305715328","-0.8966688045773","-6.98358298716484","-4.21841589761713","-8.83904033168161","-4.06434907623985","-0.24822440650635","-5.24599179346676","2.0518041899992","0.29999469540578","-3.01680592944274","0.783159957318135","3.38833279709484","-6.60946884806226","-9.17010153815729","-0.608140245052275","3.20515121212649","-5.8193247274203","-1.42507904259111","5.36560990085559","-5.13780863826364","-2.29339804855635","1.48376840162017","-8.34792955789409","1.63337865661154","-0.214474183451492","-2.45801230801304","3.3644979534409","-4.91770772530071","2.68164533626958","2.53518456623999","1.05910294228677","-0.555447189423246","-7.41513419548819","4.36563100730055","0.417029810505006","0.614260351108861","-2.52372768672696","-1.78926842986108","5.93868986680444","-1.7370567903586","-9.47151059498491","0.89834241887417"
"Random_Index6_32_0892","-3.05283340778987","2.2113877159422","5.70541266856756","3.21420511971005","4.76283197554558","2.19567641869429","5.5431966983053","-12.9362094227831","-2.54455822332727","-0.294195082990673","-3.73233394163312","-1.30959207918574","-0.682853443257125","6.67246590179363","-1.46400947005532","2.94334864916904","6.22829454149036","-4.50867013612025","0.0837327890144946","0.676314902339273","-4.39136111994931","6.62257689258064","-2.12675977260801","-0.0282814790958012","2.64351309488566","0.968409521381836","-0.0164928978884436","-3.82435124178615","-0.766214545799782","-1.0554722708097","-3.67356179137219","-3.18837573133696","-4.25838028692928","-2.74902983690487","3.27355167339918","1.48709641311254","-3.81696991235275","-2.74594103737141","6.81910466620907","-0.0137256820378334","3.28959202133281","1.33878090088391","-1.35598527919866","-3.47419688296872","0.051636784689804","1.07061846752353","5.10100736444544","3.45001540745095","-1.9085472070983","-0.282723290885711","3.42604257560869","-1.40296346668963","-0.838142447117489","-4.53093416748035","-3.52981549192305","-6.93751707865749","-2.25921233496015","1.18437142186147","5.15133098326229","1.35598694780211","-2.95044325103766","5.89589152747063","-2.78242427590828","3.63102603616904","0.844988879324545","3.42643077133158","1.37327063800193","-5.87551113635634","-0.931231863648945","4.19958161933671","-0.428069678672777","6.41670863430761","3.371183120878","-1.04387953976421","-6.591247201188","-4.46570710971509","-8.86237559516949","-3.85482237974042","-0.344355802060477","-4.87916664727587","2.57820277976564","0.02807332804603","-2.95146000344298","0.899128481962165","3.61733004582246","-6.51546353887317","-9.50478314437909","-0.866229430948602","3.53792595657206","-5.50500506674215","-0.944170791009029","5.20538565005233","-4.76690994313211","-2.25859840203092","1.25234899768465","-8.63142272693771","1.59358630102552","-0.102450685239721","-2.4712859921333","3.4858713784856","-4.88977648679668","3.07917385807949","2.94896282429178","0.781213630947247","-0.778931268390452","-7.51147091788098","4.74435942100267","0.271556859661299","0.975569796888938","-2.90258794262871","-1.33994135215802","6.30265838564258","-1.80097428425886","-9.4952314666622","0.871203651699093"
"Random_Index6_32_0893","-3.1527406192564","2.15857385941631","5.43146157848741","3.04385356183031","4.6835402234784","2.07754743807383","5.19061721188959","-12.6282542023108","-2.67801690346403","-0.105598919509681","-3.67243540121001","-1.11793477198556","-0.538531437510661","6.76550182506339","-1.35704867452211","2.93555864032794","6.16181239132896","-4.74551594328257","0.287824715535789","0.653391423514072","-4.34983738403945","6.80275871685172","-2.07510180133962","-0.192045669134022","2.33056871647161","1.13466275960996","0.0688456000297166","-3.82211014046423","-0.712909757724421","-0.973299905170702","-3.73245798593249","-2.97517775865211","-4.06375490705884","-2.9404476031036","3.17207481437039","1.61825863491639","-4.03217265088572","-3.02455813382338","6.81587116259053","-0.0580595474635707","3.2762244453271","1.35688119406588","-1.51053692514306","-3.56328434768399","0.00428481663030791","0.954166961646663","5.12469941599926","3.2015322652424","-1.91691583191156","-0.477921374217393","3.54299815297128","-1.24751255870158","-0.63501631490383","-4.57988623459239","-3.40346990967597","-6.9472687477484","-2.02858792425377","1.33396690007358","5.06571188024419","1.13639926720862","-2.96265108779048","5.74705065344377","-2.64759358330593","3.72496140076193","1.07884340906397","3.46178756472782","1.58969890370339","-5.72741581738775","-0.94824576800703","4.25380591158549","-0.134429561327819","6.4550377140115","3.2267868846862","-1.21742483871639","-6.66263777362377","-4.37856093401464","-8.95075978196901","-3.8281370016139","-0.254578856419412","-5.11613836377936","2.45766966174705","0.0393257045410353","-2.9772340736529","0.645795885555333","3.73708839541209","-6.53158919507678","-9.04760453426977","-0.753883964244446","3.40812817581161","-5.74544593898722","-1.0479304721515","5.12413957131019","-4.8501406653021","-2.29294238201142","1.25896999683099","-8.35990146089132","1.60250511755154","-0.320046993715466","-2.35847149890951","3.55362368154807","-4.91683039015343","2.95591620168142","2.83043189039541","0.708947815320375","-0.945759357507082","-7.41696658426082","4.77009000614319","0.281097076329505","0.825288898848239","-2.71685666968381","-1.52941092937351","6.36738866070834","-1.95245730046621","-9.49565454960394","0.815458147188336"
"Random_Index6_32_0894","-3.30573571707825","2.26205020505753","5.60486802056843","3.20648175889179","4.71426162379257","2.28761634582803","5.16658229856928","-13.0312972170679","-2.76389371129094","-0.295500925358852","-3.67700856949921","-1.16277817194383","-0.632583242620632","6.79015037904402","-1.3566732544234","2.86807681657247","6.44381627543526","-4.69572221569849","0.261312350379816","0.711298351294982","-4.38987138617917","6.77298411719771","-1.91631238888124","-0.218555431283085","2.35506418066104","0.937282469650396","0.0863881526643599","-3.75527634570489","-0.692866142139954","-1.10914051082107","-3.85977246730226","-3.16585601915392","-4.17111262530035","-2.92950347226172","3.48646351666686","1.40047166061447","-4.11504344821435","-2.86197230858491","7.06326124330922","0.00765730273268927","3.27692204843582","1.37826589776933","-1.40551178891226","-3.50355074177814","0.0654032209577229","1.13888001369123","5.13273030665599","3.53505050761991","-1.63685294993688","-0.482052654056818","3.43160141974039","-1.37498621411978","-0.80222804246524","-4.6050766227778","-3.70873518122452","-6.91831034115363","-2.19730390025816","1.43050715571859","5.14090969390022","1.09604296270012","-3.16178278450424","5.85974649455756","-2.76076043525515","3.80172517421598","0.902594598309996","3.68848881759399","1.4026354315023","-5.9593817383066","-1.13964955058607","4.2144297334125","-0.136735039735024","6.71525323372432","3.38896918718869","-1.14401818509031","-6.69666729141588","-4.19426734358559","-8.85508887106622","-3.923450453304","-0.392239442876459","-5.04649169460641","2.72793408083694","0.422419767933908","-2.81477103306262","0.768770202806182","3.84842519879398","-6.56361225448947","-9.4907450431984","-0.987001317331709","3.53060748599099","-5.59492434157761","-0.969697318719234","5.17961774664187","-4.86147577277191","-2.25962083035146","1.25310688598096","-8.54891329010575","1.52686268379244","-0.271255121544266","-2.46411808299356","3.82423319650852","-4.81373349880722","3.21833651802251","3.06701204884956","0.77732275137321","-0.729386543400452","-7.54113616697829","4.75365438117993","0.502404929161025","0.857814671825706","-2.89983714921301","-1.47237782611199","6.42600534407379","-2.10371481014683","-9.5126826952891","1.09625421540313"
"Random_Index6_32_0895","-3.57199525727969","2.29299107170307","5.62850167227312","3.13331088613052","4.83853320545653","2.07860773186647","5.11442934371384","-13.3428028739555","-2.83018633204648","-0.311420227727336","-3.84163418953211","-1.22799103093412","-0.693586135404612","6.80695280028111","-1.56182107371903","2.84662508666494","6.29751439020308","-4.61059080966099","0.215589618703415","0.569273369457337","-4.39857794269874","6.72474072937516","-2.11522608268193","0.0213622954205399","2.48044667879528","1.20205703986381","0.169625689290065","-3.95588013086603","-0.639367149483079","-1.11238770410488","-3.76958908440951","-3.18478664664744","-3.89947685428508","-3.03800321324808","3.13251537268527","1.56643263187647","-3.99961387265916","-3.1255249501291","6.84379769568956","0.0368889246180056","3.46099608493061","1.12663979315697","-1.22796813192062","-3.65840176422875","0.0784504259039681","0.899365351109587","5.10831330888428","3.4263425322822","-2.06313757737407","-0.406721548241495","3.40099680801894","-1.39657964252158","-0.801774295124342","-4.84948086466476","-3.83434136260276","-7.13729675678311","-2.4811807661035","1.13514799059707","5.1840603429589","1.30405905744835","-2.95719354908755","5.98609379951643","-2.89482693456501","3.70383627037567","0.921907035951897","3.38378985885536","1.5825251088075","-5.71276840238083","-0.998909606775085","4.30536244690799","-0.461235949850594","6.49872361633023","3.33224341843836","-1.20265373812988","-6.89880763879641","-4.50264461517744","-9.23166071984296","-3.9916581027901","-0.248225649138408","-5.2345485419058","2.47434098003338","0.140894227079549","-3.08770491165953","0.663711847183599","3.62804306137192","-6.7984992718344","-9.21175515498141","-0.826804762606762","3.60795794037438","-5.70732682231505","-1.06371786511693","5.10511136305996","-4.68393947024415","-2.30450477122386","1.17537263567668","-8.40946344734911","1.64135438002207","-0.341384870963832","-2.35391844126747","3.37571318046226","-5.22007901836168","2.94413404048042","2.88599162458021","0.71988914529006","-0.62243148579044","-7.58172754773278","4.74957816641416","0.201575389124913","0.677170092075435","-2.83115658114978","-1.55221643832464","6.44958635043595","-1.84135757638064","-9.74928875901339","0.697685696917399"
"Random_Index6_32_0896","-3.02887438057104","2.08940436578859","5.65003600177692","3.10402140264503","4.84085212170032","1.93421414679907","5.10818792290359","-12.9974836575888","-2.85877155990235","-0.298817585430554","-3.77981443250118","-1.23062822266143","-0.541891270190388","6.90932746476317","-1.42100034116257","3.2671156044784","6.21379222540907","-4.90566335487808","0.143224242843603","1.14710398560854","-4.13367664353926","6.75367864125595","-2.03565639860027","0.13610889364736","2.32435422679948","1.13004763545918","0.506335616914389","-3.78406799635083","-0.4086479684582","-1.12354653249895","-4.0180048482373","-3.20661027018229","-4.11803660977844","-2.96430592578708","3.0517433899763","1.65022240945078","-4.35530632758687","-3.16438957134227","6.93839194151157","0.0107725193931398","3.38489329933182","1.32975881627935","-1.35339300727343","-3.5345938525001","0.0760502553711748","0.963091423695169","5.06142863166442","3.03417426958808","-1.98705074999013","-0.754175922531349","3.57703757273363","-1.31392013868511","-0.784394814078955","-4.3185708380311","-3.44469315187763","-7.16346377413928","-1.90943062723783","1.05235512621977","4.97613856602602","1.32077211135099","-3.37754880644306","5.84796247572577","-3.13136991745607","3.60666532852103","1.25422496618445","3.196760459873","1.49487527403639","-5.91815194836562","-1.27086921936805","4.43115938466078","0.00418910449717696","6.38578475699787","3.05883720815402","-1.19631817218093","-6.69538427682947","-4.29324014902006","-8.79825433814237","-4.20473076808733","-0.586196091303906","-4.99766381285531","2.28612345751422","0.142241550909619","-3.25180793459928","0.852452867122807","3.77996723014478","-6.70770453365767","-9.20058512500404","-0.774235463222288","3.50160904116046","-5.4176157226641","-1.18142761516675","5.50482378724246","-4.89889868372547","-2.13417595186314","1.56175182211061","-8.53235534072067","1.80623383026743","-0.405206472528736","-2.26059795032931","3.48664793047904","-4.97065766137773","2.94286297672404","2.8067384408925","0.744728602707955","-0.639519894043642","-7.52103232927111","4.46969804463445","0.160699547851798","0.775409535900469","-2.74336213092945","-1.59619203022538","6.17327629861271","-2.11613386109961","-9.72592618137206","0.760401373503119"
"Random_Index6_32_0897","-3.23121825504675","2.09675048330917","5.67991486768865","3.12062475772631","4.92214583671267","1.96532097869647","5.01224443240174","-13.1126195344719","-2.9595637325071","-0.248075512567722","-3.75078763290719","-1.05139032080232","-0.620994383738031","6.99938763709372","-1.42484242815228","3.09175978551208","6.30508190372761","-4.71352339648536","0.273457474081817","0.869883153461151","-4.27345759098304","6.8223377329528","-2.02014000549984","-0.00140473510235441","2.38450088449544","1.20519440835682","0.426225608205667","-3.82992867051502","-0.466044322017863","-0.935365907077484","-3.98695376697657","-3.17792556893875","-3.98578660032788","-3.03678718246927","3.23178013962251","1.50855833895054","-4.26888589100224","-3.16329515024812","6.83004092169348","-0.0445256195657588","3.24717469404458","1.36502250841694","-1.25672735500577","-3.7682300385554","-0.0343313744471583","0.847740513388522","5.03077301384108","3.24925638996671","-2.15201529587098","-0.58012383111748","3.5999228860942","-1.39267459848123","-0.745110606591692","-4.56823638919303","-3.4342676107173","-7.29160600547928","-2.1522597525779","1.17665316484701","4.95608637162933","1.18393744933648","-3.33893163566465","5.90339008419398","-3.01239634539674","3.70549892861066","0.970783801965396","3.36917784222609","1.46488221463665","-5.92340850083878","-1.10616835159235","4.41049766205135","-0.132439422283878","6.63703756097554","3.12288605177652","-1.3515076151807","-6.89724567214613","-4.58992244725143","-9.03816860707093","-4.08293142411142","-0.543983854547138","-5.12593084826064","2.34804281031247","0.209185998091025","-3.14109619199687","0.76245435932355","3.67291811403742","-6.92521209102758","-9.18942652062541","-0.777874858981162","3.4078839730919","-5.86738740066285","-1.15659320402642","5.39348930813749","-5.227430559097","-2.40276102542275","1.4005635005665","-8.38310614761701","1.73448488738433","-0.425268457544615","-2.16414281495932","3.657109027632","-5.17911339546533","3.00605752706257","2.70437083006027","0.65284520895224","-0.767769842987657","-7.66228029929402","4.60203166066781","0.245575417178374","0.842117827284838","-2.62353309298639","-1.72885808308827","6.32894920123795","-2.04556143622821","-9.81073464411392","0.91149654717576"
"Random_Index6_32_0898","-3.20545553144521","2.26836278788098","5.79605601070156","3.29407544366597","5.05135986020703","1.96996677791546","4.77552885763225","-12.9389535791094","-3.06055694937698","-0.495389738493781","-3.81887540956551","-1.30491099518036","-0.829401050951426","7.07726527060832","-1.51692376521533","2.96500692761675","6.28439566452774","-4.62530339210993","0.0208166211016012","0.829352165709353","-4.19763016149312","6.98756652428484","-2.07033632304693","0.136693739294105","2.33908467246084","0.844610317856521","0.346096725725937","-3.86111859642706","-0.467237311229355","-1.04554774676926","-3.93086016133268","-3.39593062046662","-4.06501738739607","-2.99164814930381","3.3110912745547","1.27732201369764","-4.41317520491944","-3.14228958640193","6.93073621472299","-0.195086607212513","3.38511968102054","1.25843860458201","-1.23134764541819","-3.73718813469026","0.191246809993105","0.910672995492297","5.35139043958373","3.30849859657873","-2.10999221745597","-0.481904330477753","3.60961838654593","-1.44189096078918","-0.862759088113162","-4.72788044680993","-3.67724212778143","-7.21316281277145","-1.90540546572775","1.36321637043916","5.10337931623432","0.993249419057547","-3.29106453182575","5.91367137336917","-2.94775764852838","3.81549977373313","0.948206317694041","3.37987009619059","1.25842526276379","-6.02190850044467","-1.02559889109057","4.63307730531161","-0.261632700306994","6.65516395346444","3.42719365424123","-1.24702854222554","-6.83333075754013","-4.91145731807066","-8.94059049215521","-3.93293533805089","-0.603019567342069","-5.13018760702394","2.66903106113989","0.210274476274454","-3.12243831816031","0.853022922727542","3.90647949920897","-6.69724587780124","-9.20523565668301","-1.00834823083092","3.56180077242364","-5.59451519353546","-0.935047072714246","5.3110876377723","-4.93562811037716","-2.19735928001319","1.39018088375045","-8.44198509544884","1.75459965268288","-0.645393242622005","-2.22540489984737","3.79238842905752","-5.1018543574699","3.09117990254735","3.04506409874046","0.591602334577377","-0.917989793890798","-7.50167372266411","4.65811402835118","0.191776597325355","0.842096761056955","-2.84287691875524","-1.47093127323745","6.40202327004413","-2.06719667379411","-9.64056717499915","0.887854331979937"
"Random_Index6_32_0899","-3.04516834658863","2.18472036209032","5.59585619083704","3.15738515818006","4.92394983406165","1.78989536285265","5.13967438792778","-12.7268931565429","-3.10625772743248","-0.397861473271542","-3.87103965625987","-1.12265595773668","-0.67376303279979","7.06896559605413","-1.43768113528742","3.32722459015268","6.2542018355911","-4.83786587259201","0.149883193015193","1.08277324498689","-4.11640415287206","6.85394598957099","-2.15061575517101","0.287607686755514","2.34298099263543","1.1150912052364","0.574882753898961","-3.84711041026645","-0.442818704165446","-1.10765193571244","-4.03115713927938","-3.24458830121469","-4.20256003332694","-3.00677823054531","2.99103242912921","1.64821024144465","-4.32281846201816","-3.19344989297877","6.91866498747044","-0.14970898099234","3.38015868556181","1.22417568294781","-1.29955846048719","-3.67066425801703","0.198157439656962","0.916301297676724","5.2834956678799","3.24201043765557","-2.20891582397437","-0.501877745552066","3.74653647219342","-1.33887740301683","-0.743555201750074","-4.30054602717605","-3.53654907520262","-7.16804727355932","-1.94446810552656","1.13034496584203","5.07210263432341","1.25528709328266","-3.362560123432","5.85744610092138","-3.03672187997008","3.79763520004201","1.0871536332505","3.30427394410099","1.59188606623273","-5.8968053211897","-1.26820884496942","4.44701618398272","-0.0756769826702621","6.64786993728933","3.25103522518747","-1.22721213630091","-6.81973822131755","-4.35513501320515","-9.00234971858018","-3.95320659372726","-0.611442667543462","-5.05059151783848","2.46337736894222","0.0390971786898762","-3.20559151397837","0.938774270465468","3.72168143263335","-6.81450687001975","-9.10591343183897","-0.814196435783682","3.58858937827818","-5.6070687301953","-1.1278064127849","5.4152954750898","-4.90098527916473","-2.15491724409796","1.63098624868429","-8.44113145011069","1.95028352445588","-0.487890819153463","-2.1793971206318","3.41794938016068","-5.19486170733834","2.91154864982114","2.93537309305687","0.58484886388151","-0.855057704697324","-7.43848515319853","4.65655449500888","0.0650071897715185","0.985397429901819","-2.74079783773442","-1.54892920738187","6.28194085707942","-2.09076012874797","-9.66671238112395","0.488567380695038"
"Random_Index6_32_0900","-2.98997553814498","2.32523984175733","5.7681510277629","3.39192052549496","4.96952874497001","2.0281709613193","5.15695163250882","-12.912951281436","-2.95561801854784","-0.362562323499222","-3.88849531843177","-1.27139302932648","-0.688250895714816","7.29513561247991","-1.45383586571399","3.11313335838031","6.5108730044401","-4.84049993457341","0.0954220425936982","0.888134122496784","-4.21184027560113","6.98513900273321","-2.13762934505667","0.245197403024102","2.34421246846523","0.964187206483828","0.400468644423315","-3.90345769949596","-0.456149333317179","-1.09718853601333","-4.02642616596966","-3.17798348798893","-3.9742991180348","-3.01593482373516","3.30014581691953","1.56175412778336","-4.37942507191621","-2.88820491876064","7.1932947584569","0.0484802751870822","3.53315509193258","1.32077245097363","-1.28817428500268","-3.65781366091658","0.219566815448965","0.95000053631164","5.30149696141475","3.49221275591084","-1.884693278914","-0.479146766551011","3.70553328984867","-1.39211847255372","-0.735272499865529","-4.5182565141735","-3.55012551666144","-7.26887882860089","-2.02058293674709","1.34790741018442","5.35727253327803","1.21440680376241","-3.37478192736248","6.02441065696254","-2.96554182176709","3.94707734613742","1.22081309462218","3.40113820843589","1.65093160694466","-5.88379798149237","-1.01132095560991","4.5950342217439","0.101977166804902","6.85000803730584","3.27358682028649","-1.14040821159425","-6.87233409238162","-4.4845629380344","-9.09860350663298","-4.05185086021868","-0.558955796606189","-5.08992954301239","2.67262292340041","0.12430345988275","-3.15768882592997","0.878462642687107","3.92592171162983","-6.86473821064573","-9.33502648752571","-0.842388781120885","3.69479749969721","-5.6207935033572","-0.927623556426967","5.36666902445294","-4.74016234044408","-2.28296852764077","1.59303475791698","-8.66211117607003","1.79729339394534","-0.420968411095941","-2.12913694914032","3.64094477822236","-4.99573082941714","3.12772988379755","3.09659493594152","0.653022316615342","-0.820208585496205","-7.61289480139667","4.77882474619885","0.233644932023277","1.01219868933201","-2.88820169193456","-1.44811029268977","6.4719020073952","-2.18239754707961","-9.73627129249829","0.951148435734797"
"Random_Index6_32_0901","-2.98881869546819","2.02965647772864","5.44198688761706","3.00362651841491","4.70712113562917","2.18804234074421","5.05696325205535","-13.0429615354296","-2.77744391386073","-0.150892573280919","-3.57756871573835","-1.01580768758487","-0.506309666942475","6.82699818679498","-1.16664990962083","3.05749772361447","6.41249784500922","-4.63065276558521","0.389460547923229","0.865622670212119","-4.54738183222147","6.67046327207088","-1.83150375042949","-0.0364367135157874","2.19682639079861","1.15120128606929","0.327680497446855","-3.58892568463124","-0.571715133875599","-0.83149098779319","-3.7413434736629","-2.91101590390871","-3.9498337856468","-3.11792371076056","3.31531980586014","1.74319642999175","-4.36995445543421","-3.15133640550759","6.93871612072242","0.233969981942449","3.15891821532504","1.56460497838065","-1.21977496924184","-3.50410358684258","-0.0133042247645805","0.976265718431006","4.99498940766302","3.19279352982571","-1.72863964000173","-0.720639696788552","3.40867254404601","-1.18825516045727","-0.567683700089281","-4.461849320826","-3.50717261976109","-7.16336500814656","-2.20711607648763","1.36823024537969","4.95368517932368","0.971857831712711","-3.08688021287347","5.71135070520827","-2.77280400495618","3.48172007901923","1.25941780041011","3.64022036870814","1.79470541698896","-5.78476951008496","-1.17911511813069","4.27771965157617","-0.196886615084147","6.47805441632442","3.15026250219396","-1.25274696585374","-6.79134281266155","-4.45576555754579","-8.98283284897653","-4.13746244781641","-0.449381053938481","-5.20989007711842","2.37823574181034","0.366763602188871","-2.86807480682231","0.707335967869313","3.64102868974904","-6.70102614822063","-9.17210159410962","-0.804799514906746","3.41060626565607","-5.62655524511795","-1.35251099337289","5.27599610351445","-4.90524899477199","-2.363810982771","1.35407660447999","-8.54396209046626","1.59089227355893","-0.286287265675795","-2.36734865956564","3.69070654856367","-4.92927646023219","3.26767147433229","2.69251912667313","0.872948018760058","-0.590541847724571","-7.81112072513534","4.50239406675323","0.431540082561224","0.647270043903403","-2.6907228145224","-1.74498092496514","6.20200281162669","-2.0062663722947","-9.54442297276852","1.02194559960507"
"Random_Index6_32_0902","-3.12425450848641","2.07135330649733","5.38843146964516","2.85439518081825","4.63529885722812","2.07175856832103","5.46684170358066","-12.7284739288135","-2.6264835596665","-0.133803728534914","-3.77466669932517","-0.88412131260006","-0.558313006007993","6.88337871504702","-1.43578737231946","3.09874018854808","6.29442816165334","-4.53659212901337","0.274851692144226","0.990137378336769","-4.07614977165865","6.75468821243883","-2.01316753017323","0.131499513809676","2.08475993103051","1.330442405902","0.533720037940228","-3.78878112370125","-0.690213388507335","-0.916177844741264","-3.80102778765546","-2.85102751107303","-3.79460907265472","-2.83446812863992","2.93519636898804","1.68647862162554","-4.2012073308663","-3.11714735290078","6.8758133896949","0.19606194850908","3.0677059438321","1.50575425911226","-1.14390787606061","-3.61961601283777","-0.111040589159385","0.93880037586226","4.87680639501548","3.11436466766843","-1.62414438322795","-0.747581666592075","3.46876801895512","-1.08149861978441","-0.416076911934255","-4.4408459842842","-3.27427894013017","-7.14026208647112","-2.24850902854284","0.876481917165204","4.9672674461751","1.28053225091206","-3.11563525545994","5.65419475801744","-2.84952785439904","3.47870878999292","1.3085751679812","3.28841608246436","2.07853507687412","-5.76753716668247","-1.15604764990558","4.34296938731636","-0.040343803957354","6.57698555996449","2.82836191698629","-1.0695966483959","-7.01855560053301","-4.2580579025189","-9.19586176541907","-4.01520859963267","-0.306904098192951","-5.2783937476692","2.11431077004864","0.208759053597095","-3.03809804019936","0.649769715445454","3.54546344584287","-6.80202696332695","-9.0286384284692","-0.520061386381428","3.27741671075976","-5.647648457539","-1.5381289058134","5.38318699011715","-4.95720505474996","-2.54597888387384","1.37443174026864","-8.42643848483745","1.62102874938909","-0.330635679164625","-2.18125260647938","3.20971103948795","-5.15864417884428","2.75442026282484","2.57200592124936","0.841748127398917","-0.548627820439976","-7.62985867216077","4.49636913019806","0.234642970444898","0.786747297587659","-2.67874500258007","-1.65761327349159","6.01603982671668","-1.9845056371297","-9.7150587463488","0.799381217486246"
"Random_Index6_32_0903","-3.16417678256421","2.38769450467872","5.7751794580599","3.28394625691304","4.97046062387178","1.88331739825127","5.20480570618407","-13.0761483842866","-2.86202801364533","-0.523035249702445","-3.91397982715727","-1.37862772938316","-0.769592350523711","6.89901480034531","-1.54561492575556","3.09669793397147","6.21058677304771","-4.90628229318637","0.083910611614757","0.988096666140411","-4.2909465863596","6.81369117348403","-2.21103595563552","0.140952520416574","2.60499617847036","1.07699254752878","0.313346546116107","-3.99629972898486","-0.41362002740781","-1.30317643339405","-4.01479609724637","-3.31405572598204","-4.3289716097888","-3.05640103322095","3.18983010424379","1.66383385046068","-4.01102840169455","-2.90801655070153","6.98936861447014","-0.109343507345508","3.28913783879256","1.1943079930554","-1.56631554681261","-3.76318868260843","0.396274026745091","1.06339364489806","5.11907890318305","3.36015113679388","-2.27730679007527","-0.507263499007022","3.76006303074728","-1.57409258778381","-0.998807647711769","-4.56051805099767","-3.54184710442046","-7.10487477681031","-2.16965491811154","1.19684522862364","5.17108646618719","1.28188703571036","-3.37574953518627","6.05180428286503","-3.12787061337231","3.89989088581991","0.899473999070973","3.30264512416073","1.44354423943858","-5.89056608322212","-1.22155602037659","4.64738122346277","-0.058903094199643","6.53100497960549","3.25804562948727","-1.20541595993428","-6.96246046873353","-4.47067516983063","-9.02854893940659","-4.04902742278798","-0.652651944140524","-5.0553417184524","2.42595134521626","0.0426747527283256","-3.18027763885524","0.738045187094677","3.65225649988137","-6.76952286133446","-9.21539564835443","-0.971933349208111","3.58051204566688","-5.57406335675544","-1.12278077814782","5.34869537079177","-4.71606808967285","-2.16720255002751","1.45836969558285","-8.32282766010101","1.94851758923838","-0.585026060362851","-2.20104446715375","3.46384271666561","-5.37642866847644","2.88733234964115","2.93200535376871","0.563655137693011","-0.949640194104043","-7.59997366788275","4.68874155047662","0.0756688461387539","1.02159694870551","-2.81313662771326","-1.42139449123783","6.30467411718135","-2.04241130594304","-9.97703125334872","0.638159634009323"
"Random_Index6_32_0904","-3.11412246749309","2.090938902909","5.55292265351371","3.1401053635494","4.91960991145586","2.15912386289028","5.30590202621785","-12.960153743885","-2.60268613148077","-0.156755072968477","-3.763860514187","-1.09452428354696","-0.509134144036865","6.8164389799273","-1.40350651185238","2.98573803059052","6.14098751833788","-4.72828473031133","0.245506456189827","0.792070925922127","-4.77014280535949","6.78591187243543","-2.06392164937408","0.0451226331374199","2.48107885345278","1.16122385549062","0.333274905225933","-3.79949727092693","-0.549217744551699","-0.931587844239738","-3.80147760465245","-3.14490113297015","-4.13538718226073","-2.82518203215536","2.78199734066953","1.882655421298","-4.04711312588694","-3.06572852120124","6.90317999384073","0.0436267136386108","3.2475912691641","1.41519671536102","-1.28733686779305","-3.44186291589607","0.0702187394255194","0.884521457275853","5.04461493092588","3.35162959625222","-1.97067639759287","-0.510678971406635","3.68053355543933","-1.28953919690721","-0.676190163834953","-4.29470631648156","-3.53696038728278","-6.86650503145862","-2.08659289492786","0.644503591025799","5.05471229088206","1.14004058798417","-3.06269348894","5.90818250177818","-2.88477421085029","3.86885301369827","0.99523861297063","3.10283273891899","1.53640627475237","-5.58442433702964","-0.99299271360221","4.35051340707856","-0.092711232113896","6.54852392503684","3.21606199027826","-1.13970690982589","-6.77389589520587","-4.27163522108892","-9.06124872528725","-3.77868104558958","-0.472934181953239","-5.06047889241359","2.46333602830727","0.113142282721093","-3.0386933495111","0.589964307152805","3.55521481120503","-6.52232417029503","-9.1503249877413","-0.745933400361123","3.55562172572935","-5.79485527679105","-1.20148207299573","5.26239536758529","-4.95068209184125","-2.53329673261001","1.26595631196219","-8.13906283585932","1.57290033010625","-0.428767944977649","-2.29998334805749","3.00548684109516","-5.05804002885381","2.64671049068699","2.90876034163084","0.723930634467157","-0.745768920522282","-7.34037150773338","4.72310833648087","0.310410174433925","0.954433353379293","-2.457638435024","-1.61380974440028","6.33178792852015","-1.78266301992607","-9.54167861279923","0.739313179988728"
"Random_Index6_32_0905","-3.15963781601525","2.24315135343886","5.46565512857335","3.10920633245552","4.89882060826356","2.05942185687218","5.08566233002328","-12.8992689358639","-2.90941730158127","-0.390598597584833","-3.66271954874847","-1.23221523320563","-0.616513908915422","7.01812315269749","-1.38116667154506","2.9631923584762","6.41313882317315","-4.55520833475487","0.256237418211482","0.89716745539099","-4.51843083918372","6.90280666010612","-2.02069434026268","0.0690746902702561","2.30251801296059","1.14348448451683","0.462404661986481","-3.84213609687226","-0.514246335791224","-1.01285621328539","-3.85592721915653","-3.15726831847201","-3.86615057432554","-2.98574575340834","3.18297977124586","1.58908208831889","-4.28168719337749","-3.09664765695282","6.91395738946196","-0.139008516899111","3.37421896912285","1.44133482307971","-1.23172977436452","-3.65063357549049","0.108181531826583","1.17066254506499","5.11420299348832","3.43012106017368","-2.10393837954096","-0.509222727482023","3.49565272298912","-1.33859109670182","-0.765989764450881","-4.54472674518262","-3.60805999331895","-7.24290330221027","-2.14501353980109","1.21066844145855","5.17936051746229","1.23736288480505","-3.32456556690812","5.95245912332864","-2.81149945549663","3.74351935719414","0.984021663306154","3.48173765989724","1.68065804602462","-5.7717459629046","-1.22296454051819","4.42511601243731","-0.25241369482037","6.66859671902455","3.26763579668673","-1.06953723576866","-6.94012430765257","-4.8521997682372","-9.17887390598336","-3.89073725623777","-0.414550370270915","-5.32152057285135","2.41804086475243","0.245549898915822","-3.01989344727698","0.692682548282895","3.71013956677818","-6.640451885388","-8.96662426699328","-0.811744926308115","3.62128139291266","-5.5414490564294","-1.16082011546822","5.40194555308853","-5.05346852405679","-2.43908088306163","1.34686241115997","-8.66487764695422","1.6618805555568","-0.378872630365986","-2.04490875984054","3.51740719869319","-5.12245064444386","2.85257186733328","2.83290248183613","0.705705892959276","-0.806735025311915","-7.60974927857745","4.79674283140791","0.248923809143136","0.771309061448742","-2.8427264114049","-1.69769558250559","6.35122112070033","-1.85975176110289","-9.68412796338209","0.750336423584467"
"Random_Index6_32_0906","-3.20193903923706","2.02008804929971","5.44801492529828","3.21885529451864","4.75194479348486","2.3551405482175","5.12286399309622","-12.8288365619114","-2.6352388045015","-0.146144010459243","-3.43276429567661","-1.0018149232827","-0.44632176694717","6.77678557356742","-1.11630184679706","3.04951413674157","6.31798091618711","-4.60061386919975","0.338043015120979","0.880955132645723","-4.57713668853546","6.80259189997268","-1.67496023632767","-0.0626594123481471","2.29309434845611","1.09295608485032","0.14222320776561","-3.50450760821499","-0.739031475940164","-0.793801137383074","-3.72048573206621","-3.04170777590476","-4.05941647542168","-3.22113091266209","3.3590649482097","1.58859526560485","-4.28761090067608","-3.14857791004589","7.02001106415695","0.387209378051906","3.2087011200156","1.6901230115995","-1.08930568007176","-3.37842833056887","-0.078173559618522","0.854242456511027","5.10545320290849","3.25097978854623","-1.99338149966209","-0.645692619313137","3.36978929909478","-1.39915059205512","-0.718433624233244","-4.50549242220782","-3.61356371668795","-7.09733962792097","-2.2448883061526","1.30524880771411","5.07124461838587","1.12335603515107","-3.04104289269663","5.74878664481976","-2.62066290888225","3.63336572965245","1.16538081178113","3.52669476405997","1.50785889974581","-5.61425774473353","-0.96759150370611","4.32092744252022","-0.208233463494351","6.73809509389058","3.20017241547878","-0.874712033906169","-6.79541856571805","-4.32872539697798","-8.96441413529345","-3.95945575384809","-0.188427407647862","-5.19551184892775","2.48839254544459","0.379747883667572","-2.91788717247717","0.74170636094123","3.64140835152782","-6.49461227981325","-9.35482167704774","-0.73002645351714","3.47269499171714","-5.79205957426455","-1.05702017646314","5.26639802481613","-4.94393122834073","-2.4539620109817","1.2907729384697","-8.37328268675699","1.59012266905999","-0.143536702318977","-2.52977260143983","3.73100360871462","-4.76978224598037","3.11789339220887","2.83796918215211","1.08229089527169","-0.58904426862238","-7.68305516823056","4.69392279098926","0.499453117569374","0.607741211302147","-2.56462735786401","-1.71478841482547","6.27618469673571","-1.85130460665241","-9.47857355955126","1.05199028818437"
"Random_Index6_32_0907","-3.26283819526008","2.26167572380671","5.79332828890923","3.19706474180176","4.88136015647226","2.05700279225852","5.30977179319581","-13.0475027579265","-2.69667170578939","-0.421728933986056","-3.96635340630752","-1.35418869815809","-0.732367432818918","6.92301875185285","-1.53888764600176","3.01173359148345","6.37595567781977","-4.7089344563089","0.143173627997679","0.872873312197676","-4.22024984276472","6.88491161118058","-2.19428808698289","0.0658684133873248","2.4831060099474","1.06049363189564","0.260314585563794","-4.01027570225348","-0.564886374893703","-1.14983837917717","-3.86891167794999","-3.24741291709877","-4.14624064892084","-2.96714948924214","3.16859917207244","1.69732039567891","-4.14022628045814","-3.08949974970134","7.00128266774276","-0.0202280935382146","3.38921156418973","1.20457515148208","-1.35975471877839","-3.59174559272922","0.15310139534659","1.00954717947495","5.09753129526221","3.40178498442227","-1.7086581240082","-0.472817535887106","3.48335516171218","-1.64508805878271","-0.887196376647705","-4.5606643142272","-3.73647238613074","-7.06593409278554","-2.18434529513686","1.17879185252947","5.27478696722832","1.31922541345916","-3.05145653557498","5.96164361245309","-2.76246505239737","3.72840899054935","0.993283176789896","3.43043799547169","1.35322175384048","-5.68125170479189","-1.03581007901344","4.44709103071245","-0.273813106129723","6.77120214385971","3.35233596750409","-1.06383003590667","-6.6853491865248","-4.49481931004923","-9.00707105482746","-3.83242130312921","-0.420031106219982","-5.08105590433358","2.48582897890318","0.0989023687142616","-3.10749574027483","0.936639070197573","3.67605348795186","-6.60252664699422","-9.43013043378757","-0.960262396475085","3.64720825759073","-5.46264603239212","-1.08203696749511","5.33705859741991","-4.86389818628133","-2.18982691899069","1.35516481865868","-8.33732972144917","1.64627419544122","-0.442093776635332","-2.42172618843407","3.51488991198636","-5.11162408804574","2.94864348242536","2.90623585994898","0.662357096492019","-0.586296585432111","-7.56461187648406","4.78881864827969","0.231845840428436","0.769457623545507","-2.82104410569638","-1.54696109974471","6.33419387249803","-1.81551516915081","-9.79196514132546","0.775245074645164"
"Random_Index6_32_0908","-3.15371785444687","1.98433171701492","5.47759846268055","3.20376924546827","4.53718994288884","2.24358255005549","4.91218907827307","-13.1513788104673","-2.81816933213174","-0.160317597323783","-3.59535533883257","-1.1644873820468","-0.573428540232275","6.78297317496414","-1.19124002831334","3.1200623207521","6.36522387837062","-4.45905103281939","0.312691392484375","0.796470968925705","-4.29288751355086","6.91824599922238","-1.80112090573651","-0.0657809694080921","2.25571772121175","1.17957957023917","0.227068819714747","-3.49703294695326","-0.813721390342865","-0.815682436658603","-3.76657248495135","-3.12553066297467","-4.15620066066098","-3.31740264898978","3.21794499985374","1.49738779277695","-4.20569079558741","-3.30905928178557","6.99102495173652","0.47746351465546","3.12962764740738","1.51936067227998","-0.975456270860479","-3.27607913173496","-0.076473834339014","1.05533763867106","4.97476596625865","3.27576737358815","-1.78629477084797","-0.563947979122936","3.1696941007092","-1.27320451886788","-0.760446248834426","-4.45701836616701","-3.91809273084742","-6.97708251830365","-2.42262620257775","1.25499982239129","4.99004951555975","0.815517626328338","-2.95143592611015","5.65688740018327","-2.67025344533728","3.58083540777009","1.35877437633444","3.35891947763246","1.37802018852092","-5.64895333480727","-1.13314517432908","4.44813370516142","-0.455154657110907","6.72738777558683","3.10685201133458","-0.903107183706262","-6.72991989983075","-4.42800198884792","-8.96351821889152","-3.98742318333156","-0.201155984085646","-5.2458100703339","2.53729263787795","0.446636203376656","-2.81621384295661","0.776872775621787","3.68450793554656","-6.49217580727751","-9.19243914183783","-0.556831817342077","3.406192202643","-5.45801094371484","-1.04079778067184","5.26180712727282","-5.22396021821872","-2.23121783769331","1.35355685868451","-8.21140462347422","1.47365869904529","-0.223381791004149","-2.42855544784704","3.56585773522451","-4.91959248752624","2.89773810807766","2.95189980607756","1.06245417321338","-0.418052581530377","-7.48536488059111","4.6151452501965","0.560478099713729","0.603040418900422","-2.51996735919035","-1.77736274534436","6.28416871187111","-2.04995119294147","-9.36009111242587","1.13414982191932"
"Random_Index6_32_0909","-3.14239881191593","2.21294349267959","5.52492387095608","3.2498043192369","4.82556803342334","1.95865547151663","5.25543787193876","-12.8604168093857","-2.78183457994423","-0.42671963107612","-3.82803348857303","-1.14293929380253","-0.712067482639063","6.77161389402318","-1.45223373724088","3.03047201230409","6.24924408135918","-4.471953197027","0.0718385310075248","1.04408299889652","-4.2174684119473","6.87057210179921","-2.07480396418176","0.140832989634433","2.52516314967931","1.03731401036658","0.470861806672547","-3.84158126302593","-0.536967253689691","-1.10580008422962","-3.94863365266554","-3.18263502504867","-4.18086490013702","-2.72248405771546","2.87965464741084","1.6583406194267","-4.26519152955122","-3.16838175946657","7.09660991141618","-0.0306556904800677","3.31742553066085","1.29929259878792","-1.16061497829352","-3.51667540695735","0.0091246075697708","0.946609335721977","5.14664110671855","3.31724830622235","-1.79130658562496","-0.48710981106339","3.46748560441939","-1.4438401191559","-0.917152401751517","-4.25517836854185","-3.47893131781631","-6.86166602995991","-2.08983730183228","0.891659112990299","5.029772571797","1.05795423691857","-3.07471273841438","5.82433635068153","-2.94719106974546","3.61506821894937","1.05655579322927","3.17802653921559","1.55624701635442","-5.82471183725694","-1.11039174921405","4.5056586234015","-0.0784373304013932","6.38648823919089","3.28786535572679","-1.06351483763563","-6.68971881758868","-4.33329609445678","-9.05386648598645","-3.94328232625357","-0.436071993484926","-5.31699839244589","2.4981734105376","0.0723117264163127","-3.14632127709468","0.915744759981445","3.62019971232535","-6.64922633847054","-9.22579384310637","-0.789127448011806","3.49531904910718","-5.4363608154551","-1.16813745894628","5.42658983997286","-5.0583017830832","-2.2890246973443","1.44366895269237","-8.37803357347304","1.63723649375591","-0.429575728855057","-2.34725417624751","3.18972153818916","-5.17965228574823","2.85956411608361","2.89644991272649","0.700098006836033","-0.782364725371011","-7.47362937752488","4.58645270964828","0.153473486512607","0.963193099496053","-2.72644052179966","-1.43526669785473","6.0582309721829","-1.81270137381195","-9.46368650536992","0.776135723956479"
"Random_Index6_32_0910","-3.31481607773378","2.23957339131252","5.64326414856928","3.24951905831257","4.8154245504128","2.07054929875656","5.11526806642487","-13.1534293705272","-2.85268645576137","-0.351624302654525","-3.85027029507817","-1.33087284168494","-0.81268318241997","6.96523204484673","-1.56801822884507","2.9982042204583","6.62252966294352","-4.63740418363807","0.0320804957806231","0.695343917439774","-4.50501643721475","7.00894829364185","-2.09964876888991","0.0471833520475499","2.39238535051164","0.922126426835496","0.326520131101304","-3.89803835758151","-0.637833429532385","-1.09165880899156","-3.82238424795304","-3.25669789251222","-4.12317510752164","-3.15106427323639","3.1986543909373","1.48454437863877","-4.30509768127885","-3.12013241229644","7.1763780082702","-0.00918734037945945","3.27482325982865","1.31643839039116","-1.23719085296665","-3.59619821460873","0.101244640948292","1.04561499286929","5.08406535743849","3.51197757659152","-2.16640454896097","-0.500659863948064","3.49376858773286","-1.42361640671737","-0.750789080121924","-4.60021617637261","-3.75118059776861","-7.43667623857368","-2.18202578222398","1.22118367678224","5.18636860308574","0.8956626362911","-3.1242262975153","5.87172398905662","-2.77789587898683","3.71748770929072","1.0002608448781","3.54605428295373","1.43158641578659","-5.74592838999842","-1.13896632564423","4.51643569741636","-0.122114117351745","6.71566586074959","3.33766941435093","-1.12138773342519","-6.98266559291801","-4.83179455816101","-9.0267254652364","-3.87879516340125","-0.421708684909744","-5.32038228638905","2.50696572900387","0.218949421991446","-3.03343044608117","0.919233590330213","3.74691409127709","-6.76464804568692","-9.41099260576521","-0.84278874790702","3.6348139468444","-5.60711234084352","-1.14027819373243","5.38380667329606","-4.98218897733568","-2.41491209902666","1.30667395639205","-8.58533604412197","1.58925460426931","-0.452343014810691","-2.36796908662893","3.45613868630222","-5.06921599228905","3.02099609690602","2.91487971074687","0.749431858012203","-0.993262082863645","-7.71649290015623","4.83948906052018","0.176443101534906","0.81609508212066","-2.73211647398734","-1.62368008012273","6.39623168579351","-2.25901817688225","-9.7388121858618","0.935408282452915"
"Random_Index6_32_0911","-3.25955850656791","2.04254649248431","5.46514353468326","3.05090373676972","4.72996136324204","2.12501799462091","5.14135180139273","-12.7216735832042","-2.73824988550465","-0.258246019615096","-3.65324551068182","-1.18695057967884","-0.49083536175217","6.63911606615396","-1.39041615200968","2.76931205261309","6.18981766169443","-4.63826621476168","0.332775185197195","0.692627943261615","-4.39687585137124","6.70052680639383","-2.0561875954006","-0.0331972680924429","2.35482466268105","0.977660666387062","0.242188849191712","-3.67903509924563","-0.686733470280316","-0.937749690956155","-3.74192953392125","-3.07136255770506","-4.067559570088","-3.01985095813681","3.03300181763725","1.60747659931419","-4.14744886612202","-3.05809777610771","6.79901469343263","0.0463166516244777","3.29871658314445","1.37021411419359","-1.39553075477731","-3.5525791927059","0.102416758631232","0.986780007111815","5.01070766874196","3.25768223849793","-1.99765559517638","-0.606028466228897","3.47666242308173","-1.21782485494056","-0.690664635090272","-4.53478038937317","-3.58244716151425","-7.0669728053548","-2.2332292697574","1.05498345149771","5.02350922331588","1.07636015293101","-3.12539275983422","5.81441673659643","-2.74349041759521","3.73865703229767","0.949732070719902","3.29871727918476","1.64837837902586","-5.72767513452119","-0.93721961120413","4.29168976147358","-0.238924606499229","6.54465408596974","3.1915776444932","-1.0501941422468","-6.75460575996051","-4.39212082004098","-8.96636091288968","-3.8854395954784","-0.437166798080872","-5.12968858008191","2.4031977980182","0.181335606658685","-2.92747857154526","0.775072279322586","3.57798987009759","-6.57651603434469","-8.92576743948239","-0.750760358175964","3.50327073175614","-5.72342148256456","-1.09754666234387","5.15586917039103","-4.9148466184156","-2.35935542759282","1.15838432751502","-8.30662424468969","1.61679939993208","-0.448378004203546","-2.32875187603432","3.32212397098746","-5.00002634553759","2.74783720967304","2.80853585009495","0.751234775237622","-0.884367580404076","-7.50805149560581","4.69356149739875","0.299785817972261","0.854895693055943","-2.7768204102916","-1.53335790999581","6.29804193163909","-1.99283226298209","-9.43342896912216","0.737617415358083"
"Random_Index6_32_0912","-3.25815689679873","2.17399737401268","5.61575568681363","3.09273553551026","4.81352691165554","1.94139280075759","5.21137428595753","-12.9195349328987","-3.03848794039399","-0.60500749942058","-4.01319385688481","-1.49460521559393","-0.775360738790799","7.04249472444778","-1.68491856330541","3.15074876837641","6.49288804707432","-4.70456936098842","0.130079859304609","0.955022138711848","-4.31569349334878","6.92363247601708","-2.27045598521017","0.0609718644567728","2.21897498700803","1.06535113221829","0.439661855203938","-4.10520748349079","-0.465773835837403","-1.25770379805583","-4.07881133554098","-3.27483384718473","-4.07802090283097","-3.07688760211061","3.28161083986296","1.47578718959346","-4.26199459912606","-3.26016489519606","7.01417432965632","-0.0447197837280528","3.44781791334322","1.22123054312466","-1.3428817149506","-3.89041021150558","0.292701025126945","1.04379764981771","5.03879520377949","3.31010600959613","-1.99357315168549","-0.697380573062147","3.48223426800335","-1.56004086768063","-0.891982107716628","-4.75303242724956","-3.62789368386196","-7.28204475241722","-1.95706378739014","1.14738845086562","5.10177835388122","1.22013905548631","-3.39028157728483","5.86963148194665","-3.02229702191409","3.81173915271507","0.7635222407091","3.60795881305748","1.48089533563568","-5.85816157246925","-1.16850530662731","4.48623874734169","-0.137515760197281","6.75292314286239","3.32604508911713","-0.930603204421968","-6.980852812781","-4.62452212860405","-8.9133309430192","-4.05818238660747","-0.527969311412915","-5.34461641581987","2.52539187932899","0.104563683345279","-3.17596441825606","0.786672633662964","3.71851348773191","-6.91475519309295","-9.26129691346982","-1.03701558070659","3.49666626176358","-5.66768272541864","-1.21211049044118","5.39963708855385","-5.00963628120188","-2.16871342855073","1.32978763722872","-8.45996165976052","1.76377558392957","-0.570191286081237","-2.19920656746599","3.66053554845352","-5.37623848632092","3.20545987155499","2.86004254610353","0.592959416004348","-0.784039846059426","-7.60287802949241","4.65512089976078","0.188552245787983","0.761460729500469","-2.94228115136029","-1.67615175053104","6.32424685841287","-2.25384347303348","-9.75014191355137","0.769427905832735"
"Random_Index6_32_0913","-2.99353698887147","2.11917476602355","5.60505790663909","3.08741647909701","4.77691858041983","2.09566739685182","5.33006494546383","-12.8140515949312","-2.67843007444486","-0.2960004551961","-3.70193154666597","-1.2035718591032","-0.563448584676257","6.86647199763266","-1.40133013503871","2.89583766251796","6.10382013835677","-4.63131395209398","0.207244795290508","0.871307981248496","-4.30592716095308","6.76357511271426","-2.09057333442651","-0.0749209713117627","2.36777992490496","1.14007562625655","0.268664807020838","-3.82714135513098","-0.806308410331821","-1.0538676925573","-3.8269231417826","-3.24194104610688","-3.97616009795669","-2.78639639135801","3.0495634492003","1.95729973450817","-4.04425294916278","-3.13873558329834","6.88384078932419","0.0214709194967633","3.27785369743611","1.37614553365447","-1.42216878631181","-3.44919181342228","-0.0238571097407558","0.86371383331209","5.17610029604449","3.26803287139708","-1.78874620223515","-0.636540385343295","3.46558210603024","-1.43949201799337","-0.766744072443823","-4.3848383641607","-3.52923721359064","-7.00424783471589","-2.05657487134155","1.00341139398168","5.1512819574453","1.31625872716706","-3.09219285764049","5.86490384165925","-2.77935901598774","3.69723291384129","1.0719985769526","3.26248972064267","1.55447984981541","-5.78052720033266","-1.08411967171564","4.3858559372877","-0.209826160300849","6.50108491013389","3.2526553704507","-0.981772902123298","-6.6334159535795","-4.46299387611245","-8.88070100508752","-3.98418073550402","-0.502286785785577","-5.16584387044579","2.49263943569953","0.0259554329382981","-3.07169240605612","0.977353780014079","3.67569291038377","-6.50406657359913","-9.27252262584986","-0.879852332089141","3.52174607927392","-5.75166322966924","-0.931162043467229","5.3047227299191","-5.02352818326645","-2.26155375110459","1.35350395002801","-8.49394811328301","1.63429730434018","-0.306536485725882","-2.39659139174571","3.40589553993551","-5.03071444861869","2.92094934378793","2.8413360760599","0.826740055443307","-0.907820011455404","-7.66125107113012","4.71763190792344","0.218414956871905","0.757288839518153","-2.59875957771719","-1.55163807245278","6.27284085875906","-1.82335113960829","-9.54822027645534","0.643141686380168"
"Random_Index6_32_0914","-3.06244761649951","2.25525648314782","5.78733407133959","3.04574844710367","5.00649983622607","2.0526287449447","5.20051854322782","-12.8910169886746","-2.69479135472419","-0.260855911409018","-3.66200286744831","-1.15795613615723","-0.59230374980991","6.72180519329159","-1.38395056259468","3.03997495713762","6.17974251391415","-4.61409911836723","0.395597922116127","0.898713766005609","-4.18245661695561","6.83187457031454","-2.09083806727644","-0.0675908771825379","2.37699941491008","1.07712977335133","0.204789319854625","-3.9419284152277","-0.480436303512447","-1.14335586409683","-3.9957195642212","-3.26583673238162","-3.96991323995719","-2.71558657397433","2.99616214792156","1.99923102852083","-4.08487570742444","-3.23528371475189","6.70159218859733","-0.0157687670773754","3.41764096788399","1.2608454614472","-1.26772478276019","-3.45573354463359","0.20895576538381","0.703333606350191","5.22882703616382","3.19670772371105","-1.86878438059463","-0.468905155756018","3.59918428749604","-1.35578402687947","-0.763187058920892","-4.64654243296033","-3.70067550884443","-7.13350820704554","-1.96409812002657","0.890566010088682","5.20568203561782","1.32233606814171","-3.11790974686131","5.93006543869554","-3.03401977702058","3.85822058631826","0.98954357694867","3.18812936941086","1.55907321842199","-5.6012473710866","-0.85099594304021","4.5082363397532","-0.093932185799782","6.55251974271955","3.25091008748499","-1.24156278591717","-6.69935746344091","-4.43864513315757","-8.83442950872633","-3.79890417880868","-0.561508204098802","-5.10852562522198","2.49355296196982","0.0699189711573595","-3.25469285192584","0.803470089962678","3.68960980461313","-6.56985233374039","-9.21853656129697","-0.80358193779271","3.50663617792659","-5.8471661204396","-1.00657101728241","5.07652250763627","-4.8459087337383","-2.27398481239948","1.37641779294254","-8.31388229799703","1.69409635355949","-0.416550148987789","-2.28222336490459","3.29101221348335","-5.09512663105083","2.83470586473977","2.83448606675437","0.606089459066669","-0.721375383727596","-7.40507835767253","4.5914265476022","0.204374222579533","0.995826994733391","-2.89582851031055","-1.45579502057105","6.27767328284551","-1.67559737230327","-9.6416686744565","0.795176068350618"
"Random_Index6_32_0915","-3.22016465114706","2.07927586999888","5.33455737625648","3.04518079331428","4.71228024221059","2.19467393942752","5.22965230784107","-12.9786533711671","-2.88684553200277","-0.291900050260545","-3.68134803063835","-1.12820575900817","-0.487974399238906","6.99835729358899","-1.46822025350079","3.13516953824813","6.30169797441187","-4.7115187947025","0.330085974083104","0.989212334908103","-4.43741743417238","6.90883826748831","-1.93784590989775","0.127817769517621","1.90913623579339","1.23436127526279","0.440516419940058","-3.69814919585717","-0.601811612732286","-0.970342619917284","-3.92590672751722","-3.00753797700978","-3.94266291921837","-3.14349140601719","3.20519456715695","1.81417008843738","-4.44478211862655","-3.178502819296","7.07290582461586","0.323659024390176","3.32498740696616","1.4818497058943","-1.30520079778799","-3.5482426288356","0.108088685159677","1.12053841977136","4.87197024238244","3.09966963545122","-1.82925491551193","-0.775566631268789","3.39530238331063","-1.25870435775338","-0.659395327878949","-4.35121599974681","-3.55353996237119","-7.42461098272775","-2.16067736766126","1.20565598042339","4.99337453458287","1.03855996927197","-3.27364758694142","5.65942561131559","-2.80795363431997","3.62569798075911","1.24133514769735","3.57659517151203","1.64016642893476","-5.81005208848193","-1.10752710169704","4.36288674794943","-0.116981866811709","6.6033197445717","3.05724639375951","-0.959405231932409","-6.94116812687241","-4.57459724891407","-9.2176060667173","-4.24876450504602","-0.511901858477531","-5.47050198130401","2.36200341931761","0.463789341008512","-2.86557874543935","0.872312634131227","3.84660110879274","-6.70408527873736","-9.05877228266192","-0.664900640077239","3.44367516348502","-5.45183848011564","-1.20149966349061","5.44503995620496","-5.1357985911334","-2.28461900724321","1.40085815240191","-8.39615677596746","1.66886087353486","-0.42362496687415","-2.14814355362084","3.53755756129791","-4.86336416477803","3.15041953483511","2.78530299085266","0.960897983494906","-0.776750332279869","-7.78649357819429","4.62879982216676","0.407307899889028","0.616368469882107","-2.64657897156902","-1.77863677108651","6.19702792760152","-2.27652805877554","-9.45721866257005","1.1169608613411"
"Random_Index6_32_0916","-3.07832823770828","2.29082455891012","5.65662587814719","3.27436591552415","4.90687333048406","2.03409496742053","5.24199510043144","-12.7125362078283","-2.81209101845528","-0.300737862412727","-3.68639086732678","-1.22308238844901","-0.478127153483401","6.99185347379397","-1.3503932284551","2.94278510286233","6.24087510930218","-4.84620674057513","0.304213757861205","0.819559267121663","-4.33664550961944","6.81350602896189","-2.06632491820737","-0.124469990327485","2.43004659600197","0.891717580937653","0.189483239322233","-3.86032434823531","-0.622095236746891","-0.948034159988908","-3.79396867343937","-3.07519065062924","-4.08571198487326","-2.96305794518304","3.07640275557613","1.56759900224713","-4.09248564776628","-3.26698934126122","6.88993393080249","-0.0433805355333605","3.4571578502713","1.34108965400156","-1.44292188572697","-3.69098771347748","0.332074070825603","0.855946413964697","5.24870470156027","3.3904373932336","-1.99616115715453","-0.51906669246651","3.6114595022286","-1.45772874613035","-0.776320430492226","-4.6473110314062","-3.58203673146891","-6.92540269091249","-2.14043570263926","1.14390960436944","5.33936274307048","1.17323050786513","-3.3588875695248","6.15466509035194","-2.81766259765453","3.78477574887006","0.971708134465901","3.3789590843563","1.59273423467524","-5.76585741165876","-1.05015074854464","4.40319113269494","-0.20781430094722","6.64059981342223","3.2416677482679","-1.24367522741875","-6.60372211743812","-4.52441571739455","-9.07602520999377","-4.00010088771653","-0.423207194771844","-5.05233694393278","2.6060541609739","0.258355967882096","-2.99474534641828","0.662162667786863","3.7419442438731","-6.61154405065351","-9.00666154335594","-0.910681844220368","3.59085793521005","-5.7479317531801","-1.04564709808095","5.19873208889082","-4.83565688870373","-2.2237293246119","1.43794792479273","-8.4318770086739","1.66845623748574","-0.388623506100544","-2.25419306172385","3.38226877174171","-4.98690492037497","2.87673396613114","2.94854437491737","0.569063717092212","-0.904161601792187","-7.59122208301828","4.77849835264589","0.343320807059709","0.888562711228614","-2.8533185656406","-1.54683932434033","6.44095602850111","-2.09619893011812","-9.67548188816843","0.846646578450401"
"Random_Index6_32_0917","-3.35439796310249","2.29701717016016","5.73740581279748","3.20142300413996","4.95993319790178","2.06138911329893","5.26515465485509","-13.0670444360009","-2.91118119056853","-0.617578493056788","-4.08318131181204","-1.47398801442559","-0.950352999603285","6.90046577535477","-1.72354309396233","3.16053497083211","6.55261389760903","-4.70038282417777","-0.0308222326452746","0.984986559773418","-4.29861850707514","6.99959882575306","-2.30225780758046","0.125994557471242","2.37329138609942","1.06546823600431","0.37556303671113","-4.11519165399781","-0.403742036689141","-1.30935664613013","-3.93356804115899","-3.42529747082375","-4.27883967198665","-3.0658732471713","3.25573625550635","1.64770823100346","-4.14938309038488","-3.0819656328337","7.10511149235103","-0.094435566265052","3.51898347589929","1.1792164643015","-1.28636671967623","-3.90091918495886","0.243199474211251","1.17483715641532","5.27709065355693","3.47761320286745","-2.00272415625796","-0.508394841450355","3.63712253677564","-1.5339179408462","-1.02048710603457","-4.53974823094414","-3.80127330473559","-7.30255598964526","-2.05982479413518","1.16988044373563","5.1592016766463","1.29602781946552","-3.1102071534261","6.00603603856022","-2.82083195449349","3.80908514237834","0.891760105735531","3.65193638140237","1.19506226753089","-5.85489465380937","-1.0107597233435","4.54462984867632","-0.192680147032585","6.79513421853055","3.53815240021456","-0.959660237720338","-6.79314285014055","-4.78628090639641","-9.00362369758045","-3.88077157146329","-0.601936945579205","-5.22241945260835","2.5668520472722","-0.0138786188268716","-3.00340953883112","0.911544176044789","3.80126745738929","-6.75103793351504","-9.25778953633006","-0.902899245531502","3.66739497074329","-5.62170313658143","-1.02117809371997","5.37600410747729","-4.98887924154817","-2.23540391990792","1.41390166878454","-8.44694209052766","1.72806964489202","-0.642469812428863","-2.21414197979957","3.54597662738354","-5.27792486343759","3.0782571447375","2.94471094899794","0.646659280171125","-0.783333120265084","-7.58981311291263","4.85590283245729","0.077671345157543","0.871742897441049","-2.73386288515727","-1.48153463614861","6.42780351225503","-1.99791740441675","-9.71830372972778","0.692829318023603"
"Random_Index6_32_0918","-2.89327771916985","1.99703308392759","5.60786254328339","3.14179224665113","4.83381102699916","2.14117451773514","5.13757567119009","-13.0493294600453","-2.93388730669824","-0.13057922652386","-3.8223754887286","-1.17392052735521","-0.615616964207921","6.90099393465509","-1.30660384438038","3.15866573642996","6.26908008590687","-4.63057197034254","0.352758194305961","0.877107547486312","-4.37448230521312","6.80119300966213","-2.01653401690535","0.114198704014259","2.2650853914682","1.00113471209115","0.373110333209597","-3.74638010460059","-0.217749599728397","-0.927283184845342","-3.86112930272033","-3.10464668982399","-4.1427595183807","-3.17482437366712","2.90694631898435","1.61632739796286","-4.34442737180759","-3.1448889437672","6.96910722423487","0.107307654843583","3.18338322242936","1.48036391265208","-1.25141944614649","-3.48035184965915","-0.0412820839707751","0.99077943306007","5.23298109145555","3.2417859055706","-1.83455613850473","-0.637470807416032","3.34381924500768","-1.31885369161604","-0.61485759343793","-4.43003351145604","-3.61265082019629","-7.13340920439909","-2.08735085602091","0.898331876779367","5.03208754301686","1.00618369274498","-3.25860750823742","5.71735262640861","-2.77555916224986","3.5829894709071","1.18308875069138","3.20700699551823","1.56885684902383","-5.88641678781831","-1.08720797753589","4.30549884620248","-0.145111334480465","6.6257814892115","3.23303207702097","-1.15510577854988","-6.91889389916848","-4.45024706154943","-9.18621306147259","-4.02739651562666","-0.433861599182632","-5.2356635182122","2.40981716603903","0.144200022610652","-3.21709602405551","0.852429422272652","3.53163904637358","-6.63084227553108","-9.17401258952438","-0.70958125063849","3.44127534977101","-5.69427962307857","-1.14621876424095","5.3579424040566","-4.75957975957938","-2.13233315164197","1.40557517714546","-8.4950246049554","1.70926257488123","-0.423906613546828","-2.11155186955242","3.35943887831834","-5.03853224345333","2.84151527770229","2.78429426033654","0.723201965026153","-0.794196059952452","-7.59851009756854","4.66838540199615","0.210959366919823","0.872189539227031","-2.57709933040523","-1.46461184650833","6.21463130614379","-2.13096691551994","-9.5000288086431","0.763880782709569"
"Random_Index6_32_0919","-3.25533910859968","2.2699723052971","5.64735412447836","3.22723376085712","4.85572145777217","1.97499586304543","5.03848629734416","-12.8332809398426","-2.80310084449285","-0.394009964944374","-3.83732266477201","-1.27430118233684","-0.671277819235388","6.87726557499113","-1.57035987800681","3.09623668934426","6.34509403928094","-4.69979261988115","0.141975774985889","0.970232139816592","-4.28628763096616","6.88581755452642","-2.1390595080566","0.159571737164724","2.44637877899365","1.0868375759039","0.354161790379251","-3.78596865720903","-0.526967823181676","-1.10739240645724","-3.84059286307769","-3.14084907973391","-4.01183623005205","-2.97049564901821","3.03305357599015","1.6887415738055","-4.16547727898131","-3.24238928739931","6.99859349364862","0.107213955064295","3.44992635600417","1.27497566774259","-1.24555667674163","-3.63562044871421","0.0639992168534239","1.09049247663256","5.13488730717679","3.37522288315145","-1.88444392899787","-0.490658211504143","3.54557339620208","-1.43935336837098","-0.798392369177217","-4.64257145990226","-3.64669228099339","-7.23364084048852","-2.2303257853354","1.13225393007491","5.22806978370342","1.2039656799215","-3.14941603860378","5.90106118695934","-3.00963632813914","3.72279258661029","0.856028080601581","3.38212978547495","1.54534241583864","-5.76469155860154","-1.26422456953579","4.41347973285909","-0.160143522707828","6.66578548104762","3.19378766493803","-1.17939976641997","-6.91712637349223","-4.47515738508551","-9.01764004869973","-3.91002118846069","-0.518258198848879","-5.16939773909558","2.43148580415392","0.0645062752407038","-3.25485597600403","0.880820578138761","3.67559368317851","-6.71051697226177","-9.13686903255803","-0.847405112523415","3.67303000536429","-5.50074080305253","-1.12863391163853","5.52021817447518","-4.80552426344981","-2.27031040589197","1.4479414786857","-8.40718521253544","1.74206022244651","-0.399743159725671","-2.29637286118389","3.41745644632607","-5.20165070808905","2.89688137514909","2.97083084361701","0.699920907466722","-0.732580710536745","-7.48202796819695","4.82176057234726","0.0838190351322379","0.932332099746237","-2.60389942109984","-1.47528438123595","6.31896651502317","-2.06276437122637","-9.69196098212125","0.73028941121744"
"Random_Index6_32_0920","-3.10500039852559","2.06430920963284","5.48490060697922","3.01347056954615","4.6831734478102","2.32103883740456","5.31295608031864","-13.1897514217161","-2.77756721885061","0.00332440189104374","-3.46891843832256","-1.03705198128902","-0.429463796266117","6.89703296802815","-1.12267113742083","3.26974278727445","6.20048072383657","-4.64714689081618","0.477628363585783","0.839257068776357","-4.53083218952397","6.74857204331528","-1.76619909453689","0.163068372267496","2.01129233897679","1.34591432218806","0.495623589589998","-3.52450352788279","-0.53400383406844","-0.762395291711354","-3.74633231917248","-2.9855616492048","-3.82009109178412","-3.30820025309685","3.23740885459894","1.87166326788474","-4.36664469539105","-3.07175059268568","6.91679900385257","0.375996850074419","3.14952604619581","1.61253565479888","-1.07309649537501","-3.43730109831722","-0.101044780242528","0.988119173440319","4.90250292835198","3.24110294195188","-1.76716315865033","-0.826590081225672","3.38122743407236","-1.1538467055567","-0.57253526404369","-4.50086251262784","-3.45052330906248","-7.27166750398677","-2.20282374055103","1.22156030963124","4.92801047103216","1.05151720935012","-3.14866687736461","5.73407544793102","-2.81399106866245","3.5097163599275","1.33910072493595","3.39408239548227","1.82391751594739","-5.86049539674714","-0.906019187923173","4.27911545221609","-0.0726611501443068","6.47858678722842","3.02413403955943","-0.910016980904188","-6.9876780568022","-4.39249137143481","-9.00188241220799","-4.22715160853721","-0.192878103062063","-5.31340429560881","2.22223148780049","0.428620431205942","-2.97850260379857","0.734775672066189","3.63598679646553","-6.68030071650796","-9.1469783245221","-0.534950722270383","3.26981921313011","-5.50569189422653","-1.2550103977367","5.46266129778426","-5.05633647609549","-2.19644403400165","1.37211104493575","-8.27431793422157","1.60904501750275","-0.153111987755762","-2.22274889260098","3.65308833023217","-4.82141068319499","3.00669485234752","2.63551940560113","1.10462130945885","-0.466679333736199","-7.75907387047879","4.48167082656341","0.586086621900997","0.562394220623167","-2.59006511764947","-1.81485543355661","6.16544918599837","-2.0383544186841","-9.61689328955254","1.04538358093091"
"Random_Index6_32_0921","-3.14056590954768","2.27149534458561","5.61270915447273","3.25786386787935","4.88357123373151","2.05099702611131","5.15015958839271","-12.7347322700737","-2.99042458398349","-0.499467726430143","-3.8031154060863","-1.25353029426824","-0.723306958774829","7.06394732212509","-1.53839779977674","3.29062055347149","6.35359387562554","-4.66527744777923","0.145194180204803","1.04932001152717","-4.28868215819595","7.02877225750694","-1.96155602770431","0.257234550759368","2.22033026810511","0.994940217144886","0.592361240778325","-3.72556566626147","-0.56587236578775","-1.08284850262464","-3.9699640457305","-3.0982230656645","-3.96320124137751","-2.907389726648","3.19152532554808","1.49110575065667","-4.28524563002465","-3.27380767462503","7.1591088373547","0.17602520152402","3.45216532026656","1.34280839059146","-1.02632034463325","-3.56164706265661","0.238402282506663","1.08903203492833","5.21103771489828","3.2843133442033","-1.84010055595625","-0.561648595479023","3.43976636149549","-1.42264423327577","-0.827480606320967","-4.55363263371733","-3.59950745964445","-7.31357286662035","-1.8567699812913","1.19932763691164","5.11555843798847","1.02440415119619","-3.14366722697999","5.76771980769297","-2.89754101343676","3.7085913714344","0.998386549723193","3.33060144076518","1.42560708316151","-5.85284995744427","-0.924154517557601","4.62277250139541","0.0365876642246159","6.63146502948121","3.28317375347098","-0.920376832505508","-6.97011267404986","-4.63148987753326","-8.81742290539473","-3.97979214282566","-0.55288666082474","-5.17087254477636","2.51555785405759","0.241237491666981","-2.97156952120724","1.05892766443314","3.83026617508317","-6.77279156689171","-9.45010143722832","-0.870152047841427","3.50665343801396","-5.4251469654247","-1.20986259573348","5.6118464921946","-4.91041758397057","-1.95658588653955","1.59786810610615","-8.18910660758274","1.69772967257168","-0.567111910455499","-2.13900695422721","3.57253271481528","-4.95266787748033","2.83456703507526","2.92478805381713","0.767048669151038","-0.654350995006212","-7.61325521359718","4.62303135153318","0.255576199922832","0.704710220615698","-2.68186223669412","-1.47577904478668","6.19774566755834","-1.99668685951706","-9.4200399852401","0.868464105893947"
"Random_Index6_32_0922","-2.93209516076","2.22837068214578","5.6924253575854","3.33243588029597","4.7562542773831","1.82402110021334","4.90020655034812","-12.6519597548203","-2.9956725780145","-0.572023384999042","-3.81539141397115","-1.29230020640932","-0.831622384980523","6.87356567868863","-1.50911472582408","3.04662591105027","6.26166067491471","-4.72744890368324","0.0379322140875214","1.00724823366147","-4.08416516842883","6.87750687119007","-2.25279887094879","0.170578793459415","2.4783166085744","1.02080205234133","0.585532692674168","-3.92502105188147","-0.371923475482359","-1.12421327215228","-3.96956942670005","-3.22981321177027","-4.08336446345541","-2.87644846406662","3.05416536176357","1.44662731405614","-4.37993934863124","-2.89809738105081","7.05025539941593","-0.0929712156869203","3.3676527059634","1.16734621389526","-1.28458422003317","-3.63788218757496","0.198398145763139","1.15162281805606","5.08905044786769","3.42455303331588","-1.85443151524411","-0.548727962982153","3.47730861704754","-1.48462301478259","-0.994685473584048","-4.44112982461646","-3.45850973683678","-7.02611249589648","-1.92528460026353","1.09936240595348","5.08963480533566","1.18352132667271","-3.3010033209097","5.82962526267242","-2.98959142906795","3.62698602977683","0.959753652264635","3.21314606181404","1.34596714601369","-5.73633304148555","-1.28248533043429","4.45719788285651","-0.256294264699063","6.5210758888129","3.14073563273116","-1.12463665413417","-6.93626887332412","-4.45100769830148","-8.86201240447805","-3.98401688995168","-0.474220969138055","-5.10938814324453","2.39556518179545","-0.105254844797424","-3.14405769154399","0.98572901036043","3.57926318364627","-6.71035295008775","-9.13492319608833","-0.880340695885331","3.56507565622624","-5.27789533303084","-1.08167512339404","5.4968684674784","-4.8919078783291","-2.06041350603992","1.59165771858774","-8.14995938971473","1.67441435263751","-0.55588305684305","-2.1312462969271","3.42553832967364","-5.21543269315246","2.89372315575369","2.93305674737533","0.521484759073274","-0.616310798533775","-7.28661133734917","4.69970439517626","0.0679908382462991","0.782791581066814","-2.66533396580917","-1.55915155332211","6.23099091438272","-1.95351172731864","-9.48460467773585","0.585396001213697"
"Random_Index6_32_0923","-3.00966122466723","2.00822769221069","5.27945142047199","3.03323799788875","4.49209731984963","2.19180663022936","4.93025138951228","-12.8645414650488","-2.56699210525206","-0.0820159037731081","-3.58202630094339","-0.98822117634432","-0.633250897419736","6.62640771359796","-1.30173713561723","2.75064352416519","6.22550017871925","-4.31742234778801","0.437569538847546","0.538246427427309","-4.26123369791342","6.52766902972531","-1.95804869101877","-0.152113914736534","2.32259647140137","1.13998011281137","0.141816367516423","-3.49373438983703","-0.845751002190432","-0.764211509439448","-3.62261075384532","-2.97981029306933","-3.93560711343718","-2.88954007913016","3.04131606866678","1.65950509284364","-4.16906048410899","-3.03700003511991","6.77809052378662","0.237137384672741","3.19264947301603","1.36907292269336","-1.05998012051617","-3.2710985298047","-0.0272600885129723","1.02327984396872","4.86871064958238","3.27987188876735","-1.85822094601903","-0.615427478930374","3.30100576881102","-1.09878204142999","-0.761336512595469","-4.34324969214298","-3.56857188609194","-6.84944618952987","-2.29808077180135","1.10164467067564","4.873200937232","0.955862570917066","-2.86264813809785","5.74732372473373","-2.65897756954808","3.48108145189584","1.08289465606148","3.3097865882568","1.52294980606105","-5.48919017494377","-0.856757530807077","4.08232142280445","-0.585061013535369","6.37132635615194","2.95928621314992","-1.06510409867534","-6.81305753104122","-4.10885440097007","-9.03853612753382","-3.83354028657821","-0.118690454978629","-5.02127653122944","2.34780740730633","0.147820215159994","-3.00200463870938","0.727642516619027","3.56185332853324","-6.43779706153395","-8.96328659477657","-0.554420751945092","3.38821985146244","-5.53163452378377","-1.14958371058342","5.07324719747676","-5.09705556173978","-2.44219779247326","1.07911013612592","-8.18225943824961","1.40737548407376","-0.0939225215230383","-2.61368577587056","3.38377291048192","-4.85645340156187","2.83534889901626","2.87846700506198","0.869328436311698","-0.489867986390624","-7.35734333258597","4.60082502110826","0.302999191615087","0.753838927821926","-2.38214273865715","-1.74233930902839","6.17166640137383","-1.84652450287262","-9.23496069250431","0.742493142846438"
"Random_Index6_32_0924","-3.17910857002557","2.0856384142939","5.41534966785883","2.9135141668877","4.82106953943401","2.11272699994658","5.30196965744882","-12.8134167724211","-2.67878058954614","-0.173181052059091","-3.70085497097041","-1.07092751630431","-0.421973135723259","6.85348530487394","-1.36429217304744","3.11803616372637","6.18538467321531","-4.63446484652297","0.288814437510578","0.935672633385078","-4.37148084457604","6.75035273140755","-1.92406487039322","0.0565461117439906","2.08712267037234","1.33059941412897","0.322183717739951","-3.65197668188787","-0.487621434397003","-0.906276977513359","-3.78801956554125","-2.93425472634728","-3.93171887651692","-2.96032999942452","2.92089063065118","1.70544887216269","-4.15205715157201","-3.30899962611875","6.88386788304644","0.226851380282057","3.25238782860726","1.50021983593328","-1.20994100493087","-3.45985598308484","-0.0350257190073197","0.994122642199541","4.86565176667991","3.14460066944715","-1.69443787502474","-0.771584285836909","3.44663100969652","-1.17072936309875","-0.518259580118647","-4.58724030611884","-3.31940513979204","-7.02777376125837","-2.07698599855303","0.935706542228702","4.97038983182666","1.18040509003146","-3.14794828187147","5.74192011099185","-2.93996502535605","3.56342847784684","1.16825643093517","3.362007590788","1.74013007855269","-5.6929008696674","-1.13247946612","4.33022341052155","0.0960780163851422","6.52578114528337","3.05325871049423","-1.03360245977256","-6.89999653491438","-4.31335555165653","-9.05618398187339","-4.04801337447471","-0.462351208075934","-5.32316262823903","2.18921375607968","0.296249819034342","-3.1553100487005","0.651281929778756","3.56509237940146","-6.70868204320289","-9.04249367763865","-0.528075290377707","3.36107463602099","-5.59719873449315","-1.45016999510698","5.43782455921458","-4.90698263363918","-2.36963256793297","1.3678824844425","-8.39410473647655","1.79807693116355","-0.25725899818588","-2.38979772495694","3.26785837750307","-5.10793502023255","2.808076168183","2.5991453018637","0.847287364507067","-0.474390875180109","-7.65005062268753","4.58244295462865","0.295370460207705","0.768572683014696","-2.63251069329142","-1.80181688769289","6.04943230944639","-1.93409175946296","-9.66589101012028","0.717198665324606"
"Random_Index6_32_0925","-3.01302034429689","2.1241767111145","5.7225958723782","3.21096711029246","5.12774808167564","1.85443407185222","5.23786095156767","-13.0276545229364","-2.99586304803013","-0.336758123528045","-3.84424128406393","-1.23910832325308","-0.734550663815114","7.01681239161018","-1.44109051915916","3.28568450324068","6.16334092863253","-4.69288688351742","0.280394755115985","0.951031131304922","-4.22380050493416","6.99718695411397","-2.11425634990731","0.335737533555732","2.35293141768267","1.29833289630622","0.470813333681492","-3.84894730653887","-0.312669634698692","-1.22477146596533","-4.14738411311948","-3.22254435396077","-4.13261759667478","-2.88302483372928","3.01582632564742","1.89279146976417","-4.22238760635928","-3.35795212068647","6.98937101079574","-0.0677473642836061","3.4481999461854","1.24311395764593","-1.39439716751179","-3.77082081508899","0.0539670734544937","0.935495107479873","5.22875039202367","3.29868764656754","-1.99558294937775","-0.678273029496864","3.73477138924373","-1.43786744259136","-0.826551459665833","-4.41260765729361","-3.4603346626289","-7.29865988697832","-1.95528506408081","1.02161914314467","5.17097688384822","1.33878537187527","-3.22552813223315","5.91954494308365","-3.11921428107035","3.79444119962648","1.09012878789612","3.22725912851956","1.57131077723547","-5.94544636536033","-1.23345221604489","4.67515341877966","-0.142305327102462","6.57259143956204","3.16060094935615","-0.984404119123933","-7.17031381818768","-4.57189344137338","-9.06223977424913","-4.10732191387032","-0.569590200446708","-5.28864674587115","2.36660754411307","0.103251622684099","-3.30030116176422","0.856537449916405","3.66081205851202","-6.87898688505833","-9.19524823283518","-0.812886282901587","3.61478982507504","-5.43527531589033","-1.1424755443697","5.4697884536613","-4.96522790547567","-2.28223725731192","1.57115064008061","-8.49662726274023","1.74716577809849","-0.560718222547469","-2.26164836588002","3.35714059427071","-5.3693493468429","2.84577936810773","2.81928429617909","0.653277678035464","-0.749646887560751","-7.61853261569475","4.66839115115645","0.0567908675196244","0.859061553075785","-2.80632866224069","-1.57507198692059","6.25011908748347","-1.84692517984048","-9.79922841140755","0.636593068386575"
"Random_Index6_32_0926","-3.20619981359843","2.34618701997974","5.75288047170488","3.33828157666587","5.09022195367691","2.06153515033329","5.10511552216323","-13.0534893458402","-3.00447643100613","-0.438906702547556","-3.86608861124177","-1.29999695379149","-0.688937901203588","6.99458673831033","-1.51850396048824","3.09180533757581","6.3685087649271","-4.83524924946009","0.0623421269325112","0.991347215516199","-4.37031907971952","6.9421276766464","-2.14816583133772","0.183103234385508","2.53705194800983","1.03104493025393","0.486755543942781","-3.97251607079816","-0.407791982082115","-1.14413400907388","-4.00015245966685","-3.43967143378754","-4.12396961266162","-2.837767059325","3.19404167706623","1.63515172527625","-4.28447931994013","-3.04626981126425","7.00037264745863","-0.0470441182604645","3.43521799188163","1.26326813792796","-1.3615643659736","-3.66716431360467","0.234651809895328","1.07955460726923","5.21561574149406","3.41167768656385","-1.96481918961305","-0.444381367527841","3.63848818119021","-1.46922700132065","-0.955355352239378","-4.54538464488588","-3.4863189924205","-7.11273678438064","-2.17083836081697","1.22535633776937","5.2976061564922","1.25265434390691","-3.45025953703502","5.97625937337284","-2.97344826153186","3.86025160181326","0.989914303784569","3.36370874994981","1.52570052360296","-6.00915418208054","-1.21287453513281","4.47192420700608","-0.324197412308251","6.76519231571552","3.22692066302064","-1.25630145558117","-6.71259494465214","-4.67448417363313","-9.04893297281759","-3.99906363483641","-0.573894088833694","-5.1853442023485","2.53476920514979","0.262000039687623","-3.00491083472902","0.950833857324983","3.81403398449213","-6.8837729512207","-9.39841310644538","-0.97858315581755","3.66413892906619","-5.510941743543","-0.94481637207","5.44587828207491","-5.01040110341126","-2.13392898807778","1.49324714643441","-8.31787634238304","1.82520416071223","-0.428817521362705","-2.19031249996577","3.53274150638811","-5.08344932101169","3.07267241618961","2.98846610116779","0.661875285359821","-0.811401482134519","-7.55104327163043","4.84971442326572","0.354719758232159","0.93073743376325","-2.90448202338997","-1.59849175296681","6.49755743249036","-2.17535866138441","-9.81868094091939","0.839535564687842"
"Random_Index6_32_0927","-3.00106774687599","2.12183127496216","5.73350543543306","3.19781428216827","4.92915414647079","1.98275058123097","5.14226263904883","-12.8358905010203","-2.7236936924524","-0.205186325227765","-3.63389980741551","-1.00743700328994","-0.575965470673462","6.78676711610176","-1.31302144662631","3.02835849142411","6.38194247231598","-4.74215837894578","0.277703698078724","0.8768474006335","-4.33940710041761","6.68035502027904","-2.10935043674651","0.207569255778301","2.37459827632431","1.2103654251628","0.398048852125898","-3.74663684122578","-0.519273279076623","-1.01327338029413","-3.95452087923972","-3.11422388382257","-4.00839309726516","-3.00720705655409","3.06854394452956","1.58521933806362","-4.03382675029781","-3.14388965406235","6.898431086515","-0.0204050942561869","3.30337616259133","1.36176773856431","-1.30512036372205","-3.6286392125793","0.0515157268867757","0.786616096646213","5.18084395998649","3.36471999950563","-2.03741777074107","-0.564534857520549","3.44948760211947","-1.3597749209886","-0.779351839890437","-4.36613773120295","-3.53415680495988","-6.91032067509602","-2.12855572025966","1.16262095097874","5.02504907048597","1.1214263333781","-3.25785292826503","5.7638107074075","-2.87938754002471","3.6399203777969","1.00974053266869","3.48632903528885","1.56192045717081","-5.60376469956758","-0.970348130138721","4.41734806198177","-0.234581229172023","6.72578633996824","3.03265304382055","-1.20350829869142","-6.99357267648801","-4.49803542244494","-9.12282512503121","-3.86781700164499","-0.39708114253681","-5.1102587467277","2.43359604873979","0.0967130185611095","-3.04167234847917","0.760447124720314","3.56898450246437","-6.56048644380949","-9.0885516482674","-0.923966508546222","3.42461548672624","-5.50630835901066","-1.09877193103201","5.17539961560317","-4.90837814085414","-2.25456250213194","1.35809267426633","-8.33013835720661","1.73792584146665","-0.310880649015955","-2.28987267246197","3.45728609053445","-5.12328167690146","2.9974792379548","2.80851825995593","0.709517993617078","-0.689123083016258","-7.57164638666214","4.63586059861834","0.183463937702964","0.765061063813809","-2.76338396556347","-1.58830891482076","6.225088550553","-1.8693666106227","-9.72178614538839","0.642873184594599"
"Random_Index6_32_0928","-3.30012908041602","2.10391937102735","5.31628194091378","2.98502315015944","4.69755729763139","2.27278610667531","5.12029249902352","-12.9091155943959","-2.60125287421493","-0.168803484005925","-3.56685887861848","-1.09760863657181","-0.469918970913438","6.62607007205744","-1.22753187022845","2.78212468701184","6.27930050619081","-4.71538955338075","0.337653118637559","0.482937584758785","-4.40290846189314","6.57250447978989","-1.92689239330398","-0.252410820933451","2.39277614089435","1.05860688515858","-0.00907648555775895","-3.71086493163699","-0.79998229834469","-0.831518085865369","-3.65064002442031","-3.10097059768414","-4.04502283521545","-2.92015916979457","3.21244573475602","1.5607573272702","-4.03033623693403","-2.91960872858923","6.69025790349645","0.141960669490491","3.10483592056545","1.38245845430256","-1.31484729766112","-3.55369685836755","-0.0922939323336857","0.922008225542584","4.96438303848756","3.23678424203841","-1.79738428201716","-0.468107519898919","3.36450419456514","-1.13905686518918","-0.610629616011962","-4.48539856271461","-3.41684276259585","-6.79168804845516","-2.26074125804556","1.24929269126344","5.02440814864112","1.02530472419639","-2.96918648496674","5.81643260742708","-2.64850410944539","3.52787941585607","1.00600900837935","3.43268874279812","1.5397810784107","-5.66657061284691","-1.12364746155321","4.00446484030449","-0.451608931864097","6.39177652123701","3.09760358164395","-1.29881217022466","-6.66361832342603","-4.3833477219328","-9.19163282814129","-3.8014854445791","-0.266307708464632","-5.08580213000527","2.37761261589417","0.191716259790012","-2.8480371770762","0.550029720630252","3.50913940302086","-6.41871408057055","-9.1172500086879","-0.801191204514113","3.44381234870204","-5.73543849349111","-1.10523048130127","5.05895119610642","-4.83025533782917","-2.46111537578412","1.17145111443099","-8.28261794298183","1.48011793552779","-0.135503668067645","-2.27011189389406","3.44899076887809","-4.85672231786869","2.96165730450537","2.82310033343002","0.767908204297868","-0.745537903022388","-7.42600484446171","4.612759043485","0.352001694785484","0.911365576286771","-2.65720687465807","-1.66952515936744","6.31489070461229","-1.95798327571464","-9.46956100919267","0.850070631767893"
"Random_Index6_32_0929","-2.94136848802727","2.15097778540465","5.69791036288907","3.12352147936445","4.87575419561984","1.93883614148397","5.1019842672435","-12.8461767835321","-2.89155177508824","-0.195717559794816","-3.81866540301277","-1.14206739109404","-0.697042562358753","6.94238218198026","-1.39002782798226","3.35964373941177","6.16096232125891","-4.58256188965368","0.245407078707228","1.10077296371639","-4.18731958372502","6.79105817212182","-1.94459591624485","0.371578493959448","2.32639800380276","1.20495670683426","0.581331370281082","-3.69506291956114","-0.193284205805114","-1.00242707290818","-4.09368775960561","-3.12818449897713","-4.09119712575465","-2.85497478414987","2.96203565106273","1.86364596522707","-4.36511403154972","-3.20751966464124","6.91444830194608","0.0826232049200868","3.2369916853969","1.43947843016891","-1.13113177304446","-3.52754566375772","-0.00124264086753252","0.82310105012257","5.04756418716577","3.17314346548378","-1.86548290820164","-0.622603500041182","3.52873588348834","-1.28648275801558","-0.784493558632659","-4.24618062176537","-3.47589762620679","-7.06779766205055","-1.91462148384879","0.967775800012361","4.98315204510377","1.07822676076056","-3.23560557169974","5.71660701981114","-2.98825151315003","3.59000377030617","1.2556257263514","3.14746117313808","1.57706861288761","-5.90259467400324","-1.11509346149512","4.44055407551648","-0.118843139495423","6.46320971132777","3.05304331574513","-1.18834558718648","-6.99209243021329","-4.4407114612296","-8.93646904438214","-3.95116372499166","-0.396589264033043","-5.24085081722344","2.28578621146875","0.110817316525479","-3.20526123965579","1.02535261242963","3.62480267394702","-6.65190081516005","-9.26316328222373","-0.61041514414433","3.35086741807919","-5.47936510683995","-1.19725793991426","5.52763286351667","-4.95622681321451","-2.14385201453802","1.57101155929175","-8.52636565123354","1.72248254514043","-0.505352619668285","-2.27667826276982","3.41191880453814","-5.11719271354109","2.95626109139034","2.77977935914927","0.812467092727299","-0.794580503465699","-7.35127905404138","4.41236727885579","0.257323029908879","0.80255578403019","-2.52199647901971","-1.60070835489697","6.08337487015301","-1.85289171594598","-9.47716331049175","0.723682659477156"
"Random_Index6_32_0930","-3.52400362205329","2.17815255659758","5.63420281697038","3.27666340317794","4.85419699268234","1.95945637021759","5.23879708609521","-12.9387105305481","-2.85394452370297","-0.673810351739601","-4.03108121218847","-1.58173331253349","-0.923925508923489","6.70845394631494","-1.76014732332388","2.86242497402619","6.37338527244163","-4.48773623195525","-0.16211139070291","0.629093995775031","-4.26276924404985","6.89353210050051","-2.32240925588559","0.00037528324498501","2.72016546131311","0.975791549108831","0.186485623767046","-4.0582947756877","-0.661332033817868","-1.26038716520649","-3.83177720252754","-3.52914843898081","-4.46584659725845","-3.06183965749662","3.17619033554526","1.49998992254566","-3.98199244430807","-2.82747223868023","6.96192918771752","-0.21728424744797","3.4224269763953","1.07074860239445","-1.41897486959361","-3.78412514319889","0.279780336784736","1.1211615490388","5.11686854639347","3.61435092422743","-2.02268019374966","-0.26407125855329","3.61591080432614","-1.57987415011164","-1.16787724998979","-4.53053800896354","-3.93944173835383","-6.99743533449352","-1.94743357116822","1.28830107999991","5.24030958894125","1.19287294192933","-2.89529166626617","5.95510189755543","-2.68951586335963","3.78300637907642","0.796297418650249","3.4327833464745","1.30558394107488","-5.83266999092619","-1.23293722831417","4.37016806099692","-0.26727188918032","6.55085546421509","3.43442483510946","-1.02342657704287","-6.65969828893828","-4.78447826359712","-9.04283676766293","-3.66856601014295","-0.390165149310666","-4.86515140157954","2.69408805784695","-0.108276553569716","-3.00686261634625","0.77770264547364","3.72257728639502","-6.66924098393994","-9.32304533590008","-0.987224138505166","3.73081455887638","-5.5073154349001","-0.806751543234591","5.18893605922255","-4.80295157634579","-2.1454472317733","1.22947439490281","-8.47301991570382","1.38187086973577","-0.65536354409206","-2.32073253791328","3.41882867843164","-5.17809949150325","2.83054278040515","3.08202107644385","0.491391437685452","-0.888791013499625","-7.36655463984825","4.91802676795283","0.0365506018541302","1.00630934184391","-2.82307152547624","-1.44091154589411","6.61143467147541","-1.96756509879939","-9.58177778423017","0.800994507240307"
"Random_Index6_32_0931","-3.0120109797572","2.34081614481137","5.63273809052746","3.14350325063125","4.9040673348471","1.84841259105247","4.97589018069971","-12.7281668890249","-3.12218505553846","-0.444995030827394","-3.86119502995943","-1.17540673151533","-0.736136188675128","7.12333995678724","-1.48400714082462","3.28179579225174","6.39176425204195","-4.70770551694127","0.127455444582616","1.00354273909707","-4.09379828445796","6.87448302304739","-2.13077622127487","0.24099212251572","2.27945584631777","1.28511665106382","0.580827154245789","-3.96786797221558","-0.2919675285177","-1.163554816629","-4.05491338920069","-3.18504875214731","-3.87887791326282","-2.93052313157324","3.16804879579638","1.75015728110232","-4.21634556957708","-3.29031062365673","7.00177964006354","-0.143107837784093","3.26559470327805","1.34592767226487","-1.17898648159471","-3.86864984338017","0.0515060768726229","0.865145207813331","5.20149058337515","3.36945035426509","-2.02626533979761","-0.652490823500884","3.69525123746477","-1.5600971309602","-0.748279715384045","-4.3259423599978","-3.45529274701222","-7.25251154431996","-1.95857271459724","1.0975460623937","5.14450537444524","1.14426724613696","-3.35961268358996","5.89398289728443","-3.11299630461875","3.73356530519279","1.10907347645239","3.40561569399836","1.5472087835853","-5.93117265538439","-1.06156808697606","4.59290904349973","0.0561743273988511","6.75288079498571","3.25046440962737","-1.2902794523791","-6.89289234228753","-4.51652688533006","-8.95827858612813","-4.00829582651058","-0.581129849483849","-5.34331564890807","2.498531999694","0.141881673699531","-3.13007448309061","0.922438378286926","3.87101074018683","-6.87375935475354","-9.13486465598938","-0.796679729234153","3.52191567091414","-5.505738871534","-1.16053674239177","5.45978564258079","-4.86675696721574","-2.12311751115812","1.55626861253196","-8.52971913730445","1.84340910636668","-0.506031552060485","-2.03840195717345","3.55578457781958","-5.34803155246604","3.01752294514606","2.86557526950359","0.637635239261456","-0.855041818755903","-7.43749694660533","4.71507628296371","0.133065444042137","0.802439477698312","-2.76660163678331","-1.50272535496761","6.30899383822806","-2.06799918088004","-9.82742591288478","0.687136564910789"
"Random_Index6_32_0932","-3.24199743416016","2.14588216562735","5.61338348050448","3.06899363785178","4.78942619209828","2.31064840046115","5.35087423171704","-13.2025835240445","-2.61940594206287","-0.35660556318712","-3.67042551934721","-1.1661474215646","-0.710072663870212","6.95913357572783","-1.42546651427998","2.90125735581656","6.39948195472972","-4.68804283216407","0.281419514878364","0.677891199753978","-4.26313007032903","6.87071342542655","-2.02257773972027","-0.0186152095305507","2.24040300756557","1.20413947563843","0.358011153581262","-3.85869601744955","-0.831175736579424","-0.988762288602141","-3.70424029101232","-3.0551292041949","-4.04659105306998","-3.31455074400561","3.32117916389461","1.58495602201906","-4.34064473965862","-3.08857791410458","7.01201451429825","0.16213899560603","3.39531857074622","1.45702095582194","-1.2817903921886","-3.39456918837093","0.0643773937990892","1.0875029475943","5.06638670548025","3.4452363673629","-1.74670161189153","-0.642226997679231","3.30512187753527","-1.359268014707","-0.655846148022933","-4.51635039541069","-3.66325810231832","-7.17804856398984","-2.38761055114793","1.35971103490371","5.15356798071787","1.32678301102181","-3.17153981489187","5.94291559424357","-2.76693886732049","3.72853783632024","1.11590871436492","3.592398133513","1.64239533546672","-5.69394059005142","-0.952249322171907","4.46486723235621","-0.0622925878664973","6.67421885836372","3.37281460285517","-1.08917164042756","-6.75634529804342","-4.56833932914077","-9.04065218967978","-4.04288533514192","-0.180324355102162","-5.36299650014241","2.44772397769677","0.392344907851433","-2.90081582492884","0.803237312904768","3.8081324094359","-6.65618451801824","-9.22763299849357","-0.841534188970058","3.5594078852828","-5.37102164186352","-1.19063528669531","5.3009742894925","-5.08109325110562","-2.51173540325447","1.18629533878477","-8.44395951375127","1.46205851418051","-0.301735622886453","-2.23255966878429","3.68724283926343","-4.94396378279605","3.05376281021551","2.80685518769698","0.88992532242467","-0.66273826219942","-7.63178236313013","4.79465521302907","0.388684117965072","0.583207078775775","-2.8065232148491","-1.83221958493221","6.28124665054072","-1.89985661198758","-9.68452561156961","1.03138435434194"
"Random_Index6_32_0933","-3.19801641321369","2.03287258215306","5.53180910872018","3.06282246778207","4.79531133039841","2.0908619674481","5.11488267427241","-12.8997667378049","-2.78969979779369","-0.374195172659965","-3.76043749158777","-1.26492760207602","-0.572312606009227","6.69461236183262","-1.38540587393943","2.97999523277791","6.44703631016038","-4.73188799878724","0.235334639024404","0.753224157173539","-4.54842821526629","6.65225628682706","-2.08054783856126","-0.0237189219243163","2.32884111168984","1.30486282793472","0.431392637264792","-3.80578929963082","-0.598849816099074","-1.04916310038168","-3.7743524910213","-3.09282695598266","-4.03332000829276","-3.13137313262187","3.26028498174012","1.55107564789225","-4.12552394145715","-3.08573977088313","6.9814415843789","0.126082471148523","3.11176526702417","1.2849624518363","-1.14261671203954","-3.63082605163333","0.126258104895501","1.21392613799188","5.02910790501206","3.30070858080358","-2.06028543347836","-0.601858341421818","3.2958506361647","-1.52379022630216","-0.844528853154723","-4.47429648672623","-3.6711883213631","-7.09121209255486","-2.07265397664302","1.27932796682227","5.02263947138662","1.01110621823285","-3.21972602419834","5.72951031942776","-2.84487792900863","3.61969563027134","0.993460560947505","3.52899541287403","1.429463193086","-5.68938787199889","-1.05382567227459","4.24121143607414","-0.174423692704194","6.58556785692305","3.30385725404402","-1.06198565091632","-6.68661907002259","-4.58525521932394","-9.08345302045328","-4.02550724656347","-0.423281302123807","-5.22803966446843","2.44875653466653","0.221537561247709","-2.91093520929146","0.755974302792739","3.58578509430446","-6.71160233603663","-9.24291559684773","-0.812354836280513","3.40753435173358","-5.64256404780574","-1.16352184849626","5.32599770628264","-5.04256594616216","-2.19967491765208","1.35189726401412","-8.29031244540938","1.63512558827596","-0.377232842302663","-2.20726185675046","3.58342542289389","-4.90852357156372","3.01915594862543","2.85820444517566","0.720910100217192","-0.65250580153586","-7.66014349867249","4.74661460278828","0.309391304719676","0.749797425166548","-2.65715269825253","-1.73520327668937","6.37033662146001","-2.16363006772595","-9.62966170456206","0.83300443131186"
"Random_Index6_32_0934","-3.40546721216091","2.16462934990449","5.60351292536268","3.04970556697149","4.84877038268596","2.14456664991709","5.36707654579859","-12.9027350236043","-2.76577654243348","-0.391515655829354","-3.80532192065818","-1.38785866316118","-0.731228516738914","6.64951111874202","-1.46397910310074","3.01915089114945","6.27214079216351","-4.80695035770331","0.103247305264743","0.825693393433831","-4.25935192617853","6.71752004582237","-2.19648760295837","0.00468713574056239","2.48412318077844","1.05939684038503","0.271191049183158","-3.91901103409182","-0.62421096009866","-1.21669310986776","-3.84924534360609","-3.16463769213375","-4.16409766608868","-2.96119588001716","3.17332428517634","1.43743238528465","-3.98946945229671","-2.92510152429861","6.87578920069978","-0.0352405140316072","3.35421396922877","1.24843968106837","-1.4430946138598","-3.63903371448303","0.292824791387506","1.20310897258881","5.11722980676631","3.34211004479013","-1.88127988419117","-0.489881488444355","3.451180192483","-1.56408211866649","-0.860261414014463","-4.71217195374443","-3.58798359545967","-6.91198992736774","-1.94254172346842","1.22203406662715","5.10780149257792","1.18451358486094","-3.15471562220837","5.98632655879902","-2.89812884803343","3.73973348059035","0.902927475409895","3.45147998155508","1.64458336874088","-5.94192664432321","-1.13988642941919","4.39677266765647","-0.100859606011087","6.4636652613007","3.33961896479363","-1.12003186409958","-6.71555390971659","-4.5568740117009","-8.92032370135244","-3.88123795131975","-0.417099545023859","-5.08278174732817","2.37208367539143","0.187671430231261","-2.79288048749937","0.942150018974406","3.65612652498155","-6.76464792670963","-9.21874446684561","-0.895596377078513","3.51097822570556","-5.54930836894526","-1.04426615142616","5.28243706744003","-4.81673887526177","-2.07078583106121","1.22653470557421","-8.34775038971386","1.58542539645184","-0.47182346787698","-2.38661771886145","3.38669036036403","-4.95807301975736","2.9401866825975","2.81715146655307","0.734987309194617","-0.867259225078374","-7.62614038197251","4.68570974716493","0.271335505656546","0.797308710279726","-2.98378667672304","-1.48521163660743","6.40490688554248","-2.06508081331173","-9.67007231714382","0.8673088595034"
"Random_Index6_32_0935","-3.05995809397017","2.09841164150286","5.56499356902483","3.15357390696802","4.88429123141439","1.94555116376577","5.13956293038772","-12.8140368853918","-2.8473033201934","-0.349196818844632","-3.72787926578366","-1.23890393905216","-0.592190001772695","6.81734826240648","-1.43471447678655","3.12597014433901","6.37130355119892","-4.59886874715052","0.250236806792545","1.07579693991758","-4.40618875357706","6.83607499778676","-2.02947906875598","0.177014315914109","2.19286036786194","1.22278660665506","0.524382160530454","-3.77777032047744","-0.464989716809154","-1.07128504725147","-4.01770147914244","-3.11243403342841","-4.01529726351933","-3.06779641619707","3.09283467428742","1.66645716375787","-4.27033397505812","-3.22226063154584","7.05464436454342","0.143587563859447","3.37883733036915","1.43307649491708","-1.17666830849003","-3.58040705270374","0.126844559957041","1.09972188873431","5.08922832957082","3.35790400321512","-1.80873409823415","-0.592070239289465","3.44684684072801","-1.34831565993533","-0.740799723393201","-4.31796792330592","-3.53932819431419","-7.221100477316","-2.14924417336036","1.13559756706353","5.0897177617971","1.33955670861034","-3.1978155825497","5.73715749624829","-2.99697243905181","3.57076193995014","1.14521047526323","3.33836671377764","1.68348017217427","-5.67448503290617","-1.1625379508449","4.42680201667226","-0.0534288206101152","6.59423205023968","3.09001483391251","-1.04537761782681","-6.856517415536","-4.61744647826133","-8.93747257594881","-4.05309333317858","-0.375973760313491","-5.21834300857594","2.37026392576643","0.158210286190209","-3.13687124505094","0.997256735902128","3.68183890330956","-6.73846253697699","-8.9994496853153","-0.76568303459804","3.41887970108427","-5.4679277250071","-1.14744384581373","5.47975199968307","-4.9534922535572","-2.16869163439371","1.57196126049446","-8.25643453400742","1.79838814583669","-0.485698255095407","-2.16274671864281","3.48719528312429","-5.04536208386684","2.98534828712074","2.7979682131172","0.808771950230345","-0.513846281386659","-7.55803799958258","4.64850192687415","0.169359847469486","0.723940498252338","-2.65392726243376","-1.80342276931918","6.18294896403055","-2.01045483241704","-9.48556296505194","0.833083605813266"
"Random_Index6_32_0936","-3.10393331117948","2.25623178782585","5.52454009309901","3.18023885172374","4.82000956565293","1.89891393867418","5.07912573289108","-12.6635306499128","-3.03503504563507","-0.268219647123411","-3.71460736666451","-1.10785151733252","-0.640548684590087","7.09579059532778","-1.39872283867877","3.210430849031","6.157875983867","-4.70316789215335","0.226247443946985","0.935704642533499","-4.26156697001065","6.97233089584411","-2.01375615256196","0.186390445223242","2.23489543745186","1.07872521491982","0.340255791416973","-3.70208965376889","-0.51764399476945","-1.08581286769957","-4.08318505250283","-3.01186452820596","-4.08300181705637","-2.90303812828076","2.98834472682928","1.69014139275829","-4.44617457338895","-3.15320640183981","7.10210912823904","0.0189153568592179","3.34820896592273","1.35646552592926","-1.21504392000381","-3.5155428332357","0.146378323104197","0.92955703120841","5.0682701389832","3.25090596445723","-1.84227533746628","-0.698457503627457","3.55501180140826","-1.40111715600235","-0.798696566043065","-4.24998849896221","-3.39483792049489","-7.07395175358582","-1.95136711507478","1.02858910190617","5.1028847073977","0.925761082755151","-3.33586256309835","5.80139623517629","-2.97454687294029","3.68986885986024","1.0691604543941","3.2226853171637","1.67379328278193","-5.65166550910679","-1.05452344657682","4.48938787519349","-0.0631260349569981","6.61449173650723","3.12214812161165","-1.10826937765624","-6.87261876234842","-4.41756925548258","-8.87784430574922","-4.15722804563279","-0.503146894713947","-5.12601006597786","2.40198889617404","0.333424467369478","-3.13817432782537","0.965605695790321","3.8917203021326","-6.72158463909725","-9.11535826098605","-0.763830782793341","3.41717306623669","-5.56088277731628","-1.15255784783447","5.33371599702425","-4.92663161630973","-2.27416835831641","1.57638353011321","-8.12513750234359","1.72916804136283","-0.571281153993563","-2.18223275555802","3.41057433567344","-5.02514490878707","2.766266062234","2.99173346110242","0.715145299950635","-0.792560800822342","-7.46006064705686","4.64465738431012","0.185329422355487","0.818551267019907","-2.64370941144305","-1.58223869113028","6.1989588120838","-2.18573960621125","-9.49528589013153","0.817289257654098"
"Random_Index6_32_0937","-3.14753161252212","2.34355571691031","5.68453862227234","3.39430477579252","4.94499874743966","2.33827055629207","5.09981706299848","-13.0742511546266","-2.94843919542614","-0.263828203587269","-3.57626270437519","-1.20409992456451","-0.567618011237158","7.26702723530687","-1.17793959880404","3.23669655748066","6.59576241413497","-4.61054064376767","0.251937101136452","0.939507179663544","-4.72218633362851","7.11451791922616","-1.8603630981204","0.0529069571810611","2.08751283983315","1.11726556403432","0.477150236704192","-3.62368189683562","-0.612862592658381","-0.930399388888826","-3.96961335601747","-3.00866562084787","-4.11364185744822","-3.07041103183686","3.42886677182356","1.67886122198317","-4.35990138329529","-3.25453306668231","7.4180361610927","0.21496831172211","3.54420973469914","1.61153410256164","-1.30287795949804","-3.53363468741948","0.0533896160410642","1.13309508652624","5.16190516550322","3.57927973597861","-1.84360622664316","-0.620908908583956","3.44492865715562","-1.38050837053421","-0.701834051897702","-4.57324687570897","-3.77955103771954","-7.43365365189381","-2.32674166392595","1.40751264342235","5.21515122739629","0.894846035005015","-3.33486662715166","5.89303460688931","-2.7175616774239","3.78850166171382","1.19854927324899","3.82506884654898","1.5489502665766","-5.99714906276095","-1.22790279495364","4.5623321073572","-0.197733196122029","6.92208695925976","3.28003435324307","-1.1665215777574","-6.96997254320855","-4.49682872329406","-9.03136003088816","-4.21979975453178","-0.433891944140112","-5.36995123799255","2.66071743272347","0.593399941882462","-2.86522510563621","0.930443481901307","4.06800423215835","-6.77709200803925","-9.44947064624168","-0.885957748328298","3.48215630996303","-5.48459384667633","-1.12176081473475","5.51439956050126","-5.09585337941406","-2.30146337437475","1.3648727369922","-8.75000818474894","1.71779055734147","-0.311384458541564","-2.54790669969272","3.82691051508053","-5.05253529465556","3.46742412173342","3.05940085017947","1.03562528311779","-0.578491845183259","-8.01820463920903","4.72366352745867","0.604007329000669","0.493060250902644","-2.83930034357223","-1.71728372751862","6.39451609348858","-2.12908225206903","-9.66358203325935","1.19103375260167"
"Random_Index6_32_0938","-2.83868070545346","2.09644832114637","5.62892072040269","3.11883631457218","5.07899310928339","1.847750315469","4.82610647210805","-12.8321129277119","-2.93212493734493","-0.147355377187109","-3.5255002538721","-0.868654514708352","-0.529046989414975","6.84188138472358","-1.17241426143379","3.14496983247066","6.14167981206375","-4.72535393590945","0.306305215073784","1.01957934470375","-4.22417603194358","7.09723549297803","-1.87707278893987","0.261099957562604","2.25638287180475","1.09235451905019","0.539994120646819","-3.6257948772264","-0.619628036282418","-0.789051330532483","-4.09737043090906","-3.01516517867206","-3.99260373570656","-2.89860466298487","2.90636216981722","1.62212252517892","-4.57827511754869","-3.41369054747068","6.89777532881437","-0.0792668368822123","3.23320479393359","1.42886556970193","-1.16209452804169","-3.43739190533502","0.0378052396535845","0.8060340171698","5.19394205591825","3.08609696243304","-1.9369346752723","-0.586461243708316","3.5265610113339","-1.1395501447579","-0.638432014585578","-4.44375081479145","-3.34913741507216","-7.1080480488898","-2.21509148103519","0.905006622302012","5.17395463976103","0.97844167965005","-3.29462508654139","5.79855174198644","-3.03417730408438","3.72028740886445","1.16123047846962","3.03041352406124","1.58793030575747","-6.05604816890697","-1.09750803792757","4.46971803633902","-0.350404846571892","6.52252598725518","3.1939781503799","-1.24884729341464","-6.93923142579284","-4.38446248729324","-9.20455644357732","-4.02509439994601","-0.464088867445604","-5.1858840388769","2.39021004250895","0.113272033599037","-3.28427604231162","0.726472592776371","3.72030716044334","-6.51276712900937","-8.91318527607584","-0.638736475398526","3.52372790198556","-5.51363910774051","-1.17350715254039","5.38635644129932","-5.26014565113966","-2.38396266957062","1.43384667619237","-8.55066011024773","1.75503943197952","-0.353048864799081","-2.32325239442687","3.37555509940919","-5.0865745429533","2.64953608592592","2.8706193940513","0.663026685834359","-0.852299284298846","-7.24653048243624","4.58300891038609","0.215439420159645","0.739168517026329","-2.57367165885485","-1.78634816200666","6.17621737672682","-1.82696566958159","-9.60702231066003","0.6228962358884"
"Random_Index6_32_0939","-3.04760154719618","2.31719773237645","5.7439771417978","3.25730319829672","5.14930436746284","1.88154269790999","5.38957165748586","-12.9649207230685","-2.89782123342162","-0.478346673697488","-3.9271976827403","-1.31676986681459","-0.76212389368304","6.94685645603582","-1.60438892511976","3.2978953818534","6.24788248233382","-4.74007967101868","0.111068201260343","1.19001182278957","-4.1512751535536","6.99391129885796","-2.23384033933889","0.328694520309392","2.3701799549095","1.14384752431362","0.620636781982192","-4.0249360282624","-0.210264240527065","-1.16948470745927","-4.2787336480951","-3.37102470281217","-4.17273614961109","-2.93613672741082","2.89157946547032","1.77975683190383","-4.31754792152544","-3.24506287427102","7.00888111176377","-0.0130129408356179","3.50913403807693","1.24657044110301","-1.35637682610953","-3.76392610072594","0.347213988617203","1.01568723566893","5.31683442597894","3.39926171613552","-1.974435114001","-0.564868163931609","3.70593873303401","-1.55726739731038","-0.997438245259058","-4.28543156177158","-3.4092849903767","-7.35471502440415","-1.8444534595075","0.953556957761725","5.25665826797885","1.36727497053188","-3.33484748396201","5.94760610313934","-3.21266318518949","3.82816052318793","0.925755509925367","3.22066640115362","1.6382475309821","-5.72087021262473","-1.17329437760575","4.69399855834263","-0.0755897897752727","6.65580183800453","3.4927482515922","-0.953298229015262","-6.81811466750264","-4.71442196971301","-8.96222412147075","-4.08668729465716","-0.610606940365311","-5.15468696560971","2.44475573972767","0.0275843693428213","-3.4068192734335","1.05343451045418","3.77756189262388","-6.83871344079939","-9.2218671579688","-0.884598244625927","3.62079612445796","-5.47877169952683","-1.01761248246931","5.39691151402458","-4.90908245086322","-1.9924158691212","1.76111646073765","-8.28111994770712","1.90787984539057","-0.826434922245191","-2.26799019594303","3.29309079622901","-5.36565302665243","2.8120796299686","2.86942916570706","0.529527264114186","-0.747870715087949","-7.50438744516656","4.73885355093198","0.00555521837940899","1.11235488907349","-2.92782050886145","-1.55543338850166","6.37275910776685","-1.95683889909672","-9.66799933411255","0.661092813303414"
"Random_Index6_32_0940","-3.09215427133459","2.17149694650583","5.54090992238629","3.0203747277017","4.8079854825336","2.08587179881388","5.21234185459293","-12.782124035677","-3.00204334977491","-0.239824597665828","-3.83085369719966","-1.1620214850802","-0.744571425092815","6.87641335275381","-1.39112874237364","3.14626998070261","6.17092407123129","-4.71796627745768","0.320337091534327","0.934126331559565","-4.20676100682517","6.64968934654438","-2.04322262782127","0.0579545510384314","2.19371435168417","1.0896617323629","0.361370238104563","-3.9120841652247","-0.568606611936233","-1.11591967909132","-3.97971086159016","-3.2432699131919","-4.08802394339126","-3.01466208987803","2.98532592199012","1.66038971691657","-4.34333804291627","-3.09163988335814","6.91343740789377","0.0834219988134086","3.29955995293896","1.40224637794162","-1.34553956460656","-3.68001583233423","-0.111083611740409","1.0161599272585","5.10391299079232","3.26116954073564","-1.90710240365439","-0.720363332616895","3.45146547368494","-1.39676149146693","-0.864779004424283","-4.36811492348934","-3.3797891885762","-7.06519004626607","-2.0269289911545","0.961058904532899","5.06088677726784","1.31856015240592","-3.17985165631209","5.78580515871341","-3.00049077878218","3.49829978175234","1.16414644157154","3.22843977452363","1.54207579373786","-5.85480329504035","-0.946041988013687","4.23183826661674","-0.0204415363562411","6.44692574639682","3.19423710415031","-1.01100343641252","-6.65844312764853","-4.57585717889039","-8.89940374670961","-4.01752287888441","-0.483882265794152","-5.23884196114497","2.2763704633379","0.121343070342094","-3.06462034362687","0.904107577686392","3.71887937497795","-6.85741173690053","-9.32929063993472","-0.796448692113601","3.47860470653733","-5.42236981992462","-1.15081887755467","5.33474454900127","-4.91189932504366","-2.36955464640461","1.46604516829003","-8.43407041172533","1.56074930006449","-0.463026060673776","-2.301124796522","3.42844764354826","-5.09007169832484","2.93426129978499","2.76672486991495","0.803717198427956","-0.779552097617803","-7.73800878690517","4.60013174241987","0.333900057417798","0.657893920584603","-2.73741996087716","-1.66388847855466","6.10958105867526","-2.07825564950682","-9.52788703653584","0.734396505227762"
"Random_Index6_32_0941","-3.00952731890698","2.09191845069211","5.5973432924897","3.1937360585196","4.80609441451152","2.04830699908899","5.04588978508433","-12.8235880483168","-3.01304256994339","-0.23176559341524","-3.55767098842819","-1.09392359644017","-0.548680904315354","6.84136715366358","-1.30693591397996","2.96840258591935","6.25334742248611","-4.56187633982985","0.462003311152505","0.837055484178989","-4.31674623317244","6.81143822416821","-2.08738403291866","-0.0862709129051054","2.36547519465667","1.17496999407491","0.125179745381889","-3.65110832781492","-0.550922865068655","-0.983949038780656","-3.85103466885615","-3.21071262477463","-4.12482121161387","-3.04483530955648","2.99607037897673","1.62997904447732","-4.21774532250112","-3.17981342259428","6.89808272456186","-0.0112499394797902","3.41752968113077","1.40708235415659","-1.18042901357402","-3.59363502863558","0.0567668671702787","0.801442230618684","5.01340825815401","3.27154066369832","-2.06515440180118","-0.553937377551776","3.51966289845247","-1.16680164972973","-0.739955093407285","-4.56815573256742","-3.69934951429946","-7.1579794081029","-2.29629330587387","1.01834630639521","5.07553195734891","1.04265388882504","-3.20682406816278","5.80808176507253","-2.7974743715807","3.76621689176347","1.05231434272454","3.25901621881398","1.54454028427367","-5.97556858458468","-0.877416379429578","4.32758438624813","-0.113325511421719","6.52238941316299","3.07963434279214","-1.1086985810963","-6.88873248239895","-4.2244180218325","-8.89007161679346","-4.02962683241218","-0.404112522261243","-5.10933225128355","2.57678433240766","0.0614304051883459","-3.0854436287137","0.690248345797969","3.69424266292685","-6.63000539579275","-9.16943331519846","-0.731554738792494","3.39918191546167","-5.75167608243662","-1.08664172425929","5.19797981532856","-4.98924303706732","-2.41889801907287","1.18204432855832","-8.45703266940844","1.60488503402832","-0.260081676340065","-2.46313852609545","3.36558287869303","-5.03950357850085","2.93157900826342","2.92004207604767","0.717717401412475","-0.720153428697071","-7.47230461929593","4.67679737846437","0.237147210462217","0.946759906269269","-2.77729345508354","-1.55975031411533","6.28165663485953","-1.88493305687259","-9.40405636090233","0.650415932967302"
"Random_Index6_32_0942","-3.2950911626256","2.02197408762456","5.39675125709601","3.14376445959753","4.70000162701782","2.44114513674834","5.14135269567037","-12.8772117994357","-2.83935264093418","-0.333979027727563","-3.61905893363552","-1.16023301705412","-0.636917122018735","6.85800702068491","-1.38762799103108","3.01576424703125","6.41556145984962","-4.59728065864371","0.280222976754678","0.671986625925845","-4.53357886719826","6.76644512925887","-1.81709580326991","-0.121166229800439","2.27328698605709","1.05636684865776","0.240161649031828","-3.59019133566919","-0.804519443810245","-0.874152123344961","-3.62261388442313","-3.01244931097223","-3.96075212440189","-3.25600170035326","3.38954474946946","1.401292191182","-4.22254616681816","-3.08861934596061","7.01731635083982","0.277645763844892","3.22108038524824","1.51757100583836","-1.22462264473629","-3.57464472456644","-0.0663800317677536","1.1101012503291","4.88527847161416","3.37864015474333","-1.86694235568147","-0.607537335046571","3.2358033345037","-1.31558321583576","-0.754760723475684","-4.50898486786495","-3.65443179574732","-7.20633151450754","-2.28359901862735","1.39938672848539","5.03987029176669","0.896085839451568","-2.98955537306227","5.70693711635864","-2.54991978527198","3.54212801404307","1.08876308829428","3.64742725951812","1.6212659527392","-5.6586131844622","-0.856165366000707","4.17252418149887","-0.264155411314042","6.59018372954906","3.20248564983409","-0.920080882968013","-6.77987398434497","-4.63303616559771","-8.87001516621702","-3.91343734278946","-0.329603437104229","-5.17059698233453","2.62984491869207","0.398361892105591","-2.67746365935671","0.726201706424893","3.73814881781428","-6.70556479228201","-9.23353113428281","-0.720012829526633","3.28897086531926","-5.59612607532924","-1.02708201442732","5.25650090740071","-5.15717636632049","-2.2933171704069","1.26481071186203","-8.4510065641406","1.55812517389098","-0.312683081968711","-2.30047052479694","3.73429571811811","-4.87997456055967","3.07384722125196","2.85851306195338","0.92196052004523","-0.640473645716762","-7.71091596586161","4.73201162691422","0.549518272819671","0.683175136374241","-2.66600634740096","-1.79272389119795","6.40858490077806","-2.11358276858043","-9.51768800148485","1.1782793409855"
"Random_Index6_32_0943","-3.25081162118153","2.0067893329639","5.44859138919545","3.03747011946075","4.6396708226956","2.38440922400722","5.31297977769928","-12.7801810471958","-2.58441866193039","-0.124231826836252","-3.48547335271222","-0.974166991698227","-0.269583195845187","6.64525413251023","-1.20599380051153","2.78475092326484","6.22395079236536","-4.62600316026037","0.46328898068297","0.719059776585154","-4.30243038951818","6.50892764865948","-1.85646120581172","-0.186142881704726","2.43038130145834","1.1802999147083","0.0226404923895439","-3.63863775630946","-0.721557735704828","-0.800556269128934","-3.55544168680735","-2.89721532737234","-3.97890169336207","-3.14253946057634","3.35909598094449","1.65838780356526","-4.06617350770214","-2.94605769917104","6.65306184247985","0.156477412520454","3.2330286834554","1.51960263721322","-1.24214995410378","-3.43319762464007","-0.0915251701462944","0.973436916738214","4.96606513904279","3.31035598563534","-1.53384090628835","-0.642449661493988","3.30562086131612","-1.23921384912632","-0.590048411914101","-4.59621612072493","-3.56497657794577","-6.82034703517821","-2.28872047513008","1.35392746612113","5.06943608148381","1.21880914621765","-3.03359213013875","5.98548593702449","-2.55251867244661","3.53712995256932","1.07051628203602","3.43071979217716","1.76156397055213","-5.68931390168002","-1.03482292840557","4.08620842590343","-0.103584744137472","6.33203634999499","3.18472037609278","-1.15683922176259","-6.62711330307841","-4.28751626742697","-9.1265814186103","-3.93907826829195","-0.240851081718707","-5.16972362462307","2.35304857713033","0.469273927892646","-2.74418228627145","0.553226586186538","3.5616146964173","-6.40772436833934","-9.03398617087986","-0.837197144962424","3.68071065137905","-5.54315018484856","-1.20338312976359","5.16961482603053","-4.78419659207803","-2.58100440926147","1.12530374885007","-8.54908972473629","1.42150522064481","-0.0486731363096929","-2.35854525882432","3.62870186363595","-4.83671698881756","3.02604389922442","2.78345046839557","0.905428201063215","-0.572178808108861","-7.56301611450157","4.5558300232971","0.585640576051813","0.925468206122139","-2.69939339084547","-1.47836543425707","6.20156000099266","-1.77197717156655","-9.55326549597655","1.14840106761376"
"Random_Index6_32_0944","-3.20201489907693","2.28164473633723","5.69735583767514","3.32359902604506","4.87529621896555","2.01436960651159","4.87905213104205","-12.8878610536333","-2.75107799946579","-0.3141344923175","-3.69797520054799","-1.1970703476286","-0.719569969212187","6.73223910835913","-1.39747193282233","2.84166813016044","6.32597078646462","-4.46115329527566","0.209516936392333","0.808120918981407","-4.17439216746643","6.86420775895207","-2.19010548253911","0.112065005668785","2.65933381266088","1.15146129426743","0.124812812383886","-3.82412541543022","-0.62566758102315","-1.11818949606176","-3.79360542220541","-3.23124328553175","-4.12109446168892","-2.91458648602943","2.92877844169262","1.70394511392775","-4.13533767671104","-3.11016559615291","6.95203669784996","0.078309877905095","3.34468253081581","1.26481853094108","-1.37511631384819","-3.54275537863253","0.179384416187497","0.916412624834603","5.16163938563447","3.38875551408201","-1.960049159019","-0.427719274944454","3.49499827641678","-1.36113463271834","-0.906054283851912","-4.53281202725307","-3.62947109797868","-7.05379844196504","-2.17256712363421","0.94656647802191","5.21126030715534","1.03851946832699","-3.2258530534148","5.84420009397173","-2.90249857480307","3.83213867929575","0.947695462495157","3.24583113598659","1.54466026774194","-5.58342272120987","-1.18999316995708","4.46629910522466","-0.410404466872049","6.64460914547882","3.12904857152208","-1.08981534991214","-6.87505892763474","-4.39816765515691","-8.88799161265066","-3.86211988665736","-0.560646065166196","-5.07877316274089","2.61238990727172","0.0704331017551286","-2.96349797548771","0.762674477288333","3.71103238019335","-6.64265492697395","-9.10257016196082","-0.958896419802524","3.55892311588569","-5.41827355681375","-0.979373183926037","5.17655497927517","-4.75196794953415","-2.37562329967181","1.26155649161098","-8.36644661770523","1.61626499839206","-0.41991207255858","-2.35234693352502","3.19505552538692","-5.06645008396025","2.87366588416901","3.07230579928558","0.65743455207779","-0.661622698092326","-7.31057252110327","4.79733560837413","0.18273045412805","0.829797955060548","-2.80102449914174","-1.38000767664465","6.36861505709478","-1.88745702486196","-9.60753285971603","0.806433883063901"
"Random_Index6_32_0945","-3.07181829806969","2.19612738572031","5.53043092810114","2.99523688232767","4.78307553648877","2.19336633171724","5.14115614171052","-12.7542155166351","-2.55325350587858","-0.151660508248047","-3.60672405981883","-1.02278139403101","-0.366896518437377","6.70488844042462","-1.12323859800956","2.87068922142459","6.30845058752955","-4.52441303632739","0.327755993981907","0.721065754619364","-4.39531362141794","6.65343648653822","-1.94674600836069","-0.0411461954947453","2.26919882707209","1.13447194439718","0.357100867662109","-3.59778357791219","-0.442153185753523","-0.826926923472965","-3.67338931561584","-2.97706721120744","-3.89903615602886","-2.78010705530223","3.23979073170458","1.57580382949324","-3.98343137206297","-3.05847237677818","6.8360344537829","0.122460746726839","3.33354877080458","1.60963920908985","-1.1380760644022","-3.39703000435552","0.07156397839707","0.705583301420597","5.09983099361568","3.32163752005221","-1.84132711447301","-0.59120861531629","3.58661468559346","-1.30524257266701","-0.635113198358861","-4.73560056831015","-3.43099361974224","-7.00220570352549","-2.28354291788315","1.19222658353808","5.10932299796868","1.15109124499555","-3.07474956588123","5.96073727876147","-2.75303489375072","3.57559754347804","1.01146974341828","3.44718461194746","1.56802753177015","-5.64325302251672","-1.22721344015093","4.27439148191013","-0.085484128038071","6.67248882461212","3.26110000756587","-1.20913925363768","-6.66844332190335","-4.19443748261115","-9.28826789967062","-3.7663500844287","-0.368107745845193","-5.04774826462842","2.36795587595373","0.285761249275244","-3.02789991244507","0.723331153347044","3.57293888273261","-6.45839763011458","-9.21192520900055","-0.720900100813553","3.51858439424872","-5.7113601658541","-1.20403280870956","5.16715337859633","-4.73858943725854","-2.40231593469714","1.37407436654607","-8.27485118650815","1.71415955042008","-0.101261439908272","-2.25419925331608","3.53508717061768","-4.95341316137016","2.97909125756822","2.85360970400856","0.903449516574281","-0.609900785220674","-7.46303042383276","4.68567042215721","0.357520168003085","0.897218521678395","-2.7781890690884","-1.73120809447456","6.21627859491271","-1.70162522902078","-9.78693999816383","0.778644411506663"
"Random_Index6_32_0946","-3.07769083348727","2.05323741914162","5.38006461791575","3.02548503604129","4.6755928181712","2.28262378321427","5.31360790876927","-12.9772646290477","-2.64566829044261","-0.295601998108421","-3.71183220621573","-1.15207075077977","-0.431146385029383","6.74864960845671","-1.38620005272804","2.94905644396178","6.16804957771436","-4.56533854550208","0.282533288458616","0.715623460433406","-4.3499944326873","6.70319732273438","-1.99677257985073","-0.0990723548639357","2.15371039318944","1.10048629980329","0.297122375377136","-3.63651542595596","-0.647583703215657","-0.871232258231962","-3.72140272775656","-3.06684811632453","-4.01386702750001","-3.05225015195204","3.08622398601602","1.78176408820135","-4.19803366829359","-2.99568712477431","6.88141543545444","0.211260920732446","3.30001471766014","1.40471689171378","-1.12152502767141","-3.3302861340856","0.079923144208147","1.12113443222114","4.9281966065327","3.27794977626486","-1.82632915769133","-0.663896928416516","3.38389624556053","-1.2543888597839","-0.643724861698952","-4.30692937906701","-3.63548691620856","-7.08155905797703","-2.22687651526509","1.14729680528237","4.92157430802092","1.13194925202562","-3.17089338711276","5.69722430414472","-2.77748012710921","3.57316837586928","1.06514223969041","3.35509142121307","1.62887636490736","-5.70411117796714","-1.00166534618484","4.19318485017949","-0.141862891817464","6.52175053738438","3.30507402284325","-0.833862078721329","-6.66612406282685","-4.49937937200941","-8.96615419002131","-3.96223464381601","-0.210033323707702","-5.30683318499096","2.3956613012332","0.191002844598263","-3.04057465550512","0.836877123362682","3.57501362741908","-6.59106928203209","-9.00671425817539","-0.658592337727032","3.33896048134365","-5.59975265487968","-1.16765259950489","5.30984706803089","-4.93631882190742","-2.3816571673662","1.19633535465319","-8.29817637272735","1.54860828219739","-0.272492641699398","-2.33504269114677","3.38755517314169","-5.00211723114269","2.87889824815008","2.7377660435591","0.906947021104129","-0.534008787471384","-7.68067422380908","4.56527441618331","0.308944286468382","0.755836634533775","-2.57305445752647","-1.69708055956859","6.06615611427718","-1.70378759892813","-9.53635533839332","0.83260578688293"
"Random_Index6_32_0947","-3.0970837477572","2.1155227857464","5.5600356187659","3.11010048517677","4.92593819454009","2.16545418233335","5.09997147256922","-12.795166275386","-3.00031202592295","-0.110227108789343","-3.68216825435578","-1.08948200953672","-0.658125689878565","6.88431387634149","-1.34003771148329","3.11300495682678","6.0507360693645","-4.70520563934098","0.254977131060523","0.849521636509138","-4.48695621891317","6.83305217047308","-1.9609024327346","0.0344581697804753","2.22187420450786","1.08490075844994","0.372461359677005","-3.58920509557313","-0.583101340924821","-0.924385053617968","-3.89463391095844","-3.03376628069361","-4.0496106901455","-3.00302684722318","3.00258100069604","1.6401777444212","-4.21451593024924","-3.21459660513157","6.89493462805893","0.203718929016435","3.24164214422299","1.43176117904851","-1.00276080391302","-3.47186279777062","0.108381893060846","0.963138895296371","5.05306577716619","3.17978334801378","-2.02126751747465","-0.608823930565962","3.47122678460014","-1.35364500578123","-0.768822628106933","-4.59102142828549","-3.73153728679563","-7.27480095991877","-2.15113036039755","1.08990759483376","4.92642179360099","0.946534910115862","-3.11953493450417","5.68236667362007","-2.77296282683738","3.65808085881978","1.13972737554916","3.18132769832918","1.437606259432","-5.76914322816377","-1.00818336074606","4.39887458133891","-0.230059797252257","6.49423950368802","3.26382994169042","-0.964798590225499","-6.7518889613148","-4.58610016895014","-8.81885259233208","-4.15070384925505","-0.457585336714197","-5.25887973982839","2.37644565236267","0.308033170696255","-2.95757358021547","0.808779530730086","3.65999912387567","-6.61671671817916","-9.12747490261751","-0.778429468870396","3.32885746607697","-5.60944929703959","-1.06403710752373","5.25990938497368","-4.97620263923118","-2.13744465856541","1.38440146509364","-8.32017056976362","1.76968120697793","-0.469355314328987","-2.30857597078988","3.48028251533892","-4.97475353953229","2.84108941793839","2.77847749888092","0.793146853102839","-0.731672809878514","-7.60877652026135","4.56103119031583","0.3706109834568","0.783480417535519","-2.72659330525732","-1.67718152438445","6.12528637526064","-2.08803685567303","-9.52021775919374","1.01269457319344"
"Random_Index6_32_0948","-3.01940196910862","2.14016422902563","5.54285047530502","3.11420748111986","4.9646204737353","2.18248746288221","5.306544310803","-13.0096125788066","-2.73935833437779","-0.30622307831262","-3.7244320750548","-1.24651307568838","-0.452344279952141","6.70366060873552","-1.45111788860302","3.08741356066673","6.1902391834355","-4.62790635386293","0.143665601672505","0.794961302959249","-4.49690547278296","6.80932778271779","-2.09576445734551","0.0247382938745816","2.43045908640781","1.06683822293611","0.159366604043427","-3.71919045845105","-0.393861442537887","-0.953327167271773","-3.76174890482726","-3.24432482161191","-4.14252745498332","-2.85812600834536","2.94380815580904","1.61614933949944","-4.0389667562894","-3.18513422576804","7.01141030268162","0.122639259556273","3.33462574275394","1.36117701534474","-1.13092318373931","-3.37708122476149","0.0891289012418284","0.928477029541378","5.15188802542843","3.25251139314854","-2.0064285339258","-0.509867665817042","3.49758456339085","-1.40685442851168","-0.853756158489868","-4.61002078655757","-3.7134536800879","-6.83406367676257","-1.95990058076394","1.03275150042321","5.0092825358467","0.910091343275656","-3.00247830916076","5.80413302868769","-2.76818774791263","3.62773125150784","0.982664028141667","3.25784859814254","1.45477055473238","-5.79229710657559","-0.873621811654711","4.28417585089674","-0.155393825393826","6.48467486413015","3.42758961615821","-1.12511481507975","-6.72387495536831","-4.45441706400563","-9.06526752811336","-3.73488666285717","-0.264676057318014","-5.27264667113419","2.41721685246952","0.101519799339205","-2.96209693498919","0.820509029449727","3.5590042507725","-6.53795262426023","-9.36873831200104","-0.822973628428769","3.42572761234495","-5.76220442570739","-1.17831206438846","5.23572614188587","-4.96236432672726","-2.13734867525639","1.3520299419634","-8.39131544894173","1.69976091869792","-0.483762645631053","-2.3566425386726","3.31125195063365","-5.02829598343436","2.68530756124917","2.83385729510112","0.797931492635363","-0.732919138850393","-7.56712559144443","4.70844112001291","0.321917554292681","0.892306766170044","-2.76354531335635","-1.66187475339217","6.16861198734575","-1.81032233014921","-9.5044029551113","0.749709160352755"
"Random_Index6_32_0949","-3.15860860191884","2.10561166472467","5.44467835135537","3.16430290422331","4.59464813169896","2.27736757626252","5.2215061837848","-13.1692450675477","-2.45927550608714","-0.194376704763409","-3.7322732943698","-1.14209181495406","-0.45560416546805","6.62404547126234","-1.35263387615835","2.73878361826029","6.37277243971097","-4.27295683404424","0.117842299714381","0.719895137373317","-4.51906460565202","6.72406625582719","-2.07338978514143","-0.277772869096213","2.43509308961984","1.12772413916663","0.130516430865294","-3.69970600576985","-0.745142676490495","-0.961840414009742","-3.61713701323167","-3.15343443375335","-4.19310875693768","-2.98471695855121","3.07109924624931","1.72042302418575","-4.04751554233132","-2.98229675894519","6.88023415383809","0.189924713154071","3.26405854490374","1.2946441142546","-1.1894379982532","-3.32477781296611","0.0640049387856104","1.16562790274584","4.91771209971778","3.44155154738589","-1.79345125149393","-0.499711324169856","3.27576400479999","-1.32003593505192","-0.820416479566876","-4.56628008062143","-3.60343139964951","-7.14396357109567","-2.22851241821038","1.06223638741897","5.0617769113293","1.22201162822083","-2.83638144095752","5.7740241168422","-2.68264250297981","3.5452662342575","1.1020059329841","3.37668328152513","1.54759789592627","-5.65228905192093","-1.10182400336792","4.20523630068453","-0.219403748464156","6.52223266332359","3.2173532221239","-0.891763473563024","-6.60964031181377","-4.37558810850602","-8.89050870335212","-4.00683541732492","-0.414279147085279","-4.98465219744904","2.5267810520636","0.254120112933344","-2.91852343544631","0.826569682096583","3.53252804538056","-6.50565606922311","-9.31095584928898","-0.78178426540452","3.55643096195647","-5.53669870988947","-1.01099560153052","5.12423277096916","-4.76493873073282","-2.37610674611989","1.11913933832297","-8.40065182102521","1.40194730165331","-0.154871928226402","-2.44635993392585","3.28841243002729","-4.81866212390241","2.92594020156055","2.7960163781101","0.888602955162872","-0.499239622256517","-7.53135787263051","4.82128733286904","0.297733987878501","0.913534298219002","-2.7878704503151","-1.59500926225748","6.38827673206914","-1.78171622890232","-9.57854511569894","0.898845411884824"
"Random_Index6_32_0950","-3.20620568898253","2.35024517420854","5.77225907399865","3.34992684573455","4.98540802124011","2.00184699012468","5.12092746502098","-12.9548859017608","-2.9229022372936","-0.371416651638515","-3.81339679191353","-1.3010503993284","-0.698382067278105","7.24943090550756","-1.54712601282108","3.00943174091273","6.46474049088572","-4.63322759186428","0.140058752450232","0.910370687769702","-4.46458262541292","7.09522683188894","-2.11076228592074","0.207896727896105","2.35045197041804","1.11534024662005","0.267601700477876","-3.86424084614489","-0.497691659708384","-1.10335860968507","-3.85219687483294","-3.13932600784291","-4.03180563717059","-2.93190978565253","3.12677732468487","1.55993120827543","-4.22400074816886","-3.04370563058811","7.23966455679719","-0.0723204010085896","3.64381622095275","1.2805104386564","-1.3564302212893","-3.70210194117147","0.121954206453802","1.04890406024469","5.31300694920829","3.54870393322647","-1.90017070920264","-0.435790444006537","3.85416639607531","-1.52771264095395","-0.729456512079087","-4.73970945286925","-3.64862798517802","-7.41625112304844","-2.10324173767534","1.12333753221354","5.45582526838652","1.19978746598063","-3.20272702997183","6.12562842060818","-2.76283422973415","3.95050510456664","1.03993194110557","3.51917812403479","1.61204282167823","-6.09832755094331","-1.15814197727707","4.57069111318761","-0.0388326796182737","6.83368799699095","3.41179848202525","-1.24858874936534","-6.78645454264963","-4.80593643105965","-9.04182838562878","-3.93731843276151","-0.590795123618546","-5.29077880556388","2.78441912864569","0.0678051587953561","-3.03291026021","0.964226651392982","4.06398914182456","-6.85029398353475","-9.34514873993156","-0.821205561952387","3.80452083115783","-5.58475308951936","-1.00265155262021","5.39380292781121","-4.8727612958887","-2.49033268451772","1.42885385635822","-8.79002243056265","1.68526922149756","-0.410176937504621","-2.28980057536229","3.48351541744481","-5.19236784099388","3.09517081890512","3.21903462992554","0.606037647734637","-0.953970273191472","-7.54165770581536","4.98601393336418","0.142975069122969","1.02951119904786","-2.78209354302069","-1.41268919584444","6.67654099845204","-2.12133691465451","-9.65657553709888","0.856295929662718"
"Random_Index6_32_0951","-3.08738429121784","2.26192074032337","5.71201926252776","3.1024735638236","5.09437576483492","2.0617737278979","5.20682759451735","-13.0809838833562","-2.85313662958057","-0.212353741642734","-3.65138956105845","-1.14964715616298","-0.434384787489651","7.08555964217676","-1.21139263387509","3.13320096460782","6.53994287868672","-5.16756497163657","0.423417443048753","1.08026540615777","-4.47239565459795","6.792831149298","-1.92535811668983","0.236703308500209","2.16564682882554","1.23560071621623","0.635792006698192","-3.86210843539691","-0.286681437562342","-0.970608752957606","-4.05796582623759","-3.05551308882751","-3.78748830040401","-3.02059950786547","3.27265820831491","1.77957712036831","-4.42420306335451","-3.29871865267216","6.98836901611166","-0.0397557453805041","3.20191196507278","1.48575116466913","-1.38229253652148","-3.88905855248005","0.0410039842926168","0.853794912980287","5.24789841637376","3.15711012682635","-1.93090212528255","-0.868018036110369","3.86053546305123","-1.35880251497324","-0.61590600034762","-4.41398308538604","-3.21812118425771","-7.21200556681574","-2.24468512054108","1.24051152753102","5.188202681373","1.31272233768365","-3.73784393313009","6.05243164299803","-3.07831072821539","3.77594280287438","1.10932653751069","3.66366390580907","1.71879328076554","-5.80436563718793","-1.34799741212616","4.51796452087161","0.48040537348327","6.78931563755372","3.12298274306355","-1.37676804643204","-6.99801833445461","-4.49360542997614","-9.2534783353703","-4.17198430206889","-0.615666884250657","-5.32510540754102","2.31767718883252","0.335702624981088","-3.25146661673919","0.918663376862354","3.84041757906369","-6.99988681935795","-9.00924832046455","-0.805978151946752","3.5135740857547","-5.5370494184296","-1.32677250370488","5.53275975000604","-5.09906091369012","-2.28550210579956","1.66579842361705","-8.44976898522469","1.93052121746182","-0.311174051301095","-2.04487492959934","3.7975998254593","-5.28142369395051","3.35503521966179","2.79443818988189","0.781469620138707","-0.832347560796598","-7.88565494706107","4.70436837824794","0.286592452475497","0.897283162000834","-2.75157882443982","-1.58233398408099","6.31134553749812","-2.25515549250093","-10.1728598711372","0.808813735006623"
"Random_Index6_32_0952","-3.06571304146316","2.02559266744741","5.33877011467574","3.00118580222091","4.61719156807186","2.12720456393173","5.14493308101267","-12.7523684543823","-2.62491146386497","-0.20658700998137","-3.64422844464491","-1.0051130340865","-0.392422267523776","6.739128187922","-1.30672018970014","2.98853074807308","6.20462142472775","-4.49779538108765","0.305748266713493","0.776481149266534","-4.5175639777996","6.73860631654904","-1.86647005998884","-0.011358687133076","2.05775116092342","1.08922043949692","0.325325518463331","-3.67966998644723","-0.72709706664494","-0.71095208059053","-3.67976154377424","-2.88705815571529","-3.83224514098792","-2.99722137722523","2.88414666911342","1.55663454398669","-4.18267794114115","-3.19059627391641","6.82526197286709","0.0455219905050147","3.20851178063337","1.53136903317833","-1.05231396373138","-3.38963188714837","-0.0198643191549616","0.849465242060747","4.88052427214836","3.22412414987546","-1.71958545307122","-0.742427592121765","3.35688426415307","-1.18398371937202","-0.367281956747223","-4.59200000225291","-3.40847574337226","-6.96595763573586","-2.27170061817793","0.98513033530993","4.90905825886582","0.892884923267588","-3.05448890991387","5.65618603736019","-2.78921426655777","3.48802978383422","1.17665243697651","3.25381481799904","1.69089407822983","-5.61014606260792","-1.0882267924308","4.20854920652714","-0.193647553267275","6.47876371436858","3.04571256189687","-1.19174904060219","-6.96696250976335","-4.36038767007611","-8.92382909798431","-4.04755760606673","-0.320267931180518","-5.24317001912018","2.28953106093303","0.175241102353963","-3.10355192638755","0.649432629667573","3.57506863433836","-6.55241216919641","-8.97177665190472","-0.639820450867466","3.3488691632315","-5.71520069642898","-1.45610547686348","5.19656837556298","-4.97319426557857","-2.45315343386798","1.11028654987743","-8.23831753186156","1.59651851328334","-0.168190316006915","-2.39199955249241","3.32609865992872","-4.90233547622104","2.76613284364584","2.69872237107211","0.771512678918895","-0.636714654539518","-7.41145481062465","4.62498745880521","0.362437902678576","0.663645554985943","-2.597276082624","-1.73229438686333","6.06106666705664","-2.07602286172926","-9.53538906539693","0.770895239957311"
"Random_Index6_32_0953","-3.05795430630679","2.26760955287853","5.73118130728471","3.20947496039794","5.13315281145007","2.05239902072294","5.41500395226457","-12.7769130977932","-2.93409798723648","-0.467835135392663","-3.82769581867889","-1.26373235238369","-0.642893535908051","6.98490175991561","-1.55560376711099","3.20820779834073","6.23716462313813","-4.95387064131249","0.239861854197866","1.15193926566559","-4.14372434611718","6.91771475474312","-2.17943772441326","0.118475903084506","2.38755200381172","1.16597057945596","0.512617562402259","-3.95776289047363","-0.462429037935945","-1.10078518295339","-4.07218419741154","-3.05558558003699","-4.03684108508263","-2.99449582968649","3.02508592229121","1.85223347281678","-4.21762157026801","-3.15334637972102","6.92190960516561","-0.0874137818037615","3.46768419602363","1.39770879995184","-1.3449510330358","-3.60956338856005","0.334345915717911","0.955950114471089","5.26779301599402","3.14947362789309","-2.02374527781847","-0.704774562654863","3.69041466411201","-1.44041704446013","-0.771037921207144","-4.76063670648761","-3.4363308658485","-7.14737729133901","-1.90736013485509","1.08475274617586","5.2508541937583","1.35042775236886","-3.28343750067144","6.06827563597188","-2.9955689743285","3.84150128357803","1.05005539230322","3.2444798561504","1.71492727825984","-6.02127660441251","-0.981663098178199","4.51912009978827","0.138047883692097","6.47502411412968","3.30748969939777","-1.07861250467736","-6.77970814310968","-4.46696478597121","-8.89992733385301","-4.11697624934219","-0.554571938046744","-5.22079744953699","2.35460178704605","0.214682416310845","-3.17860763393388","0.800265418910837","3.70090500121262","-6.83187765382215","-9.31036343563451","-1.02580214659113","3.64003764338754","-5.6358979157153","-1.19101159127704","5.59471377419819","-4.86153724948913","-2.1922161172947","1.53952771895805","-8.53734397565723","1.75457601692977","-0.427358735035902","-2.3062339868974","3.4246831211191","-5.14858230818097","2.86624576575345","2.81615341677108","0.614010667457835","-0.831420948270687","-7.66361479125812","4.5908382352762","0.261970185705619","0.885439114551088","-2.93457646153507","-1.4528972496605","6.27072010687364","-1.95371825149411","-9.90476609428341","0.84103139642238"
"Random_Index6_32_0954","-3.31016764709101","2.06035640692288","5.45041732353577","3.1339846717014","4.84113217612921","2.07255586900737","5.32865202594617","-12.8748148574591","-2.74764422004148","-0.193088611148772","-3.71636575529783","-1.12796256371591","-0.553716292489433","6.66112740371561","-1.41327138822519","2.80563093333728","6.21878398979421","-4.60509355563634","0.21027906877328","0.673911257226029","-4.284961751448","6.66966525059533","-2.22905740151484","0.0107714673925598","2.52242768526597","1.11017393264648","0.175392231125351","-3.74770216572411","-0.544741748224943","-0.948248715780068","-3.67031023881357","-3.18631303850027","-4.32787827858716","-3.06553429258777","3.06452730090495","1.50916239001566","-3.94735752992627","-3.00824738697996","6.81600895539203","0.0790609087859511","3.30860757712334","1.25221727191026","-1.20778085120429","-3.65340047700487","0.204863213881472","0.98908765394198","5.01138664277318","3.29681195998922","-1.8464463332218","-0.430919958523868","3.5220870139292","-1.20683796015062","-0.742697728769888","-4.48041949700885","-3.66776156661604","-7.01084979761474","-2.24186351221625","1.06403977047001","5.03231256032659","1.20171588932361","-2.96213837974187","5.85887533910909","-2.80637928474303","3.63877861698962","0.983560983154704","3.30512350355215","1.53736561388676","-5.65760018071065","-0.925814281521289","4.15569691328542","-0.259961085108238","6.47746131854871","3.25469925081146","-0.985975044632478","-6.81236801479142","-4.36355033114801","-8.97536625991336","-3.72184465328723","-0.308183478720922","-5.02294936864043","2.39051936355429","-0.0752889260036958","-3.09543021842982","0.679605165409749","3.49108516294179","-6.64321842843578","-9.18883937365895","-0.801094454751747","3.52160051126544","-5.7034306850455","-1.12709384693025","5.13537717409692","-4.88684790690319","-2.26130370430416","1.28392604443937","-8.20192132249733","1.69129652966009","-0.241773342977022","-2.54047555662837","3.31840918819712","-5.08537588677399","2.82355361433477","2.87458734835404","0.734003495136494","-0.763977845162469","-7.45715537967906","4.62988045335382","0.125211618085898","0.867357328217125","-2.7187211794108","-1.47842355152208","6.25913091725602","-1.65955817031809","-9.48188492598856","0.649076700982045"
"Random_Index6_32_0955","-2.95972362011266","2.07179181570958","5.38522140954847","3.15711095608576","4.71302461439333","2.14294559035617","4.97580386504302","-12.7660466067152","-2.74403130306475","-0.198120125174025","-3.61329161293057","-1.09337853355682","-0.489744706201493","6.9768000904281","-1.36389829957619","3.11740192485826","6.4646278323347","-4.54474663841917","0.393353061233381","0.874279140483136","-4.45763739318684","6.88297677547977","-1.92471809089527","-0.045064353562922","2.14743410646908","1.11493806349509","0.278093516509296","-3.62250771015057","-0.596783003302634","-0.901469200169124","-3.80889548560676","-3.0034338982513","-4.0148015914434","-3.02318869327829","3.07928354518768","1.8052277512531","-4.35690522740189","-3.22138563086392","7.03480053576296","0.174350609791933","3.4154390607502","1.529008835793","-0.9681897026826","-3.43939031221698","0.157465363967274","0.964156337872336","5.30617428389832","3.24255773877883","-1.77152350677731","-0.673514449622978","3.37196199368301","-1.13568548563797","-0.593317235506149","-4.37179519197614","-3.57195815222277","-7.24024547914448","-2.07859332795297","1.13258553024851","4.9853761815515","1.01586459575456","-3.09280510064915","5.6515764500161","-2.75815746725059","3.61373703879114","1.26390558460726","3.42417445348717","1.65870821909599","-5.70528286926145","-0.989342521652987","4.35655857523276","-0.168099716796689","6.71303868030841","3.20723003547776","-0.933618228679868","-6.7403263283804","-4.28581529254925","-8.9475923663524","-4.01667855468953","-0.427930343713714","-5.21305098724903","2.452859612433","0.207905200519282","-3.01378793418041","0.831836101894686","3.76826613597127","-6.59856808540061","-9.07658085222789","-0.618871113260867","3.37451329183264","-5.67084585531602","-1.24723423728177","5.31582406916384","-5.03900541548726","-2.29851230929751","1.30905943731794","-8.48228635571601","1.55172131605512","-0.250173308727249","-2.4328441679638","3.45416646935552","-4.95492463120754","3.05266002104226","2.81715328837127","0.896769479001597","-0.642508332208774","-7.48825785481017","4.68492787886827","0.347305348172047","0.707126308021527","-2.63499785870475","-1.62442390366359","6.20202688164369","-2.03798990127401","-9.48916144513808","0.953330797503594"
"Random_Index6_32_0956","-3.09147553501262","2.06765244269686","5.61764745681954","3.16027922982999","4.78713908659811","2.20494783086646","5.46349970490039","-12.8695039842342","-3.01314009832423","-0.418970355403385","-3.68268449933598","-1.34888725155707","-0.696855044387705","6.85763259400297","-1.49970075153481","2.97893053814023","6.28640946586017","-4.51424911317627","0.114868075199681","0.925835535443377","-4.32352856846651","6.703931654962","-2.07768075184423","-0.192522273173493","2.51876875398569","1.25394621110261","0.383192284337223","-3.79902592122762","-0.535349397592232","-1.12807059426167","-3.74743340708168","-3.07525065821364","-4.23695594022772","-3.31117213426542","3.36191916703484","1.6869935856149","-3.9317126059777","-2.73583383727289","6.81135127518363","0.0655442747970981","3.41471948506095","1.49215531461597","-1.43320821204141","-3.56537229287542","0.192006750498487","1.24807350455173","5.02858131813639","3.29107020125007","-1.64890688714364","-0.592638698724717","3.3071562663341","-1.406724299052","-0.659840571484515","-4.47834361781359","-3.57893926871921","-7.33983465564031","-2.07878003622245","1.35417879994633","5.14602882458198","1.23487900707043","-2.95064952977266","5.98644470490187","-2.82732457019968","3.52702347099653","1.00407522937161","3.51377455400755","1.54141778645349","-6.04473213019601","-1.0986825587512","4.27002747901036","-0.0783138089524964","6.34480412505915","3.16760208465009","-0.980031217138431","-6.5785006652226","-4.77639787710105","-8.77511085643588","-4.09523253544589","-0.298733522104917","-5.19082312390955","2.53231685911616","0.374459593224761","-2.83025434147265","0.834978945729751","3.72392047168105","-6.73673298273168","-9.25971981021002","-0.845590850004908","3.5233737341562","-5.28229551752446","-1.03690331527538","5.41111926054102","-4.97456099388047","-2.22276339374642","1.1912596660255","-8.45883406004603","1.45335191273629","-0.225457475557042","-2.58886530118277","3.69212548425492","-5.01600533011673","3.0188935330193","2.79316280957404","0.841282890965367","-0.439289773869552","-7.69439453910019","4.68324184217278","0.386540140295239","0.616222214305387","-2.59070494159553","-1.68752109321702","6.2140481760438","-1.99759885284816","-9.61636241424972","1.10915941292316"
"Random_Index6_32_0957","-3.07718802569401","2.03960805990317","5.52697194907484","3.13006354808208","4.81924870748021","2.13982380778593","5.41915934835768","-12.8855511372087","-2.73182423013789","-0.307658000949387","-3.76058460891452","-1.32404573549984","-0.60803074739416","6.90342295378653","-1.44842127180071","2.92225550293076","6.44149603433215","-4.61116791174573","0.266740180478129","0.80982406290644","-4.43589095316824","6.82185782348088","-1.96522183067699","0.0620759145101301","2.37050731748877","1.21086240225745","0.474533734574014","-3.86086525863697","-0.617124919259523","-1.01602279444802","-3.77131691865056","-3.11258938893605","-4.01489509552416","-3.09822602091411","3.1581148149994","1.728145486421","-4.21104011384402","-2.93299544217844","7.04456412016322","0.0690246909282273","3.41560198575766","1.42748260382682","-1.32916072155348","-3.64710624859116","0.141548941048905","1.135764937739","4.92258678522465","3.45488364820053","-1.8538785725509","-0.541394540267609","3.52384060789924","-1.33640938873535","-0.738312094521721","-4.46756514796088","-3.62121876825872","-7.19794458589663","-2.03416470675349","1.14397828141998","5.14865751225187","1.35499139922923","-3.21331986783293","5.90724452611765","-2.77546840213008","3.68159738722557","1.08138685522495","3.50147023131969","1.49086248562918","-5.8095693288077","-1.08530661002006","4.36145311838692","-0.10886545216004","6.59072076382482","3.1859067333611","-1.01525830374377","-6.70731108339359","-4.62313025565305","-8.9894109682182","-3.99761594520259","-0.284319018072364","-5.21157230556252","2.48256825511953","0.267029521821895","-2.95168153816853","0.856125904936064","3.78659238203019","-6.79631705330493","-9.03498325185346","-0.86285475309389","3.56756621730758","-5.40666667842635","-1.1795669132269","5.45672668205336","-4.96242546371772","-2.39748935080831","1.30124928452507","-8.58166411297382","1.52056150449976","-0.329866171605339","-2.12671329517127","3.4178189430833","-5.10056098269588","2.97890630480736","2.86320649844554","0.821141084748556","-0.56917115616676","-7.60971652057268","4.77771253228581","0.388376534175233","0.732471361020035","-2.7723499936166","-1.71789091658408","6.30717700993096","-2.01861486555313","-9.67323067978981","1.03050615138239"
"Random_Index6_32_0958","-3.2624897731519","2.06778244662014","5.42011232591366","3.04174354297143","4.72287094320133","2.11044315620869","5.19611159866095","-12.7144250515242","-2.73892374241282","-0.407272816679384","-3.73245053614453","-1.22111813037903","-0.58033172398794","6.81950495878514","-1.49663920096837","2.94062281676085","6.25325823535191","-4.7125834954134","0.221484554770355","0.789522249233652","-4.30862898992414","6.70123241623416","-2.14657331660951","0.11437250144925","2.346729600009","1.05008770998306","0.276137746778296","-3.82177924216636","-0.588796934912878","-0.913441813036022","-3.71650171721496","-3.10237036001985","-4.05076459360968","-3.10260125809236","3.1285805996844","1.59562864483934","-4.22287264095298","-3.00109530305687","6.81766028609869","-2.73534363547677e-05","3.26927422575069","1.29493341778454","-1.24826236130376","-3.54172782501938","0.0658466188466486","1.03871146273582","4.97594046716253","3.21941951298664","-1.91330208431394","-0.563149086964968","3.40100991416862","-1.46177578577417","-0.723005978562461","-4.62842415255662","-3.59981807863649","-7.09382122153999","-2.01230853943484","1.1070078802151","5.06932110965733","1.21270665003777","-3.15485885908228","5.79202684407833","-2.81540739077369","3.60723607404315","0.979544698189744","3.47562215867","1.56070404879764","-5.8956723180838","-1.04110331695551","4.30375671209789","-0.0220316675561192","6.54128178954177","3.27573409014265","-0.997705359061909","-6.79740952421277","-4.56230673135306","-8.91407844780504","-3.85995556572798","-0.445206432949511","-5.25562048412081","2.42917639152817","0.128852199896808","-2.96474002318869","0.73103713742005","3.65563465318787","-6.64071126440849","-9.14763037451106","-0.838680383429741","3.4549323733059","-5.68136839020303","-1.12289703708271","5.3090021601756","-4.90487966516138","-2.27707007085907","1.3713948590382","-8.34539586008644","1.61339496235478","-0.377776113450167","-2.11101498063993","3.45704487557711","-4.93993139376288","2.934959814543","2.8600987745842","0.70789425006504","-0.855174603776075","-7.56352559031981","4.76942308316179","0.213991145499046","0.827112712461005","-2.65870078910317","-1.65210484751505","6.22761175074417","-2.01037210077847","-9.4484174534527","0.707188582143113"
"Random_Index6_32_0959","-3.14146658536251","2.06576720017533","5.46307033292671","3.17867844838531","4.90169959218457","2.16252437777613","5.17068849060272","-12.8727718310267","-2.74333762861051","-0.0914865526045461","-3.59299780073881","-1.06163479621418","-0.528362330964378","6.86129289022942","-1.39793273686874","3.08698235639065","6.12682400203986","-4.48617615927459","0.394300127602626","0.735342803362793","-4.37703889494753","6.89407635183368","-1.98780992289877","-0.0336380643876044","2.35266950792102","1.08564260420198","0.217656176953737","-3.65135578043012","-0.738310851540524","-0.911677172285934","-3.95019758804902","-2.99018120984271","-4.3446039263054","-2.97073377709938","2.98855689707681","1.62718364006356","-4.20817155875654","-3.02668892787023","6.91261317323114","0.100605193518104","3.23883474095826","1.46307871840573","-1.20157099483604","-3.52066711184638","0.098129308821387","0.920820130827445","5.11640164720495","3.27809525308538","-1.73358958453222","-0.587820765986237","3.51610363649021","-1.31049587918805","-0.706752546395871","-4.36406936360866","-3.5440910758939","-6.99260363247089","-2.30900401130115","1.05826021455926","5.09672090592565","0.889914613763863","-2.9858463244125","5.73853918550584","-2.71542339610681","3.62518237652293","1.1812284992623","3.18108328285889","1.42227265872556","-5.70571353409626","-0.947892276826133","4.2788159566191","-0.331266212205033","6.46981318539624","3.11617478130409","-1.03411718307071","-6.72015863763996","-4.40477958229859","-9.01209613406467","-3.96428821115477","-0.284268801892663","-5.07591702519116","2.41625658563469","0.272650714520003","-2.89624038998355","0.839941750068619","3.71621354259673","-6.44522177804933","-9.19191854526831","-0.752067057478894","3.42319895784283","-5.57808492567896","-1.04653325494114","5.23161065668423","-5.04923136040497","-2.33444074621062","1.36702080918604","-8.24322447935059","1.57156592720711","-0.347557700446559","-2.53320583847153","3.35651890728422","-4.97007935762256","2.72403694167144","2.87964900674917","0.802182085185751","-0.599219242309403","-7.40865968702509","4.67960160483615","0.420571660661597","0.863333168158189","-2.65238806112395","-1.62043094122642","6.27050063455378","-1.86904407449125","-9.50269583820721","0.969050332248421"
"Random_Index6_32_0960","-2.98598177949155","2.35965216514465","5.62385940319379","3.20590659366926","5.00252337305979","2.00669311000262","5.15742238662018","-12.8594540648057","-2.72351564587844","-0.37394026457565","-3.73497391896591","-1.1747923903475","-0.557880150329984","6.93198836901972","-1.66797880611449","3.01396508185856","6.25622734942857","-4.66000691871909","0.142435528081807","0.914974875582997","-4.25679386236546","6.88801639871173","-2.18247644195905","0.138696910382069","2.49319869430237","0.949254447678051","0.385343100475917","-3.93638906460969","-0.552936134590407","-0.923596394762168","-3.76827050002729","-3.0788857655756","-4.06158977524096","-2.81734193109372","3.04413919041232","1.55932939509578","-4.15335657636595","-3.1034863634299","6.92625428143062","-0.1766291588562","3.40920178001186","1.33358256539262","-1.28725703710614","-3.52289617598769","0.200493911467518","1.00823725707881","5.15177091469539","3.41039893731341","-2.03327474409329","-0.384413579222939","3.70283393194215","-1.23412455355183","-0.601048885845798","-4.62952060095903","-3.52295742197154","-6.94928598081007","-2.09232357201673","1.08184767074548","5.18452579325263","1.22686453839214","-3.16679048738558","6.01399614726327","-2.8195702087115","3.84701283220621","0.917454590204436","3.41576601943933","1.56969280874804","-5.70842028585523","-0.954227879603474","4.48184025314389","-0.260783732495934","6.6897867683016","3.32335615256948","-1.08765625875925","-6.70106188223455","-4.49328852750923","-8.99984750192306","-3.76912012044741","-0.482226286308383","-5.07092662434892","2.45216653314112","-0.0481351878210652","-3.15250282828368","0.726994948315796","3.65260527897126","-6.57493679120813","-9.12406005602062","-0.775121190888432","3.6476911555523","-5.80025647901659","-0.995815337324213","5.29911228239481","-4.71193760414191","-2.31475415713171","1.30952164725479","-8.42187298129987","1.83882325214177","-0.375690826107543","-2.24153159629818","3.29453825194931","-5.06473514268539","2.79639726563119","2.92536557744645","0.584322569007787","-0.852845034902923","-7.48480941157593","4.84033450229411","0.11357375250134","0.99638315190129","-2.60963930859607","-1.45619557592563","6.30358512996042","-1.85490245029445","-9.59119704046935","0.656712998063286"
"Random_Index6_32_0961","-3.29551570773162","2.35153655703794","5.71900149706184","3.28224026402502","4.83643019279486","1.97234005652108","5.30129397543636","-13.1151388847893","-2.74198153554766","-0.339894178921831","-3.85119461779983","-1.40594617730136","-0.744572823339739","6.90985390095124","-1.56617645654653","2.90245535036687","6.25895728913407","-4.73804421047144","0.103670278738419","0.812500030665617","-4.34859100139824","6.77868198614178","-2.20357673953172","-0.0645082955962236","2.45801085729308","1.16332088731552","0.309520255939381","-3.90245009656481","-0.483500822850116","-1.21682910176324","-3.84268795076035","-3.28773383764525","-4.2338293941123","-2.84905867527133","3.16272749733032","1.58619737483311","-4.07589232110078","-2.83462500360518","6.91667109473332","-0.0732584404075787","3.44155403690475","1.19864115722166","-1.45753097409454","-3.65886791827455","0.272422691450858","1.09201160996127","5.13722448945403","3.42797378379348","-1.82333962353093","-0.487616980260945","3.5485501853887","-1.56080954471391","-0.853785384695142","-4.52003722348206","-3.63551861184198","-7.14778578343062","-2.25429260537942","1.12682512100118","5.18662378522226","1.3457363967709","-3.09422687705177","5.93613001683599","-2.98284535744894","3.90819626314479","0.844445553942553","3.41123339882602","1.41951584760723","-5.84234270960824","-1.14913652224756","4.29354421688973","-0.180333774480873","6.61225048585726","3.28252033538499","-1.19901203711879","-6.59345290310722","-4.44249432897165","-8.90668475630258","-3.99310074689487","-0.462404577803025","-5.04386263817591","2.54415090067924","0.144623973894033","-3.21818107980569","0.907592433064888","3.80203294972709","-6.66363035497689","-9.22429454928271","-0.930866628600814","3.71590350251841","-5.3422828466515","-1.09194377710201","5.33626848015616","-4.77135909511346","-2.20119224142204","1.43806182932041","-8.20694796687902","1.62986629136581","-0.400363060364216","-2.18221075926108","3.39173991701068","-5.0862034178054","3.03038341404971","2.98912586517473","0.688129318978492","-0.761177247330576","-7.48301324811291","4.89485709709565","0.184875875152513","0.993035070722583","-2.86983059621539","-1.41835304686555","6.47459551226688","-1.98117120069399","-9.73646768292975","0.864572165726039"
"Random_Index6_32_0962","-3.31876894726214","2.57078399281932","5.88373289301398","3.38283706462864","5.07239946524446","2.17270279823641","5.30468172433945","-13.1128642324174","-2.9139275339144","-0.44382612450751","-3.88997766728123","-1.43588870588855","-0.676599847617563","7.07304860751423","-1.47627057770051","3.2455235102329","6.47576969329711","-5.05996549213782","0.243192895567361","1.04271218812838","-4.23659723589956","7.14051575070586","-2.09110309130398","0.0284667746301942","2.41082174408621","1.07071847375731","0.155817502989124","-3.970226901318","-0.525778739139711","-1.18581999488804","-4.16847277347197","-3.27026443078554","-4.2476457388544","-2.90461157881415","3.25789734892881","1.6221111232768","-4.26534992907151","-3.22686532634042","7.12338943055942","-0.00710403443997768","3.59119165127075","1.39373575603869","-1.41348151310725","-3.73040840035528","0.232419904119877","0.871388792820844","5.52436811094168","3.38880033054743","-1.78116926987776","-0.603356790676347","3.68406457268776","-1.5393907680598","-0.897719282904518","-4.45429463332864","-3.67036278019306","-7.19515212897084","-2.1583831740214","1.20852354830392","5.47771479196684","1.2897929613586","-3.3851897046217","6.07098272180021","-2.915026780133","4.00584502666321","0.905640281028498","3.53229118653312","1.48029546426161","-5.87162699244799","-1.15265518750405","4.59220234056429","-0.0148317325914894","6.90181454008031","3.39267003582749","-1.31902558571595","-6.72531610479148","-4.58800957275459","-8.87921862334487","-4.05109477671004","-0.449915687502398","-5.1078071508888","2.73175346793583","0.457773000480455","-3.02330666933112","0.841675196128682","4.06826179677808","-6.68900746790701","-9.47050149019356","-0.964556690917845","3.70556041949069","-5.44061482986116","-1.0221794515845","5.36227659545215","-4.91057945832722","-2.30706967567592","1.43287433679106","-8.44661021916906","1.76519502021348","-0.481024332774662","-2.38309353155316","3.58086908796674","-5.16500808270016","3.08545521421103","3.20182340505226","0.773907905162816","-0.838543909098157","-7.61370706834199","4.80512808144975","0.322517189765894","0.886573795692979","-3.03151209995878","-1.45349349369191","6.530726759401","-2.00065480069232","-9.77533626398072","1.0192853114803"
"Random_Index6_32_0963","-3.05028112432846","2.11340288292449","5.49442819287989","3.05489415836142","4.79164568569463","2.11019256282754","4.96110189349541","-12.7714590045952","-2.81328844271815","-0.313797597467538","-3.56525206629659","-1.13221369940641","-0.613659198531416","6.76124356939546","-1.42134005362059","2.88268115070279","6.20797579529593","-4.6848198843269","0.497338892351578","0.802417384610349","-4.16108171698748","6.67991816963833","-1.92584851316179","-0.0443694535253236","2.22388996475799","1.04822480416756","0.364870752040914","-3.72203653657809","-0.465968639128863","-1.01940431187485","-3.9181096832425","-3.0876502628974","-4.13321860192916","-3.07846882121676","3.05484158633916","1.57094069254892","-4.12945892381105","-2.88485541317689","6.81308185364203","0.0383820838682226","3.22292103856952","1.41112450829369","-1.3595437141856","-3.55603004310644","0.0545392890950962","0.91699748066215","5.07667405492951","3.14885224515172","-1.74279506637002","-0.690823025436405","3.47991638952133","-1.29478821274269","-0.576750300817827","-4.4803889648163","-3.5841474272396","-6.99586989420857","-2.10971540724578","1.09860257155071","5.08313064829195","1.00900342452648","-3.19204406226722","5.67717566571276","-2.70101331382447","3.65242919465027","1.1370185253604","3.32842296884639","1.51164604697376","-5.68456830477013","-1.00252291058496","4.28066433511328","-0.0917055370614077","6.48974391025551","3.04244772771861","-1.25291453697229","-6.71404844135491","-4.22629794390554","-8.82034990066287","-3.90665176317933","-0.408960001154794","-4.95371934801792","2.43954967995219","0.283807027220269","-2.94677031865513","0.599280853541952","3.64863473692156","-6.53989159204162","-9.13192108549599","-0.716239309038975","3.363138261345","-5.70044244378409","-1.11936082782419","5.09884781884556","-4.65888087759051","-2.32172421956578","1.29742312705494","-8.39491844734455","1.66175155359066","-0.350645687207172","-2.30772226705742","3.43052271361377","-4.90330831509839","3.02053493036213","2.81851179127287","0.759450838199668","-0.727166595357863","-7.35177417847634","4.61190873947155","0.463080232341947","0.754154299073569","-2.80132731444571","-1.40883084121216","6.1698186837247","-2.01820503004718","-9.49758626081795","0.932233738631693"
"Random_Index6_32_0964","-3.26898759999762","2.30115794988371","5.52326791045426","3.20195032490707","4.77875378327408","2.08504403090179","5.26452285114038","-12.9972532296817","-2.84407197306697","-0.385921417135824","-3.74275841797956","-1.2540574495102","-0.711616114703007","6.89497883771145","-1.50619739313751","3.02229339709653","6.44952890352885","-4.64037450259113","0.102787605663453","0.755360982125948","-4.44287823621217","6.88906718122717","-2.02286399762107","-0.00551845783026008","2.35633863990181","1.00730454718389","0.231871881143115","-3.82616820939229","-0.541166167313343","-1.0755672958965","-3.84945739654694","-3.12315296146834","-4.23468310922708","-3.05091172817997","3.23381019456222","1.47393621466347","-4.24745338477887","-3.12589214742671","7.06415309155575","0.029313492693006","3.41357040832683","1.34625131406124","-1.38714669880437","-3.67091568726626","0.114045262943036","1.05076147281672","5.19051989124605","3.4151437394087","-1.98432228576353","-0.54373133839308","3.49514864485559","-1.42602711029784","-0.808287936871395","-4.66176978729199","-3.57751806347491","-7.31797131859822","-2.14008546659883","1.22454444960138","5.24215962085269","1.13911565449797","-3.15050722754688","5.8758831101509","-2.76268272771146","3.74693661171708","1.00244098422167","3.40911388554381","1.46685677512892","-5.80289539151279","-1.09159490267372","4.37240048092594","-0.215103817550041","6.67508309935583","3.27242377556268","-1.02193154385156","-6.91647267093835","-4.7197542706022","-9.11399662428754","-3.83044073186955","-0.433946538464992","-5.11174535716959","2.55716662889245","0.193174243885188","-2.95908346493001","0.912485292797333","3.76456859875726","-6.75353775437473","-9.45596960722207","-0.887847191205885","3.55089772502314","-5.59746867972949","-1.0460955502338","5.25583209333128","-4.95337555020839","-2.3498389515904","1.29030174674892","-8.60638948113651","1.43131819815575","-0.369303037272946","-2.39861082697175","3.56797182710512","-4.96617818553009","2.96917801894034","2.91932318196397","0.744619640057421","-0.837707652749042","-7.69139563867776","4.84543628564123","0.300095675280332","0.886408018435368","-2.84680859552846","-1.60516349064262","6.41262266842782","-2.04371458172396","-9.79047133868059","0.951835844189034"
"Random_Index6_32_0965","-3.1776086554009","2.21646025847375","5.68421568905744","3.24976272041848","4.9199999091239","2.02980778552688","5.21514118741915","-12.9059278854911","-3.11523835825509","-0.354986241548607","-3.88442063093696","-1.32941621085352","-0.751913195640066","7.18455824565804","-1.62419166999255","3.14857715483086","6.46883607418221","-4.92217131417464","0.0148040948390136","0.966368982812671","-4.21253429013218","7.03708986743468","-2.08635179409948","0.131278252092736","2.34832938781516","1.05904814158937","0.522701624867887","-3.87276644912525","-0.513219019261673","-1.19093291013683","-3.95311657550373","-3.18497616623038","-4.10152568084432","-2.89341704768189","3.2514759714644","1.63593292382031","-4.28931389263014","-3.18158129101491","7.05565856339976","-0.0214609313337355","3.5362583293143","1.27556771331122","-1.46657010914576","-3.6914855659822","0.205345735774322","1.17011900095038","5.28297965864406","3.40141481028193","-1.88795948278664","-0.563982924845634","3.57737859725474","-1.50581837567013","-0.7460230508384","-4.52901509087369","-3.66390510096638","-7.3462333441905","-1.96541200898293","1.25484572786397","5.26383631985628","1.32709161553534","-3.40291388004711","5.95620580793474","-3.00377210979221","3.8505541763839","1.0505052967685","3.56364523167181","1.48290159595697","-5.95996512052285","-1.20760561393924","4.61839778746615","-0.110178311265715","6.88518271822344","3.31315999866186","-1.0300888403672","-6.85824571340213","-4.62519229797863","-8.80186147438609","-4.05119777556827","-0.590683873559992","-5.30361244699962","2.60268491635458","0.203287326569793","-3.09306668821519","0.919034132047015","3.92126546035627","-6.79990692011575","-9.26024035461671","-0.944730087990303","3.61364409062548","-5.38284131511588","-1.08067545621756","5.50711455245323","-4.8636184354381","-2.19444479270133","1.53787641610655","-8.49588664328821","1.7296158297773","-0.481721491631659","-2.23552621696283","3.61335175479735","-5.20186301526652","3.02096193639239","2.97606740482117","0.790188773495363","-0.854008388073845","-7.62203883470414","4.85340507507278","0.23542958278425","0.747662527767702","-2.80790386998606","-1.53222549422962","6.34261154017904","-1.98182234475941","-9.78166175890088","0.880408702901079"
"Random_Index6_32_0966","-3.19791789786894","2.10846201240898","5.51361150545146","3.05837569454922","4.6835560138407","2.13734472791493","5.0521944992414","-13.1104913539518","-2.75617114507489","-0.279355850746165","-3.70736183390998","-1.22130817650564","-0.676277342317691","6.86332387934721","-1.39874435636812","2.87430555422459","6.32901845043301","-4.70502762088201","0.259164564402932","0.787716631303948","-4.483699981083","6.7283303829696","-1.95549553561881","-0.12334359352643","2.33020891378187","0.964034470571059","0.263379131023052","-3.70058293583045","-0.772015471421838","-1.0296329380138","-3.89552008728475","-3.10725013931934","-4.08253460323101","-3.26627180550219","3.11313621664696","1.59011534186955","-4.27860868793436","-3.19716648312976","6.82436788763961","0.174059154961423","3.28464007615669","1.39848477265867","-1.27155244379912","-3.54919837639391","0.0892399445959506","1.10011536978059","4.98528244827438","3.28341920967617","-1.73533520133223","-0.538452277724374","3.30511216746277","-1.46363402754174","-0.826556510843565","-4.50107258941466","-3.74497480581246","-7.20467609329978","-2.30083115398799","1.11245472470429","5.0773952524476","1.07741321621338","-3.12985689892202","5.84892524559936","-2.70289270081211","3.64383590009795","1.13624415877716","3.35553493660054","1.46294540051263","-5.74991353320099","-1.00413430384202","4.26232852458092","-0.25830688689664","6.62926373630442","3.1074166503657","-0.93067610997229","-6.72043476744725","-4.55744085073866","-8.91665312546161","-4.09357445899502","-0.315593223989742","-5.1978427290406","2.37912806690855","0.238380900664512","-2.84001602605392","0.970015636799427","3.67028471729264","-6.62711973386411","-9.25171209900336","-0.798946574584336","3.43011887156328","-5.51181894156694","-1.11005696304844","5.26601762002446","-4.90154835879858","-2.24524329944034","1.34346320287364","-8.24244387880136","1.49096130188113","-0.335871376780111","-2.38117296431654","3.45324144098008","-4.83865495471433","2.99812304890153","2.75591304656187","0.890156090259459","-0.611857753347569","-7.63009247935012","4.5917046964478","0.43582367447184","0.575145631014121","-2.69360509304669","-1.69974732274687","6.21027434839786","-2.04138623048054","-9.44745071441251","0.971148468165694"
"Random_Index6_32_0967","-3.06931973837883","2.06470289461515","5.55748688260493","3.20106334824015","4.88440283080381","2.06338426773678","5.24250896791754","-12.8502498993652","-2.89580971870244","-0.387361793086609","-3.77773523001865","-1.25183004473969","-0.680441704704423","6.8982495794309","-1.48909673996727","3.25092401605573","6.28266897721754","-4.73032011471465","0.0431155208145624","1.12450763443972","-4.2626893429324","6.81957314338592","-1.96741030961772","0.152574421486115","2.1990267361084","1.01259043686355","0.477964455145025","-3.77998577458197","-0.529262613392127","-1.00578321662525","-3.97692083530101","-3.19680468081209","-4.03225278618816","-2.96825150757082","3.21201194463863","1.70053008072291","-4.24027921817863","-3.1408993032648","6.99432495807836","0.0972384770373709","3.34517077044322","1.37727555137704","-1.21149934561392","-3.57796778263176","0.239621995754487","1.10911237895987","5.05300052037599","3.1678774141419","-1.64550518676673","-0.609563729265201","3.54522590709221","-1.38896034074741","-0.834994747434171","-4.35397425289755","-3.5362601208126","-7.08639182601004","-1.89985302438087","1.22684274484865","5.03905243512934","1.21633198874527","-3.21362192534127","5.70625716454565","-2.92360709212424","3.6298770418124","1.17955672043195","3.45495479572294","1.7074504347656","-5.7380125618359","-1.08808214095375","4.45247046055776","-0.0643960797805649","6.52340402632444","3.1390343004006","-0.946300290962629","-6.87385103170286","-4.59155983441118","-8.85699333415679","-4.06220045258072","-0.391752789881709","-5.18353907474828","2.40089827118077","0.228863455341054","-3.03327757116834","0.954918190437563","3.74504872789536","-6.65367842365842","-9.10631171668667","-0.734760527760909","3.41346157607597","-5.48718688394116","-1.0781183332152","5.54440058709915","-4.84636198271286","-2.04447915435306","1.52551244453303","-8.38241015647655","1.78785495474217","-0.512517131979144","-2.19040477083068","3.58640249247356","-5.005026259005","3.09377747954863","2.86485088188196","0.763469068422695","-0.668509338065098","-7.6019975392447","4.59119339135149","0.367836559425752","0.652881346624725","-2.70705644903417","-1.67913545226336","6.2170120280553","-2.0399461860928","-9.44054425392331","0.914593341931799"
"Random_Index6_32_0968","-3.12519014243552","2.08187629441165","5.56255037115014","3.31434978659006","4.78696517525544","1.90869939067356","4.93092155756009","-12.9168438073453","-2.77904724632744","-0.472571257374285","-3.85511321638277","-1.38085266932406","-0.792341337328851","6.76692204468796","-1.59177068905428","2.99693731499512","6.09133527188837","-4.8357568496097","0.0669684949135231","0.821206168935154","-4.14379504447553","6.9059632743247","-2.24294887784916","0.0628110877705083","2.59932465148815","0.908521161129229","0.279548184333452","-3.85628781314223","-0.65515039977965","-1.17920319513915","-3.90896316360814","-3.30959978374433","-4.27333150895809","-3.09777961588914","2.88363045447147","1.65089814036288","-4.06408356781128","-3.02916626669475","6.78695961752307","-0.190675793352243","3.27961552012374","1.19214493678312","-1.46538783581892","-3.56445807619954","0.220690602315161","1.06736212012418","5.06992326244344","3.44510838133911","-1.87874020075363","-0.367985636636127","3.60792306843297","-1.4375550805815","-0.908853955447476","-4.32514193637753","-3.76637807908575","-6.98855606069705","-2.0050061109408","1.07820430576798","5.02649451369168","1.11856353856","-3.12951607322886","5.90579864891757","-2.87734778478515","3.74471806585422","0.928732361713816","3.16981403778497","1.27743966981817","-5.90940650720982","-1.05760647475532","4.2857544110861","-0.212622122057985","6.50394528715994","3.18869079973027","-1.0384510938733","-6.68946876999383","-4.55369857066891","-8.83686797717347","-3.8630338807739","-0.678177505861058","-4.89312391364278","2.51538014436802","-0.0392418911475249","-3.04227483111389","0.857563734409078","3.64130655340657","-6.5201097280174","-9.20545155764351","-0.962192213086736","3.6508159374559","-5.47273742060317","-0.725035085709284","5.23195091288577","-4.83181164836324","-2.18010754140539","1.27565259070445","-8.39276538625966","1.63904476732378","-0.492620085209779","-2.29062996748583","3.24691967861715","-4.88019739191327","2.71852809060517","2.99651416418402","0.687586716488667","-0.936549841206746","-7.28511469069733","4.78908025859957","0.143861929136502","0.772867652004174","-2.77311997223862","-1.47641730581059","6.39992784052896","-1.91141940973554","-9.36455050693001","0.704960425471787"
"Random_Index6_32_0969","-3.31287526931219","2.30211541472952","5.5939883236781","3.1059233183733","5.01649920598908","1.94298279045092","5.04855222372578","-12.8986991873873","-3.05054039053239","-0.347334499816715","-3.81725396656726","-1.28012002364839","-0.703785516591909","7.04704298356212","-1.44616340919677","3.32754066037059","6.40527129448012","-4.79220171431429","0.0975085777991671","0.910860877771299","-4.38430685574569","6.95388986449243","-2.21551168852726","0.337799999652538","2.29898299954772","1.2376342404424","0.454470508969983","-3.96364992103914","-0.407912890139463","-1.22560738237105","-3.9528740529547","-3.27633328711287","-4.01060844695285","-2.91287335694797","2.99857279365377","1.58407024795658","-4.23658961453142","-3.32226074248406","7.11167239833092","0.0647229313394214","3.3092054209966","1.29451391354648","-1.14895503740372","-3.7554493009119","0.106844998781458","1.01414783917805","5.2547852834349","3.36481676858339","-2.10766884964815","-0.591506786555027","3.54349019931936","-1.3969020851912","-0.792909084694601","-4.45860065104578","-3.56299903145463","-7.3432186605578","-2.1222030078676","1.00625041359352","5.16490573439881","1.01218765995564","-3.20032880020152","5.9334375114681","-3.05470562342342","3.73651744769942","1.05460531889825","3.40242220102738","1.55015184116828","-5.84014897382824","-1.12921176127275","4.56507657444365","-0.0770184828963502","6.73450642332795","3.32560936626412","-1.16318449237123","-7.14070144109261","-4.58462222011442","-9.22366970677575","-4.12260626997101","-0.380823140592945","-5.51801434263421","2.5118399825255","-0.0184505747928235","-3.15019123518533","0.891504798528819","3.80013536931178","-6.79528510628059","-9.09161410459882","-0.788042250171103","3.60607337557666","-5.46669061470548","-1.12903778513159","5.54834213866143","-4.95542433899352","-2.24559421979606","1.4130804682228","-8.49142421424321","1.88516565958312","-0.591843037974075","-2.23658027638798","3.36637450550988","-5.20536217986861","2.95893286060633","2.99293922030765","0.663470669551592","-0.747683257818941","-7.54945220004042","4.83956132080844","0.0886807291547821","0.80437451438569","-2.75232281472923","-1.55599694015211","6.3084248558905","-2.20026053356341","-9.66122945991853","0.59746776780753"
"Random_Index6_32_0970","-2.87352493732422","2.05424920183054","5.50106191671019","3.06837210076613","4.7601962580589","2.23399510050581","5.14646209671759","-12.8202617456403","-2.85460073545508","-0.0248501717146346","-3.69221384310399","-1.00639435925009","-0.433774313274382","6.89591844386078","-1.17271631246401","3.1400516270015","6.30234386973016","-4.60208038208774","0.342157640206956","0.848237455800515","-4.37266298894032","6.75983057755257","-1.90763711686399","-0.0727177337173768","2.14540213115239","1.26849980108012","0.220739658406022","-3.5819828379062","-0.660145808794907","-0.93474643701691","-3.80249373341999","-3.01193753553026","-4.06828658275116","-2.97437860673084","3.21967245442962","1.77406977102895","-4.24777078850652","-3.33610819445605","6.99023729853825","0.287388537361679","3.20768978907656","1.4931209704372","-1.27514475612292","-3.51658302638385","-0.103195482514962","0.886313170471077","5.07506387987297","3.17886988105651","-1.85954093306987","-0.713822702130652","3.36875111249264","-1.11428836014111","-0.680882654556226","-4.44707316669972","-3.63427163634857","-7.0407406496321","-2.15798370619169","1.21314354916335","4.96785308065854","0.94235273221464","-3.03677408107352","5.70429811048496","-2.68568822987199","3.65807928824324","1.28393012557397","3.39252313452572","1.60937780852142","-5.78766088794009","-1.11407119631765","4.35949439597511","-0.253147506035682","6.58254189691328","3.15994714515062","-0.932452618718754","-6.78357896813912","-4.13209073299477","-8.81774578089935","-4.15663702471974","-0.281268999366735","-5.34535484560865","2.50856786582615","0.192723347826447","-2.95341666031362","0.739912597736017","3.75262484805973","-6.52283713901581","-9.04742455154706","-0.609035435634997","3.29574274281051","-5.56071200719346","-1.13683898834256","5.31640258639912","-4.99306351886727","-2.36192778963312","1.31180570403552","-8.37888661445325","1.66782755836468","-0.170637945161876","-2.33760579325766","3.56731504947939","-4.8714876543363","3.0701849756274","2.86222604674258","0.988417620419596","-0.503000547721028","-7.54995907524991","4.56846612039297","0.442272323212682","0.65453328667266","-2.68870855609038","-1.66730293077205","6.23148510717353","-2.04088554258007","-9.56952719846561","0.959981531798829"
"Random_Index6_32_0971","-3.06954673297146","2.17224532552384","5.52804290770473","3.12411239874472","4.77121118671457","2.13127451158756","5.14695808550763","-12.7736237742863","-2.92078165959111","-0.22868648447493","-3.6789453704198","-1.21374377903936","-0.685536426317801","6.93258896193736","-1.57964391224712","3.06787134940796","6.37769382155924","-4.56709087410092","0.312064171093081","0.899857225403387","-4.35006939102708","6.92769751551293","-1.98662775862555","0.188023366627146","2.21373489123269","1.15348285555314","0.380884647679988","-3.73126643308187","-0.65139161355449","-1.04281948960513","-3.90623525585513","-3.0727431745652","-3.97105132383366","-2.88877800680907","2.90214997923214","1.97870209757522","-4.28731378909426","-3.25733326732204","7.04392956920697","0.244354865423354","3.30332260848129","1.49950909705601","-1.24282087577582","-3.45769391016079","0.0152376430510174","1.00435860376209","5.00294691599998","3.16402755698611","-1.77524329411564","-0.573509973493524","3.32129321557733","-1.16715807400668","-0.717717979329343","-4.51365770444461","-3.60702940199007","-7.41303412644181","-2.1746921570606","0.965318960521622","5.11527507829192","1.18701960314342","-3.14796971986365","5.88790737811354","-2.92154567357416","3.59650455234966","1.1507856271184","3.36542810607923","1.60742467907425","-5.70449742029438","-1.00136118218233","4.4977628994862","-0.334588285372185","6.59431912445754","3.08493101363249","-0.910225259820724","-6.93565840144859","-4.49745322950683","-8.74045227479256","-4.07822623288416","-0.485958424059802","-5.37616779848934","2.40441816041411","0.182150099741966","-3.19345957725997","0.904359937117808","3.70824404095504","-6.72727447279226","-9.04853190485028","-0.728069764445658","3.48881548837982","-5.35428687893557","-1.41267917817371","5.33883010018178","-4.90561384993952","-2.18944059865268","1.29324706158931","-8.40832589707478","1.72017907186128","-0.401563952906955","-2.27309519440606","3.28930531529978","-5.17573941719551","2.74751508300127","2.8416290685273","0.771007943363825","-0.504800023191413","-7.64229698886529","4.64590078393294","0.338983189075579","0.715780089093254","-2.77384328777552","-1.65760791449712","6.10087216301432","-2.00284792015017","-9.50214425481871","0.856075674186906"
"Random_Index6_32_0972","-3.25281222605344","2.25209066294105","5.67419886964611","3.05965748516883","5.00663183795573","1.94775901840911","5.34140579537579","-12.7191687552331","-2.99166600188063","-0.384745146480336","-3.94088605839102","-1.35607586863786","-0.703804673055949","6.95182246693744","-1.48419192158239","3.12361492017324","6.36766253788394","-4.8888967970378","0.0603492401805232","0.907309219973106","-4.17627425602235","6.83341233750781","-2.18374037044228","0.267976160936148","2.50165493542597","1.25535901027887","0.472433695266449","-4.06548522540838","-0.256332519359206","-1.1648302385264","-4.05836234869281","-3.24446278169671","-3.93792236514285","-2.87533080245528","3.24979292490936","1.57815274263756","-4.03684025656228","-3.32232400995665","6.94078316606464","-0.394168127254465","3.37662476215548","1.40559621486029","-1.45282593011847","-4.018173363034","0.0680438081338194","1.02458546277755","5.23495544096328","3.36658246398101","-2.10583987870424","-0.529921890144851","3.65476853833693","-1.54088016516089","-0.691239162363625","-4.68414393271927","-3.40363278231203","-7.21764022641729","-1.70991655666561","1.3078991873778","5.11642381275154","1.3133684498253","-3.37566299083945","6.00299905420901","-2.98560491840536","3.71172246804011","0.940226725403845","3.53553507376888","1.6589789745663","-6.02293589234338","-1.28132929093447","4.48590578886192","0.105711285488248","6.50794368210958","3.23404555839241","-1.43798084037172","-6.87649615716034","-4.83756086370426","-9.16272084759266","-3.99344975299826","-0.517573789323992","-5.37745572563441","2.30865820485236","0.186095210475741","-3.09690829792735","0.860432940830413","3.69016863636337","-6.97766546159852","-9.16947835758118","-0.964324266339293","3.55727994083547","-5.55377193721215","-1.29631966738718","5.5868695817585","-4.83749361815259","-2.12193649929362","1.60510120622718","-8.66687094832399","1.76217584578936","-0.521260183037093","-1.95907021532837","3.61491645004802","-5.34241049446713","3.09803037279024","2.78032282246491","0.413242354055811","-0.806807234944736","-7.53694842478419","4.66704227160463","0.132223551747412","0.935511637563064","-2.9267645116957","-1.54502097008645","6.32671677172193","-1.97991619941481","-10.0601668237707","0.80773936206938"
"Random_Index6_32_0973","-3.4098346552277","2.13891477292497","5.47957862885246","3.09191712543228","4.8267707443196","1.96509524277852","5.19055711131363","-12.739872896214","-2.76274334163835","-0.489020887887614","-3.79737361084767","-1.30044757574252","-0.704485035449654","6.71277917706117","-1.56861553274858","2.96780105855249","6.28248311446315","-4.75424678317925","0.118138205282677","0.917672344957929","-4.10328506310558","6.73118144404312","-2.25874499419977","0.100347850641149","2.36322172464719","1.00099726671059","0.388772100463015","-3.96443823810452","-0.535512822804228","-1.07047580193913","-3.97360241760851","-3.27352932013807","-4.15694375575661","-3.06269020738516","2.99531444527436","1.51514233822868","-4.13906735414849","-2.9605701647333","6.84041142656354","-0.124892556932993","3.31681517616998","1.19192301199179","-1.45721592932353","-3.65732907531619","0.277231856086547","1.0743262627412","5.00923985553795","3.23997254867265","-2.02065382385214","-0.597481501436663","3.4132622431072","-1.36843582462713","-0.829428299914762","-4.28836263727306","-3.64135110122481","-7.00198482569144","-1.9107219290863","1.06728366122347","5.04961856950249","1.20409653247745","-3.16010824964659","5.88986843585717","-2.83363026473693","3.79685231652221","0.909005208493424","3.38372745935203","1.56376299874516","-5.80446383743591","-1.19667874390663","4.46604936882009","-0.226982490472639","6.47883244096028","3.27665032604068","-0.991423634593551","-6.78150468007047","-4.55256046367899","-8.65389457311361","-3.78180096608247","-0.512095159962438","-5.03681424520338","2.44494446755201","-0.0698219673567103","-3.10345281958383","0.776208233591146","3.64294068276413","-6.53381734561407","-9.08766980150674","-0.813645557275139","3.54484743905414","-5.61630894855801","-1.00381042860648","5.30404694785476","-4.8580462090805","-2.10333226268319","1.42566088884458","-8.35979238144262","1.67188007799852","-0.608220472731808","-2.25006189421576","3.34749229247205","-4.87991958374932","2.80423031430891","2.82701889517374","0.597511396982785","-1.00983646979641","-7.34249229170364","4.70711728199148","0.0533034488782149","0.931929952747638","-2.88808263669871","-1.53331194668863","6.34838056359583","-1.96934174639759","-9.30776165971406","0.618740783309714"
"Random_Index6_32_0974","-3.190628190234","2.48356004464952","5.90385082888711","3.39729571175982","5.08502000946397","1.9951460023849","5.19666105203287","-13.0285995603568","-2.75674331974445","-0.387417099462046","-3.89027850225274","-1.3570042422303","-0.7365543977749","7.05974132766174","-1.48299101570207","3.14789867853316","6.23804592736016","-4.85360443915484","0.0911337664022539","0.930883786375461","-3.91866855942077","7.01447740815179","-2.16838543915975","0.226342704341554","2.52227892614654","1.01113702672076","0.49423997705334","-4.01416414072657","-0.414012800017799","-1.26102250400198","-3.98253450929482","-3.23271921413702","-4.20834389306507","-2.79040909742538","2.96955986813725","1.66334182358066","-4.13137408955254","-2.92217545657648","7.07435643911082","0.00206981141657234","3.54147159816049","1.2216198704134","-1.43975188424103","-3.62842515811017","0.0542761450499336","1.08341076345955","5.29710767146506","3.62572255644594","-1.71697933336976","-0.4331846895006","3.7832588273388","-1.51735102555211","-0.94855726736828","-4.34622997100231","-3.44981521894169","-6.98688788049371","-1.96321659808572","0.981037286764938","5.40946446758185","1.39844762547424","-3.37875356637268","6.13276531127596","-3.23181401603025","3.81596253560471","0.91486748287991","3.23702693499642","1.38677680057412","-5.81207485596895","-1.37844199302451","4.56061524996392","-0.0567165286493746","6.65145542183228","3.39830178763719","-1.12891976185478","-6.75349257867848","-4.45568234226903","-8.824259036861","-3.75983282882356","-0.427611088107754","-5.18351371377488","2.48658644983196","0.167595277908006","-3.2511380584169","1.02383422908775","3.78211490667248","-6.75265865724498","-9.24884360165759","-0.90320782074112","3.82367272356318","-5.38281687674556","-1.08811136111436","5.56534462003857","-4.80354887724209","-2.25343585126752","1.51349112289371","-8.32545138139586","1.83158877474614","-0.502003471375868","-2.17189413885994","3.25765637583705","-5.16462290101585","2.75391678729256","3.05740297549862","0.606277384271803","-0.557600839065581","-7.47545018864908","4.80059577211052","0.104139616816492","0.898582075023217","-2.79408750358028","-1.61378776566087","6.40738196960706","-1.89402704547153","-9.84377343483125","0.804030277735321"
"Random_Index6_32_0975","-3.07613097877506","2.04435754958458","5.63534517592176","3.22922466496659","4.94444260204436","1.91216390188839","5.25796046296503","-13.0767032661899","-2.84197998957232","-0.25669736685592","-3.76018407923959","-1.26953945054275","-0.582352592263964","6.93747450114444","-1.5207740738251","3.28474627266705","6.36023935610002","-4.71792426968209","0.0504114318347629","0.949246466850267","-4.46901361226048","6.95856475084457","-2.17593923472989","0.187141468409854","2.36367475188444","1.26121130805237","0.576915902289797","-3.72070731216638","-0.451413662826174","-1.01872356979891","-3.91288578192304","-3.24566557945489","-4.08612550598417","-3.14816310855039","3.17374084700282","1.86465642045153","-4.28744233269705","-3.22384753579265","7.11669548196228","0.11664967730647","3.38306201989838","1.36294362615597","-1.00711793998219","-3.61792807811984","0.228343428924868","1.07620947964928","5.0855143437224","3.31860494783732","-1.96416674958324","-0.672399548388264","3.54615473631236","-1.29201235057305","-0.824022302521183","-4.41738996737654","-3.67371142390862","-7.22840127084338","-2.0704578228848","1.19268843998691","4.92474089058638","1.04813671068225","-3.19123661193841","5.76204080687925","-2.90559518455935","3.63852530992808","1.17644611917942","3.4773318039769","1.63852882079481","-5.8547438471708","-1.10084406066905","4.37091338606232","-0.115229813609929","6.58062765573071","3.25244416554164","-0.880862395104429","-6.98063558816316","-4.57001669239548","-9.11041820619599","-3.99489253782641","-0.364982203599889","-5.3847834698572","2.42777648334594","-0.0664260136402112","-3.0895739676998","0.922411727418957","3.60959077232787","-6.72284697194133","-9.17767865713855","-0.684056721349945","3.39446518938796","-5.71248396039986","-1.20699279069239","5.50459045595863","-5.1045989537696","-2.15965765768364","1.57735886272397","-8.36254759063301","1.76009415892767","-0.415027372689935","-2.24190614498854","3.62026387995123","-5.17687646123144","3.15097757383536","2.8589478397983","0.749592925457286","-0.800028606712561","-7.52203092382747","4.76084075906997","0.00115600604604985","0.95921273349402","-2.65855830867545","-1.74858108124612","6.17783307253965","-2.06731498728238","-9.49075808386922","0.646812629844037"
"Random_Index6_32_0976","-3.04593836935982","2.19891462075177","5.67678358180885","3.20918430029155","4.85782917168846","1.96307495805813","4.98487497631217","-12.9197022911773","-2.78996232004457","-0.211868781297799","-3.74935322010073","-1.03864755976246","-0.600837459161741","6.94114289963048","-1.29337158205185","2.90170972156796","6.24864867493965","-4.60993415910982","0.237932555374369","0.828446896315471","-4.29184091599373","6.90352390373707","-2.10724105245638","0.0111325864270646","2.47899863693137","1.15980064517024","0.244433746520024","-3.76691419716036","-0.640803442295301","-1.02255854893094","-3.94513431561803","-3.19654246642941","-4.06378798811884","-2.84961151521218","2.9908620281271","1.70496304323487","-3.98198685587448","-3.22907893620815","6.95264866771207","-0.0242305923912367","3.30976525027829","1.29950345554501","-1.30651602194765","-3.50030477047268","0.0558127044490576","0.742160289564256","5.17484020147938","3.31559898197112","-2.026055952651","-0.414242743723046","3.61298911494038","-1.22426220676781","-0.692823259974649","-4.41406098958464","-3.57556185131074","-7.01158369015836","-2.16037373616377","1.12559987481593","5.14572201887523","1.04162371590455","-3.0189241131638","5.79269907776322","-2.75530973202242","3.72171288614903","0.960903384545761","3.35075962693478","1.40735220376494","-5.69994548781292","-0.989699071177242","4.43660155979512","-0.357984695182309","6.65961737227048","3.17489250767471","-1.14953860599232","-6.89135312506078","-4.44144315571644","-9.01101938944158","-3.89578755585397","-0.497208799731091","-5.09756954655678","2.55432665794013","0.0137530749568979","-3.01415534583541","0.900346634790643","3.63591525876646","-6.56601620612407","-9.12948181567089","-0.755984906073332","3.53349642178139","-5.60154373119514","-0.976472418566382","5.24767975719651","-4.8440010831666","-2.30108944555028","1.3638305984002","-8.55145784542385","1.68246346745296","-0.380111301965478","-2.40415930340959","3.34887613789431","-5.09652978256953","3.01482988075215","2.96958467531096","0.598028014051765","-0.621171545366381","-7.30196410393624","4.75292229079053","0.129670047906598","0.857412723649287","-2.59903059075662","-1.47509847388275","6.36416661720426","-1.75139956666854","-9.54871358736175","0.682499513831128"
"Random_Index6_32_0977","-3.00453759414493","2.17303196736186","5.55009224902075","3.16691638325316","4.90543937897036","2.0824510391814","4.97787240563513","-12.6932565713256","-2.6945229801","-0.250089007983258","-3.65489433442247","-1.0914159394804","-0.549931529825811","6.77597831014217","-1.35802196270981","3.00523782778417","6.10508075949848","-4.4332281267978","0.32988242165215","0.866715460518307","-4.43813880653996","6.79615012034696","-2.01722069034401","0.157897872948594","2.41258894359137","0.979321675816928","0.24785027739386","-3.66493965322614","-0.48017293028164","-0.871319456816047","-3.79197578976324","-3.05592043224936","-4.1086579806343","-2.67802173726497","2.92401657228949","1.69014257215191","-4.09652357738709","-3.2496206799209","6.82330360845433","0.0297413728703109","3.3419331044582","1.3920103963477","-1.28640464997662","-3.43590140519188","0.23084373185324","0.848214045674514","5.10672809962491","3.22374741919011","-1.94643181484896","-0.528546209400691","3.49348580386899","-1.23930359226433","-0.739137889179601","-4.67007384488743","-3.54439043163731","-7.04477181205653","-2.35407757354512","1.02704345128334","5.04979962908149","0.874845617949744","-3.02668525076765","5.68143891204303","-2.73631796530242","3.71820674344952","1.02277366668898","3.1970984228251","1.45714267936861","-5.73932130873988","-0.91002103256137","4.43327394895295","-0.233888154872854","6.47768188409719","3.24068937371608","-1.03066903964104","-6.85531250451346","-4.45993506427538","-8.86907311652787","-3.91553641881232","-0.432308591118542","-5.18723677741447","2.40854161964829","0.1715516979404","-3.03501176576741","0.768116788926711","3.66362159737454","-6.51504522172512","-9.17874769798054","-0.803780619626447","3.42824229464302","-5.62621350727382","-1.09658778120605","5.28453833644346","-4.77978804508171","-2.22273949367042","1.29192516097026","-8.33477451768466","1.82395710897855","-0.345315617865948","-2.41004379739226","3.30254332009958","-4.9212681605439","2.75517708071248","2.91994907445898","0.713690617946232","-0.730597191919784","-7.40348337878393","4.6429453650294","0.283008533866575","0.712979078470812","-2.7430816874177","-1.43507146335154","6.11944158192549","-1.88729748073481","-9.42538817802318","0.727725421819545"
"Random_Index6_32_0978","-2.98778147266294","2.13246097868055","5.49253911857417","3.14341620951766","4.83254922586156","2.04331207761313","4.9979058542602","-12.8154146074477","-2.92861548740944","-0.160910939544135","-3.65742241574372","-1.07723967823561","-0.469886172687432","6.9200944967357","-1.41954888983137","2.98400829609467","6.24679067799564","-4.66123152437896","0.370434682663381","0.862674079869465","-4.26296727244015","6.94918601383027","-1.99842599844127","0.0588539692403735","2.28017408031803","1.14121522829098","0.348251710175294","-3.69221890759082","-0.643287428862537","-0.91639130170579","-3.85143129551275","-3.01661352902638","-3.99417936168064","-2.82310400379911","3.01689465736214","1.73187168541654","-4.15940730149286","-3.2980037934149","6.95073340554135","0.0849013971817681","3.35154310457303","1.45872782863591","-1.10863665426897","-3.54630896796634","-0.163829954091988","0.768516579957897","5.28688214911774","3.27929192275007","-1.78288473760952","-0.667106538084051","3.36661753215052","-1.25338815359275","-0.63340485016084","-4.70621285392594","-3.52316007011079","-6.88328095599723","-2.24899192096934","1.01357505309352","5.139887710242","0.988537579960242","-3.14384505634468","5.67530931731459","-2.9160898069135","3.6122688371709","1.2320002863404","3.1994262541952","1.64331204204731","-5.7547121014776","-0.902506600540839","4.41313495826761","-0.0929862415513382","6.56613136588594","3.15301262514639","-1.570682229521","-6.84712244549187","-4.52448193928779","-9.29700522500542","-3.91327453456351","-0.469598044596474","-5.25926461737711","2.45950975964251","0.263313127717036","-3.12952022455788","0.647542410501039","3.60099826898236","-6.63627794052035","-9.12249496201783","-0.64169793291586","3.53686024602672","-5.66003131593309","-1.2063052471107","5.30191809795536","-4.97386511401157","-2.33962620981829","1.39676190914989","-8.5981795126969","1.82237673360515","-0.365738085941805","-2.21830360087274","3.3932679650293","-5.07867894173827","2.90562308341381","2.87291234332882","0.64661020958307","-0.669374879961257","-7.44541894801169","4.63186954746972","0.29332827858547","0.83170236165611","-2.76962206558562","-1.68383595713311","6.19797018323854","-1.9131748889352","-9.59408928695456","0.907058329920336"
"Random_Index6_32_0979","-2.77624468797249","1.94138309126037","5.64607468072474","3.16325019332548","4.75107297905115","2.12198346631085","5.08580700075317","-12.7963991785664","-2.85521401750081","-0.0908020283904709","-3.70745087219894","-0.956672976991428","-0.567202618535427","6.8597125152659","-1.32395768842175","3.02497597415094","6.02540253980235","-4.3682921699723","0.367479665358049","0.873519717068626","-4.23465342770743","6.63555133013139","-2.06344575861905","0.02320012364118","2.34902964574057","1.27808898810686","0.527687614130154","-3.68681549659952","-0.559459147676705","-0.764823210110532","-3.86799486357788","-3.03411690438546","-3.84568296897375","-3.04535504480794","2.82672781374362","1.89041468129351","-4.44965224117847","-3.17721144855918","6.81907845492857","0.101901200046222","3.13532483361198","1.51443919721394","-1.0898654049862","-3.38723169378213","-0.0305524049801276","0.577649162614911","4.98657577629647","3.2509158108005","-1.69941495067809","-0.639749758896548","3.4868413474538","-1.15802657608464","-0.541231406773922","-4.41796612029694","-3.26300527232924","-6.99435915554071","-2.37224104916658","0.861431029088869","4.97407714327927","1.176039099063","-3.16881579253829","5.77305475262343","-2.85716804645508","3.54107019314821","1.12167044679108","2.99127549297906","1.64582385417431","-5.60567926403621","-0.633261877358101","4.27338385682734","-0.275941468418375","6.44296558895305","3.03805094576012","-1.04597668560684","-6.73722022900865","-4.32442724537425","-9.02665482511629","-4.00524541687275","-0.410468691521652","-5.11694810326886","2.27928817526731","0.0464500476151794","-3.21863897514421","0.66770488057971","3.53397432831766","-6.49685354504766","-9.0123939584868","-0.526247926732561","3.32683940317499","-5.53023195128629","-1.23218877130578","5.31788909888966","-4.84553410965491","-2.44747329594074","1.30219353403756","-8.30043086435658","1.70015421870894","-0.257705913429359","-2.12400830249781","3.30214454738064","-5.16760020062897","2.7194051434377","2.73176906334519","0.739951163511872","-0.473920999212618","-7.29799092461065","4.59971358145383","0.297516817629731","0.866534406420267","-2.3906693091174","-1.78383247936798","6.06658437668307","-1.89524253955846","-9.44707370147702","0.700582052772664"
"Random_Index6_32_0980","-3.07291655847494","2.13591441682816","5.55338212382658","3.24880555250418","4.97656341731858","1.89654851594464","5.21747554489481","-12.8521919839596","-2.83271108585477","-0.350940809213664","-3.85120155435833","-1.17654334378348","-0.617482113296981","6.9546326699248","-1.48849255917971","3.18738604511432","6.32163128155326","-4.89533808211858","0.119322159633023","0.969272507311053","-4.35611495958014","6.95669925723823","-2.18624440415326","0.0429202007616316","2.18067944361196","1.21127873437517","0.347357099987809","-3.92768990137797","-0.603473865980863","-1.09663856515694","-4.01834593047097","-3.11399821391205","-4.04421877478792","-2.91506688836563","3.0455146239907","1.68571285938065","-4.36324743071381","-3.06509807099388","7.00830205075709","-0.0677155704552657","3.41692738508224","1.26575621328967","-1.43178950604578","-3.65926363883039","0.164891511350912","1.03319229627042","5.20797924191846","3.28353902262923","-1.9587058088728","-0.620412331784108","3.57058129276661","-1.32199304961131","-0.727203580167578","-4.4606082435575","-3.54858092608732","-7.22956170081984","-2.02232070682345","1.06316373419928","5.13657357083457","1.32789350972974","-3.25325030370986","5.98046287760953","-2.9425539510715","3.76020638445501","1.07850713710763","3.34054475877296","1.55051574317269","-5.84627385582747","-1.1659311980898","4.57052761651037","0.032349710148946","6.51263684106657","3.097657504421","-0.93415990387936","-6.75941921001559","-4.55872219816774","-8.76701505662569","-4.01112189540789","-0.569275585753635","-5.09500342518842","2.53377289786258","-0.070861589542482","-3.19336042690356","0.858929880263303","3.80027892875042","-6.84778586306123","-9.25314678101045","-0.808627706979076","3.45851459315955","-5.74143787941245","-1.03403429757539","5.35870590729753","-4.97469162596029","-2.20981554320586","1.38118579155923","-8.49627270397317","1.71357519950199","-0.411652867770319","-2.38807738905326","3.42341573756049","-5.12621611092644","2.85863303365574","2.90837445802318","0.813721141087724","-0.820315965280275","-7.52319585869254","4.64629749781238","0.0770512424043148","0.719816714662278","-2.69811971613799","-1.65056652449228","6.30409344488867","-1.97193072742837","-9.60981272931246","0.708514691138133"
"Random_Index6_32_0981","-3.26508821279584","2.03800842886126","5.47424548973465","3.16693377254589","4.54071089419657","2.61684690214136","5.09845039428176","-13.1306050093856","-2.67684794718631","-0.102302215007569","-3.59138334921382","-1.12013114964917","-0.527533598233706","6.80196396374838","-1.21363794970421","2.83541466676724","6.5782921106612","-4.35893779640772","0.24614638347836","0.579210080946059","-5.23729479979771","6.82715244168875","-1.68968536076129","-0.32534180915456","2.3465226694826","1.04108677588884","-0.0083656013320485","-3.42335707653077","-0.732519234086456","-0.777103152460881","-3.47257982124819","-3.10769301235471","-4.17794591068019","-3.24013683815569","3.35076408149006","1.70444536195806","-4.21543667279765","-3.12029060181518","7.17808386507015","0.463441752331426","3.16744296534094","1.72084692001089","-0.946531983564702","-3.13938694571838","-0.107843012441548","1.0317112994373","4.94509332761724","3.36384837575993","-1.93073925580473","-0.596096696488055","3.23749572669038","-1.27317182830153","-0.76922844272344","-4.54944823875307","-3.88722187163292","-7.16910930015589","-2.42051073328927","1.33430333308037","5.0335006312103","0.761655416211722","-2.94105663729625","5.74447242768974","-2.45094397656385","3.58043564233455","1.23769396979487","3.66911475183911","1.33082037278921","-5.80596694537658","-1.04921045012646","4.20937929268739","-0.334583613506824","6.75996937166334","3.13908282490839","-0.904786120641334","-6.79977006901526","-4.48050837659808","-9.12789944798009","-4.12993114758042","-0.167697988950862","-5.27792162396806","2.61880030739633","0.392660160557441","-2.71231678529854","0.534853084780244","3.62053833699179","-6.48432277931578","-9.35212721516806","-0.523382851046189","3.36585250381466","-5.73844665516197","-1.06113710518797","5.14392900878364","-5.12858022027707","-2.66487406584737","1.10500881654965","-8.59625450035996","1.30296344167004","-0.0481484722451626","-2.65116854473457","3.57638013778353","-4.72847432390192","3.23349497591808","2.9040141582898","1.23049150933575","-0.425263086141475","-7.70118143305821","4.65209057284407","0.579589870284335","0.792383141013251","-2.60251825771828","-1.90212740043838","6.34790377443207","-1.97597424505955","-9.40547905379698","1.14929776111204"
"Random_Index6_32_0982","-3.28554777523633","2.13935101112602","5.47152861311925","3.15418382885273","4.49002188716273","2.2826310380803","5.39821187969949","-12.8674956691693","-2.70018580305787","-0.291322373887389","-3.76445587029363","-1.24913016100816","-0.622556360118303","6.74206422609242","-1.51590087637112","2.88055490218304","6.38901445880238","-4.56400625231706","0.237673818760034","0.619601213700186","-4.45258195145668","6.70106765108403","-2.00083982934418","-0.138011641626152","2.42162422620968","1.07467340853805","0.183070218625721","-3.70492810784567","-0.841066138548564","-0.876490357317581","-3.57976091576454","-3.0031790527312","-4.0907590830609","-3.12944955495083","3.23088351953731","1.51072384093545","-4.08840486668836","-2.90100675334196","6.91625990691193","0.166685006410059","3.28549700380314","1.4002549825186","-1.13622225139062","-3.37485764712516","-0.0126271103850941","1.0147555637214","4.76892787838024","3.33845486739071","-1.76900325391941","-0.422354715904841","3.27657073201043","-1.33200828957079","-0.638569850853191","-4.57661549539696","-3.56638132904284","-7.29136181115425","-2.30448216970414","1.23958750463481","5.02611656233022","1.07963406188619","-2.81716784832204","5.75526331866978","-2.69978869637939","3.51726178463681","1.11527309384911","3.45465565014217","1.5408725027712","-5.89419551267973","-0.987712848110744","4.19280671923139","-0.319919195174256","6.48036608078315","3.20878950780342","-0.940612833809009","-6.67471745756756","-4.48705407568626","-9.02541752752276","-3.98271316341216","-0.258217531143477","-5.01075653695648","2.54624889265117","0.185478038982685","-2.81350404940513","0.738586423343495","3.6151997220952","-6.52801886522697","-9.214841969196","-0.731820830679155","3.46081679776969","-5.59325814716386","-1.15052691067145","5.16697843781513","-5.04055190856943","-2.30372911258504","1.09700903196335","-8.37748091916927","1.38821140107111","-0.235334683005495","-2.44495436274891","3.47576111933841","-4.93117403876278","2.93061299759446","2.87352980740419","0.862253796454096","-0.614374125815068","-7.54658740069374","4.7074946310877","0.423923686318789","0.825368062086603","-2.68202645913289","-1.64377050065506","6.22351516018301","-1.97808410319195","-9.35809552740405","1.04465655573508"
"Random_Index6_32_0983","-3.25450802429256","1.96314965470171","5.34118235936203","2.96246278482717","4.77604755661297","2.15567940170167","5.36825802498863","-13.020326684514","-2.79534831238193","-0.238162777189865","-3.66625746129577","-1.08054888047465","-0.469351427442105","6.75390116462754","-1.35866226356526","2.80249010709021","6.46222462933254","-4.64218906042696","0.304228674114175","0.735712908276659","-4.49961628163782","6.70562324706504","-1.98972308033215","0.0253173304193989","2.32702983216273","1.31334076335615","0.263110776640749","-3.82425890803414","-0.707595218721666","-0.862801910733119","-3.73243157058836","-2.97023258283396","-3.90355906723079","-3.15604563045444","3.14621625241618","1.50029175421031","-4.20660996289725","-2.93817525219675","6.92717330819081","0.11722345589571","3.05487959560448","1.41223218176189","-1.16777350480758","-3.6128515893716","0.0776738400151261","0.977939925716617","4.87978008941874","3.24336470362674","-1.99292813321955","-0.60475397104637","3.48249181457313","-1.24749079108992","-0.588775858917538","-4.45060983568868","-3.3945854309089","-7.16143701536588","-2.21189045719512","1.19308111742164","5.04742486252316","1.03585874613392","-3.11874192917526","5.86274594249097","-2.67863444557321","3.64012572628759","1.19910853585025","3.56564650755471","1.85995789795323","-5.7808211796319","-1.04873856946699","4.29003271165365","-0.133596473515319","6.71016435089638","3.05974487744998","-0.89280364109179","-6.90130717983634","-4.52075052867885","-9.22770318944671","-4.03318862467587","-0.2905532887162","-5.44018649536715","2.34075544091163","0.201007665946795","-2.91061296656614","0.775357082750459","3.53703884009189","-6.80534535640259","-9.06021796996931","-0.652055064298345","3.36666925900039","-5.69615208556048","-1.22590768909902","5.2352805768723","-5.15952422145715","-2.55041216590641","1.1841315110461","-8.36142343860172","1.59092817060841","-0.246847486020236","-2.2600518875777","3.40503203356606","-5.099986926239","2.80158475837391","2.77801701786265","0.857179104158256","-0.722666394213367","-7.87754705641363","4.79321962495861","0.326225196755256","0.903770827488483","-2.54207167358891","-1.80235321750003","6.23397164384283","-2.17120661295586","-9.70265173402165","0.873716471282579"
"Random_Index6_32_0984","-3.06984167225247","2.08036482713208","5.44060458360205","3.07268074240329","4.79162680990248","1.93741720970299","4.92956231103066","-12.5569287302045","-2.9749473833841","-0.146267746261337","-3.70404196357864","-0.988062084166407","-0.619253902239795","6.97122260496529","-1.36578885802929","3.02960090655211","6.41128959881807","-4.71138851984839","0.343194554833005","0.755889182013441","-4.48390055087673","6.78782283374853","-1.94208970801204","-0.0298237571614703","2.24981253360734","1.14858358493016","0.302489200943811","-3.71090622194065","-0.529418417169317","-1.0508674413872","-3.86313843444203","-2.81123560491489","-3.83570550988745","-2.96886038213203","3.38943823695797","1.46895928620137","-4.21584912649153","-3.09336507981878","6.84206050110572","-0.11256419511077","3.15316277995668","1.37927481420702","-1.06316348099348","-3.63895603335739","0.0866786724288967","0.940032479245739","5.00824812730829","3.20417858235697","-2.15965518912784","-0.594780672986789","3.60991686335077","-1.19926120904386","-0.585019012140857","-4.50606566681113","-3.38204613750506","-7.22769086285427","-2.06691569838506","1.46609786408826","5.01095153809077","0.937939262182585","-3.16470914089336","5.86158877813758","-2.7719229667273","3.54226032882592","1.07548331004991","3.55223998454492","1.54523542566801","-5.56160277383245","-0.795744694044986","4.38142429448956","-0.0959697994869986","6.59108655573243","3.10612929910652","-1.34592496782567","-6.85005722511078","-4.46092061954515","-9.05773891877686","-4.05457643976171","-0.376607812279768","-5.07347030056557","2.57341891351196","0.217614663709846","-2.98076327876922","0.611684033793997","3.6676265951681","-6.71412807434716","-9.15140285435276","-0.770301020960537","3.29730710764105","-5.85221258655444","-1.1225330996394","5.14815644497501","-4.87301812471561","-2.4635744847718","1.32722708628362","-8.3755711045856","1.69999641859697","-0.400820762536869","-2.08363993310044","3.79336611104343","-5.18264476473123","3.14772342853519","2.8681852584477","0.56236539051921","-0.728704977677091","-7.43639146030207","4.67227567262586","0.27197875955833","0.850636303888169","-2.61498891435842","-1.60596156419682","6.26789541584015","-2.1814265263331","-9.65743338857983","0.949000383175278"
"Random_Index6_32_0985","-3.16291952661157","2.24179035243169","5.66075997962194","3.22041938160569","4.94955406720456","1.86864832310766","5.166506748777","-12.7289894775893","-2.88524473507074","-0.478197947970801","-3.89006111067124","-1.35242257187011","-0.717505487925916","7.04540051757703","-1.53983437281583","3.18042222634473","6.26341855495073","-4.86745334599788","0.0714779650912511","1.16971581607944","-4.22041211256571","6.95337120633232","-2.16025394016975","0.236770021091962","2.36588816408833","1.11273401963924","0.409237521336559","-3.86288180220816","-0.425204483337382","-1.0796953992571","-4.05388788012534","-3.17978069667158","-4.05423380239008","-2.97536102163919","3.04915484832548","1.74063928886174","-4.2261985972726","-3.13589950911197","7.04582291359577","-0.220486705721547","3.37438646735075","1.2563015095826","-1.39309032862905","-3.73901246646637","0.206360772976166","0.97687956248407","5.15918968185035","3.32188639510062","-1.97723264332255","-0.609420527685568","3.71442803527756","-1.4179496435396","-0.819530566092107","-4.46256375582677","-3.44779181866403","-7.04901323170829","-1.91281207010265","1.03152801128238","5.12518276217445","1.22292301809193","-3.23573078117735","5.90128306274428","-2.99557304374679","3.8430615945485","0.896096214976995","3.30235796806314","1.6084576071759","-5.87254743781894","-1.06057492321038","4.49687493300946","0.0771538696052489","6.6629780285562","3.21346339136917","-1.20687557501033","-6.89700844217218","-4.48970851083749","-9.01964522053202","-4.0463790957256","-0.621713557578184","-5.09774044887145","2.46082423942298","-0.00874371742850185","-3.22562093237843","0.811379017582336","3.79303692678662","-6.87735002403722","-9.10719560772437","-0.701481823844081","3.54182445892943","-5.73680496853625","-1.23305752324219","5.54075938114302","-4.78797952643459","-2.25594442409775","1.5327487650233","-8.42194918844688","1.8234183110289","-0.529247821980023","-2.20744764208635","3.44120204381562","-5.10268553878501","2.97345875229103","2.93930397074789","0.591410743994345","-0.871507196497364","-7.53095879183772","4.69865375400452","0.0174390080154186","0.790406631297032","-2.6213335653001","-1.41533785596749","6.29972248432788","-2.01259336788774","-9.45712893598166","0.594373484716313"
"Random_Index6_32_0986","-2.88015957043841","2.21214617460274","5.68119881320321","3.29069023441471","4.86818167055799","1.92640286275408","5.02225303869366","-12.7212149000181","-2.90140699972643","-0.394132841088257","-3.83060537193771","-1.34963396576361","-0.81960495843429","6.87716677168802","-1.52172273102437","3.08867648258698","6.15614030223756","-4.77662230609601","0.0132816968550549","0.99560776124882","-4.32060820117432","6.93301066439052","-2.12336038906301","0.285890122817143","2.55200969829504","1.02240144746461","0.509783312620138","-3.87732468704745","-0.401694802055668","-1.05437543631449","-3.97362253416537","-3.354835565645","-4.09703241738766","-2.83206120484704","2.87897205853993","1.73898216627061","-4.26280642129249","-3.21585367722761","7.15754899941475","0.0357127903099056","3.35653126227949","1.23648690097294","-1.23297838861621","-3.59237338246886","0.128676190088017","1.11104389281489","5.21658950492868","3.37452693744486","-1.89396977554913","-0.489544837305032","3.62123896520004","-1.333747533103","-0.915116232153665","-4.17464461528373","-3.51265970340599","-7.08745809033527","-2.11754752970849","0.850335314934671","5.15848767778987","1.10151764115061","-3.3815048088232","5.78478171756053","-2.94344322894403","3.77909292054118","0.986347000491527","3.08619436801504","1.47310648727149","-5.83889522558715","-1.29981325505885","4.57264289113347","-0.175956523493771","6.53658684710401","3.19316985888184","-1.0569091039044","-6.81992698428843","-4.39697195108981","-8.67891357954435","-3.90691749520204","-0.609598073487923","-5.12392166473916","2.44564582080589","0.211182575559077","-3.0268188945053","1.11982383097909","3.77050508815274","-6.65653838010647","-9.19217270468872","-0.868710270140505","3.57201630001275","-5.40482241955429","-1.05165661241673","5.60424736008822","-5.09961168265611","-2.16431780943041","1.44671755734015","-8.36083612164164","1.80960367376259","-0.484614824135759","-2.19289733659302","3.23333586198621","-5.2124695874273","2.83321126634062","2.93044855734888","0.692897615937941","-0.694930441259584","-7.43456196781366","4.76394679056183","0.20973885596136","0.740909882592893","-2.65783264644886","-1.5446469362257","6.09945589361435","-1.96908816101188","-9.58494714803003","0.821257918163471"
"Random_Index6_32_0987","-2.81826429985275","2.04158728777635","5.53080799482801","3.07978329854366","4.64383606017449","1.88678733083934","5.24775109571204","-12.7016348624636","-2.64355697131414","-0.30932245214715","-3.71691516192798","-1.17479226135797","-0.583157970491126","6.72252557048611","-1.34905111734344","2.96885004365323","6.17035359530921","-4.69205189774012","0.262583575113621","0.84223400061748","-4.22479567356084","6.72469266346602","-2.1159613869957","-0.10376798623078","2.28771908739734","1.00693925684985","0.340528120369869","-3.80178872228137","-0.728306711807813","-0.946743072924937","-3.7705135072959","-2.99275409250365","-4.08731725445988","-2.96262561078113","2.82979133633117","1.76437656221034","-4.16491500100766","-2.92899844860711","6.9493546184976","0.0493654258220717","3.15344164807952","1.3342469640641","-1.12406983906591","-3.35996007132245","-0.201498102588759","0.825869500077414","4.96898699430025","3.21149710061052","-1.83474236462038","-0.759832071039595","3.36780181167134","-1.25997237448793","-0.74856719865156","-4.49231245035394","-3.5035679720198","-6.91823212657666","-2.20973289919685","0.790461824210925","5.02713633729542","0.853634553067221","-3.01796935412625","5.79581961473713","-2.90291384545288","3.48194659640764","1.09862915435296","3.19914525391268","1.61192340547899","-5.74042219985764","-0.893821675192742","4.21858909242244","-0.387604036314213","6.38085342034284","3.15189493792601","-1.01635051156108","-6.48386713729816","-4.50797998430952","-8.77907029999367","-3.89049197449448","-0.442146567179944","-4.88122382174332","2.37958549185897","-0.00574692036424347","-3.13093381705511","0.757029779206215","3.55401798771726","-6.47764945752331","-9.21770988299111","-0.713817339896673","3.3713380469461","-5.42954938007132","-1.17735406222639","5.27915027625934","-4.78891977136034","-2.16023683221416","1.21116576744734","-8.38074756862865","1.56794789722846","-0.185358158132889","-2.47706668609038","3.17548689889069","-4.91278634296186","2.85449114147309","2.78637845613827","0.720264601580744","-0.789417460711928","-7.40927865816302","4.53188970273725","0.122571851116231","0.830456066724005","-2.56964283893229","-1.66470414020808","6.24075360260347","-1.86487044609827","-9.33035977757269","0.561035609635103"
"Random_Index6_32_0988","-3.05993642716097","2.22942147817328","5.6691646102552","3.17936019008831","4.89060430330906","1.80129012305203","5.16113325901453","-12.6414682581807","-3.00409284861831","-0.465423498104013","-3.9236539812161","-1.23272706562126","-0.724850780417621","7.09723461087016","-1.54055742138475","3.22094267971632","6.3308682914504","-4.77850776399767","0.0984207538917075","1.08710673953383","-4.2349897481552","6.94442414592026","-2.11520178532934","0.229986269072962","2.19872986620679","1.1539628929147","0.602368496540692","-3.93900395714619","-0.359052254510908","-1.02140687747317","-3.91954767565393","-3.2309229491397","-3.95721942695857","-2.93016648490895","3.0679348755287","1.58225811677765","-4.32453887934518","-3.27411705986058","7.09927358461022","-0.141992161221993","3.48170703981537","1.29163946114053","-1.14478607632061","-3.74921161216444","0.201944727289492","0.919125104514854","5.11139013122579","3.3650886172913","-1.98532689398194","-0.69557235151529","3.70821054806286","-1.32426806374122","-0.752929323838118","-4.52240287949591","-3.45608687113455","-7.27742601676229","-1.95228750886076","1.07136980162391","5.14735575970368","1.12998744053843","-3.45561898137447","5.90101575499998","-3.22730904496864","3.85400723533354","0.957181324061617","3.34417800691433","1.64705400458404","-5.78127510652725","-1.19504820461903","4.57589869114392","-0.0439108221954106","6.74883073465349","3.23842218260445","-1.15952885467401","-6.94190961185049","-4.549963859529","-9.10032901373873","-4.05250469579139","-0.644386420413776","-5.20981776703845","2.42918485346555","0.0383661541228501","-3.37094621517834","0.91646944946414","3.77715137423977","-6.99499362410232","-9.18726566502587","-0.889759524409005","3.59162118876651","-5.59340026783545","-1.28962121917951","5.50373876942584","-4.81176724244726","-2.22304588438293","1.63942013608671","-8.42679712739328","1.94884668607857","-0.563390978111018","-2.06712125156622","3.45917834025815","-5.27130457645087","2.94544023111932","2.86479072351203","0.535945554963016","-0.710627819002247","-7.60333250777835","4.69600904476633","0.165337506562552","0.876722416060578","-2.75833103828151","-1.57965828899246","6.26937028785483","-2.16930168259155","-9.77686313373671","0.574037010734826"
"Random_Index6_32_0989","-3.26422831587992","2.10017958448026","5.45885155435711","3.16089212655587","4.75601133255564","2.1408178642927","5.19335338601745","-12.9229505608157","-2.93796548897404","-0.343438942561574","-3.64317686797077","-1.16852129885733","-0.613302322923599","6.9765300036115","-1.46080146824131","3.17053038051379","6.18256816755037","-4.65877907860883","0.271673520753596","0.854179753856416","-4.48417599962426","6.9639796910531","-2.00526210244926","0.0544963450891631","2.20142630617086","1.12951100204667","0.231038838033907","-3.65956048387782","-0.610985417540625","-1.09210240067607","-3.81664767094853","-2.99083579875934","-4.17607968827655","-3.04364879483839","3.14481547276051","1.74627558930585","-4.25045510899613","-3.34156622445294","7.0938320523175","0.161487878848516","3.34485517273097","1.41900029461686","-1.16664594433941","-3.61657052654476","0.0442588367153192","1.03577271856135","5.03846185864165","3.40729539793019","-1.75451147890327","-0.679212790939313","3.48461402968322","-1.30670206555144","-0.763951829587324","-4.4471049401283","-3.54055149800761","-7.28965825101185","-2.19280032724301","1.17984146546732","5.16441891304929","1.15769142228257","-3.08020299104236","5.75481545326064","-2.76666698079788","3.55907911678294","1.17521011398682","3.34585047528289","1.51988544756523","-5.75575663599331","-1.01355036910145","4.46660583478606","-0.044450406831751","6.63769607344455","3.12587744600968","-1.04361215372872","-7.09454349006029","-4.62275821378006","-9.01584940921826","-4.237880545586","-0.415013370700947","-5.36332510907652","2.49618798120743","0.222501972146044","-2.93994459485895","0.83224537450772","3.81219626804625","-6.79980194695089","-9.3363514082525","-0.745196106683123","3.42327572674484","-5.45881817280143","-1.14924448400109","5.34006721393745","-4.85787698091024","-2.41579288965379","1.38924708536239","-8.67626713536451","1.61424367550192","-0.441740864392298","-2.28046081667484","3.54822764898191","-4.96463110904802","2.92546830533361","2.9073814610966","0.871874521487616","-0.614896864303825","-7.62138722730818","4.73966910701034","0.301196661375483","0.683009466452874","-2.75807333619196","-1.7118183417732","6.2176188263247","-2.30776182723045","-9.68721377037831","0.978622128893507"
"Random_Index6_32_0990","-3.17015898980564","2.15890779477042","5.55653092032497","3.25158106714241","4.81685180538379","2.02291180311729","5.18611787681905","-12.9241277774004","-2.877459647677","-0.308947191998555","-3.81983751444425","-1.26018996948483","-0.661854540007227","6.86097234769678","-1.49719430703389","3.38281237422054","6.18556512543895","-4.66867642891836","0.0441211719442264","1.00520513001611","-4.34881197540726","6.86965471964381","-2.1226531477555","0.110729070042218","2.33656901465874","1.21356412419743","0.334789982254533","-3.78105862374435","-0.64286482378909","-1.09636019026356","-3.88969957483005","-3.16950693587458","-4.20521367518434","-3.05319506250582","3.02908063759733","1.76436884093293","-4.17322106098082","-3.15806126657878","7.01076607868024","0.0758453208383247","3.31628885608439","1.39936503437987","-1.16405087439441","-3.68605767720516","0.167616223355006","0.978900558481235","5.06885788624899","3.30986941679784","-1.82388860076184","-0.575691321259656","3.59552169454195","-1.21491595755469","-0.842497649957536","-4.32308913910984","-3.65237894289319","-7.28863662422251","-2.20624218865574","1.04774566323206","5.13101564817385","1.09607280416832","-3.04049171994276","5.81972314490308","-2.78898401679484","3.67140302883049","1.13056167917525","3.18797505908722","1.59375340185386","-5.78345361868131","-1.13702077767447","4.49244130431972","-0.0837452641980716","6.391685656939","3.2094955952465","-0.975898718896749","-7.01097853966898","-4.59172046531842","-8.84744582696743","-4.03570756393089","-0.372590947911697","-5.14920902765938","2.26409614585847","0.181313077344346","-2.99121471137049","1.01061830934546","3.68342873929288","-6.72505170235468","-9.31882373377549","-0.837961750151078","3.49300627438941","-5.52091096401665","-1.13844215778764","5.44107447474509","-5.13532955292762","-2.16799950999884","1.54898263307565","-8.49605901525029","1.65037045321732","-0.399545298124689","-2.36485511477242","3.3706593448567","-5.02720606758576","2.73017648002508","2.77885043579364","0.776932892929552","-0.609644898183579","-7.65012181132522","4.60619533165017","0.176349560140758","0.807587388542566","-2.70744293991451","-1.65040056238906","6.21853243292884","-2.01857281405973","-9.57107327341534","0.865162932122427"
"Random_Index6_32_0991","-3.16979077557693","1.99935235864813","5.37248158534328","3.068475950695","4.66249717415215","2.34422451401039","5.05831543399102","-12.8051055241935","-2.62219859900174","-0.000220345385077553","-3.43884414672271","-1.02478035253765","-0.50248347441596","6.76534114847564","-1.1357114880631","2.85736449320192","6.34918064187447","-4.56875696785341","0.408273066111935","0.583098945915471","-5.06624002513795","6.58430692725383","-1.84948164681292","-0.261770248180688","2.27744582233499","1.25997223602356","0.290114488286415","-3.51446922910533","-0.812451970335302","-0.794750735337004","-3.63005211892501","-2.87335719082251","-4.04539916719154","-3.16552977918301","3.27706351654372","1.64413933477923","-4.09125414324559","-3.02134702972914","6.88128681731021","0.281405134794734","3.1325372647107","1.61796501283107","-1.08743516530136","-3.38934545100758","-0.100699659727261","0.832814285790348","4.96412016727561","3.27317603573753","-1.90494947192399","-0.595204212500126","3.31051139684496","-1.13512019577177","-0.618215137442822","-4.48022116991288","-3.66396798067518","-6.98270268732222","-2.42132245394743","1.24885582123536","4.966406370289","1.04331690578678","-3.02628546891899","5.72761038317976","-2.60130998171808","3.56184977225574","1.09920844804199","3.57928926229821","1.42353353653379","-5.72271822180082","-1.08810659636858","4.15597068160119","-0.409501642121883","6.69216778939591","3.03215201550512","-0.997300937070315","-6.79887862674137","-4.31489202490836","-9.1665659657003","-3.99064787173417","-0.162236324831159","-5.13325548538532","2.51212722510223","0.331250700936617","-2.87142378632402","0.411102164511801","3.57059665297257","-6.41816944452674","-9.00501980529446","-0.741108468435766","3.33278210284405","-5.67246401303693","-1.16205281076441","5.10351172721282","-5.05175887446","-2.61782745797272","1.14167361807453","-8.34799942130815","1.38459290639003","-0.179723665699756","-2.48438344749625","3.57631996536667","-4.84348983698686","3.20708057377174","2.88473935153932","0.980386880063642","-0.578948907878492","-7.45946770221732","4.52774947498947","0.412400313424916","0.65240445796287","-2.64064852033858","-1.908435659768","6.2244573302094","-1.82145486946701","-9.51877969393606","1.02260789062946"
"Random_Index6_32_0992","-3.22302503900468","2.22987967034756","5.61643978578289","3.21286803782923","4.8955312144786","1.90151493014038","5.00363924694676","-12.8218667171967","-2.86694813007617","-0.400533371463151","-3.76089477959287","-1.2364998601841","-0.756737097138489","6.8162398332179","-1.52594442179442","3.09224342214914","6.36591210266848","-4.62806099328543","0.0639525136483589","0.824401617920877","-4.17061316788676","6.85192589725341","-2.1542913846378","0.0415515857989883","2.56907930811286","0.942254604852932","0.355398301430241","-3.84664806615194","-0.610649402783373","-1.13257942563368","-3.87523213843749","-3.27922875582663","-4.11348863518669","-2.90585472409809","3.17652417745983","1.61148763848885","-4.21223732417143","-3.01303591564178","6.95479398315007","-0.0855066101628972","3.32488918385756","1.11927612777591","-1.21363124748084","-3.58349125364919","0.185438794084128","0.977699102552509","5.18386816186329","3.31554114044632","-1.96371743754302","-0.452984331662564","3.50127351062634","-1.63537048793062","-1.06292494218982","-4.43410631868856","-3.72202810901848","-6.97205184247439","-2.18581612199213","1.25139104636455","5.06116047490771","1.0661538273747","-3.21948043922436","5.82602785231172","-2.82027158065427","3.76373696927062","0.869534388705142","3.42637082555143","1.41334539283619","-5.71226029959695","-1.20088170147707","4.44872744737572","-0.123444085356552","6.56468718330451","3.36479108960042","-1.02249602896308","-6.8449084471936","-4.42075762042567","-8.75139895852209","-3.7601017332052","-0.472355806826954","-5.03555568779395","2.55744270824288","-0.0685419616671665","-3.00473773979732","0.771682561390371","3.70399074549401","-6.75137051460108","-9.21055118503616","-0.969598679072686","3.52616607308093","-5.51648618379566","-0.93697635897091","5.21388663492795","-4.73884767754988","-2.19698153030502","1.4031393969831","-8.28539551117434","1.66793602446852","-0.534545190966505","-2.34253784452386","3.48315846117618","-5.11401443866227","3.02143594083916","2.98774897590862","0.564420501058113","-0.803707712615053","-7.37270215491467","4.66088178669566","0.162436116784315","0.920259935527105","-2.77782161225339","-1.45967219949329","6.31404714782069","-1.94049693247894","-9.50025776314441","0.612999142690642"
"Random_Index6_32_0993","-3.14045569701284","2.18821947851028","5.560173745216","3.15653239426711","4.76828042991106","2.06797853495773","5.278882754117","-12.9314267808263","-2.82499957357489","-0.418223855045413","-3.74482545445445","-1.19092732465259","-0.62310036470571","6.71407213964866","-1.41492891785935","3.04418489786977","6.39456069034815","-4.59424165848202","0.16940407417828","0.99500144667816","-4.33171218158961","6.68297023569832","-2.05108908894949","0.00756094541622859","2.44427145858695","1.12615564466751","0.258426193683277","-3.84126706250749","-0.516675736576452","-1.02792119158956","-3.7556523020058","-3.09574984813651","-4.03263046154709","-2.87876787494337","3.12420134433727","1.72804164475375","-4.10712799495509","-2.92253732363487","6.98736809947562","0.123861246087195","3.29121802579129","1.23466808196744","-1.17881512129515","-3.63923354002134","0.199221459164227","0.972598404984111","5.01652148607224","3.38670279513061","-2.08905969942828","-0.383679970311793","3.605584004427","-1.45034150958467","-0.790227742676394","-4.46583020285413","-3.56444680146608","-7.21894038604677","-2.24941071173143","1.12368696004835","5.08167806751295","0.96849140033035","-2.95527342287144","5.90552903211842","-2.74940855632349","3.79212135483877","1.18040066254823","3.39096808236435","1.62446869310381","-5.81628919654348","-1.17231607151386","4.49946096547623","-0.0441108963260761","6.66176540471524","3.31662411182105","-0.904854883745173","-6.71474049463402","-4.48360324088468","-8.92828153859444","-3.94324120397249","-0.408829633619647","-5.1809253739364","2.51603430674521","0.0547910324242888","-3.03293463418409","0.94236663530852","3.73767143316625","-6.73499619926281","-9.2810026566179","-0.748455606694734","3.49931444722132","-5.41547998609302","-1.02469683137246","5.27095408582992","-4.90816752982609","-2.28822765850333","1.52022987298799","-8.34675551730665","1.55611274438608","-0.331080425701452","-2.35884721174923","3.38974371034905","-5.14410236218677","2.87602636855983","2.94790322120716","0.760195210366433","-0.634365391786654","-7.65337822174625","4.72653569549701","0.207902019967991","0.972562923511843","-2.68317233332402","-1.41102013373253","6.3051760524879","-1.91945391277265","-9.64197203237517","0.829343878100131"
"Random_Index6_32_0994","-3.02487352979155","2.0470108597569","5.42952923605354","3.08411938703802","4.91181705254191","2.03360323643239","4.94105902248064","-12.9535911976408","-2.7129303277102","-0.23208883403934","-3.63403285884333","-1.13190921228247","-0.392729828620821","6.83182051318943","-1.25329747662255","2.97742132160728","6.19274131135239","-4.69736609556704","0.2745618134732","0.832331358560268","-4.20833026400277","6.7795177593835","-2.00095276036537","-0.0478033922502755","2.51343083726322","1.12364852143264","0.354329713391279","-3.80750458086852","-0.562417084003279","-0.976809305794649","-3.91391238970894","-3.15143273632647","-3.97305287285769","-3.08644944001713","2.93425944457993","1.67265616036891","-4.24164428196818","-3.125139891144","6.97427375883448","0.000171630168404182","3.30703245174223","1.35858835275919","-1.31243715488876","-3.63451480826866","0.129003222390006","0.889408942580904","5.23343230320252","3.3834487788453","-2.05199724808783","-0.523766944324304","3.65037546915324","-1.27345855394385","-0.713167815480653","-4.30053954583328","-3.71770127253057","-7.09117626623371","-2.09276022172182","0.988469829848586","5.19202846671384","1.07110860633087","-3.256841447957","5.90309476587786","-2.72732991663161","3.69241897448029","1.09076539994192","3.22594009964918","1.43493296815433","-5.74061448905577","-1.08879940463365","4.44532831033763","-0.199891239615731","6.52414558295025","3.20311741202917","-1.20563994970739","-6.89346221263155","-4.48755724012935","-9.33368867790221","-3.81942175709481","-0.34922459481062","-5.26200906686273","2.4117550537327","0.175698321458689","-2.94617801859271","0.739676083786227","3.85566696886173","-6.55849660009627","-9.03403273506136","-0.608394270483924","3.594526310142","-5.64450007439077","-1.07630931171205","5.21509844550957","-5.07005799870212","-2.37866184049429","1.50985447328881","-8.46628692766001","1.62843741395175","-0.419316849896283","-2.3159435917878","3.30459092796445","-5.10037903507349","2.72814189595766","3.01864458769215","0.627734370725598","-0.816492671268599","-7.45806194495812","4.85501449354089","0.202063418808501","0.986702204349713","-2.70633111579393","-1.61404702559483","6.38381302749794","-1.92641745504559","-9.80964291095839","0.809783629175292"
"Random_Index6_32_0995","-2.94529697074278","1.98850078785957","5.50945752537598","3.13518295419433","4.70101951686974","2.08890111782903","5.3289595620202","-13.0137178949308","-2.80234157930019","-0.276906754046269","-3.62317868453925","-1.1902120744006","-0.639290605943305","6.77774321431337","-1.41677037670853","3.14084309154018","6.25568243089932","-4.33711196814439","0.272144078162499","0.944146308332798","-4.36845209579175","6.85882731907406","-2.06196267717823","-0.140393395773118","2.38747114614819","1.26773890106451","0.212061343349066","-3.79388623105711","-0.362156668756853","-1.14049446769879","-3.95243700158218","-2.97456423579408","-4.15921407171598","-3.08773831823289","3.07098899810321","1.79272685653015","-4.09173958853501","-2.98734794384801","6.9639986399166","0.123210335284728","3.25226220485204","1.41359218669781","-1.20955515834189","-3.59943345547394","0.295357420602227","0.876590355892258","4.98167303903379","3.09133159076248","-1.81006747111985","-0.661842038137153","3.41757707148516","-1.28062671116909","-0.845702107148247","-4.33575472378405","-3.69150443458143","-7.36052442085441","-2.17451438501935","1.0973187021546","4.98469648703705","1.04244666802667","-3.20617338497936","5.76071110328149","-2.80036279787404","3.59869546364645","1.0840203079969","3.33999494010754","1.60506331019532","-5.66894487472361","-1.08155956976484","4.35642630495758","-0.190817376499945","6.49397931334945","3.027937622284","-0.940569451247377","-6.85049796043074","-4.53459888214049","-8.66617598476882","-4.16589584067109","-0.349982694077065","-5.10810184186104","2.39370731431143","0.175237192735819","-2.95867105714016","0.796877474336445","3.68515580434954","-6.71602280184933","-9.207430616409","-0.847260419699102","3.32331342199497","-5.43887608880723","-1.14579835249504","5.28366667664371","-5.02754134257333","-2.18352266628152","1.22870132835869","-8.46307697297545","1.50803961327867","-0.397806493909028","-2.61937833041869","3.46689891692377","-5.0768130341976","2.87680988028677","2.7769573279953","0.751118178844471","-0.374110472393814","-7.56021910115681","4.55830897863721","0.344006077547972","0.64695635019279","-2.60589390762426","-1.74609889355778","6.12255197469703","-2.02542266244923","-9.41627961887219","0.977823772882807"
"Random_Index6_32_0996","-3.24094650160873","2.1572537974594","5.50477592257016","3.05723300046575","4.88265271482633","2.09470496117508","5.20419039122103","-12.9414900717541","-2.66663955869866","-0.242486301504998","-3.65443615541039","-1.08258442605872","-0.540349997088327","6.98413392800231","-1.38123946546602","3.15948137862416","6.24788957863603","-4.76976321037046","0.364342160853791","0.940916174501685","-4.24102493437405","6.89924610481397","-1.92407692144003","0.0938930303463131","2.22634743833986","1.19486891625551","0.47572458994381","-3.68253908946118","-0.570269595502698","-0.962574346000618","-3.75977291617679","-2.94621601518151","-4.00939337557536","-3.00406987160951","3.02381077296376","1.8364985184556","-4.25552987677378","-3.34255090799404","6.97799237202616","0.0384184145207482","3.38233704718661","1.52230865145769","-1.22807327529451","-3.5535991763699","0.0591955275488532","1.07914881227792","5.29897116758558","3.35549412374315","-1.70526434233825","-0.802348056528863","3.51866371645933","-1.19411472253599","-0.527620369125986","-4.42792502830606","-3.38644894246325","-7.19329781211116","-2.13120231391729","0.972684362798244","5.10057165024174","1.42129921017623","-3.06634471914241","5.92408599727828","-3.02068022890961","3.5993530377099","1.13307578902175","3.33631278881145","1.72170757818332","-5.71895774761011","-1.05839304133671","4.47723173636012","0.130322025132455","6.493185289611","3.11174716183189","-1.09224055940032","-6.90255923038968","-4.36775700329796","-9.03619786892622","-4.06060865012847","-0.33298850005016","-5.28126377774948","2.21555835594989","0.288667870039532","-3.13543824197137","0.703009433050851","3.62448638025833","-6.79895806468814","-9.31675626066525","-0.713043542802101","3.54265940663936","-5.44375491339295","-1.39853399181071","5.49098083481665","-4.83206022136123","-2.43791767164124","1.39156206880827","-8.53895388172141","1.74965812358538","-0.404865079020204","-2.20428546263704","3.39646450296622","-5.0948847180345","2.89084545416822","2.66483290272916","0.784690496378534","-0.672527582321237","-7.51349400872598","4.65895066911285","0.34525397877583","0.761079047491762","-2.70708888932694","-1.78034361865116","6.09810866434465","-1.93337465285351","-9.80858670089149","0.787297628976664"
"Random_Index6_32_0997","-3.2008893576106","2.05300007405313","5.57828760697755","3.01014687527915","4.80698274071673","2.09176966165857","4.96971504439808","-13.1183707216002","-2.80095370552767","-0.00967730736164262","-3.66632525088066","-0.947991144034164","-0.420425172617265","7.00462448375869","-1.17326055328523","3.22631391123652","6.20362856689126","-4.70641526008943","0.541252883240212","0.90401394556282","-4.33962396805805","6.76094289735325","-1.80924709641125","-0.0509921667822464","2.1590389434763","1.34290317208922","0.438475833325208","-3.62900493109737","-0.55047683371378","-0.900912931768111","-4.04739770811816","-3.0567241826609","-3.80122624036551","-3.23721939762092","3.12025253363656","1.86262768714995","-4.38585184432289","-3.33731936819796","6.81360800612143","0.209862121512581","3.26054667628232","1.57310753355336","-1.08631880865348","-3.58657295250551","-0.0170381145825469","0.699270129710066","5.0386332467958","3.2113427852464","-1.97201522714328","-0.764617537189841","3.57092474300767","-1.22416572589616","-0.588522561124739","-4.40768951466653","-3.57398376585167","-7.16391491709969","-2.32735383958141","1.14908847321005","4.95600840369815","1.19045093012568","-3.28278237313628","5.73634068350237","-3.04097958116443","3.62281988853152","1.30568904058995","3.22146348814407","1.71119955876651","-5.64183329223255","-0.905739949106209","4.31713666623765","0.113753557878107","6.48377943148959","3.02496229220667","-1.42885611673922","-6.89740135941504","-4.23775338069147","-9.14341126212246","-4.23657822231171","-0.369317773936923","-5.23222472765363","2.28246243982302","0.335529176964232","-3.11658474385348","0.652232073063377","3.66581865505131","-6.7501580120141","-9.17867355699928","-0.578981772045626","3.27662007546049","-5.75878127655737","-1.27246961164219","5.3222564685878","-5.12873673025897","-2.4292479612227","1.44959967348205","-8.27460829508702","1.83461774523679","-0.342560411284764","-2.24245744805976","3.55419662961151","-5.14912419783327","2.9379689353847","2.72991185283475","0.803312889042461","-0.561599010198218","-7.73643501369003","4.38062374774539","0.385089226303497","0.732056575733869","-2.4748398488417","-1.83101763611462","6.21417249708163","-2.0246680123426","-9.7614840122189","0.855208230496778"
"Random_Index6_32_0998","-2.98955205646659","1.7584714341539","5.32146737233855","2.83214478869082","4.83116563249598","2.11128411877525","5.02829509757867","-12.9858588213226","-2.67458561361635","-0.10357681461172","-3.54140292661821","-1.05643987997286","-0.359220244283228","6.57204634477231","-1.26729670317332","2.9837121212691","5.98255968053144","-4.56934190462781","0.542508249093483","0.74320207813447","-4.40890700567518","6.54783908975394","-1.81203741140669","-0.0497529216446073","2.18963491709833","1.56716960638323","0.502777297996776","-3.64694912041703","-0.561148542683256","-0.907138157187308","-3.64706433573532","-2.81591017072156","-4.06395025993128","-3.44151716268687","3.04436534113814","1.87015562669393","-4.25855145821104","-3.06684439773832","6.67003355029892","0.223501776577221","2.8991028432714","1.5335175337205","-1.19562021886789","-3.4456543848881","-0.1477640830279","1.06736803462552","4.82936302536664","3.06816162431343","-1.8394163275249","-0.894650524017915","3.25930666078636","-1.08072652496325","-0.474415044322567","-4.20897737179946","-3.52077402519178","-6.95923246056765","-2.27820119177809","1.07983393606502","4.82756011582832","1.05166352562681","-3.01219356973371","5.65350095273045","-2.88034870242525","3.35120676737244","1.30888117423339","3.207507005339","1.75380089407365","-5.5684839157138","-0.946407908665606","4.10344680408435","-0.00168575894968056","6.24042238703085","2.92743901553066","-0.974156051798268","-6.89600216793769","-4.45279283091699","-8.98594330027765","-3.95729207992584","-0.0971188062023071","-5.29619337074624","2.02846233279953","0.345017610265122","-3.09321889334386","0.703477775283646","3.26884411256508","-6.60947180442612","-8.8218313856668","-0.490447452614402","3.19066984240992","-5.7058914441082","-1.32503646453991","5.22102451150891","-5.40208566079813","-2.42016059641564","1.33076897028949","-8.16624834488029","1.52834741269476","-0.145684317853774","-2.28075722975921","3.39834431689454","-5.09925488339721","2.70655876111414","2.55331894591157","0.927870015920299","-0.558806700447","-7.76143010445914","4.45690766154601","0.351269447726033","0.625171824288072","-2.45003055295143","-1.96290650563708","5.98535923704915","-1.87991321075142","-9.57157751833722","0.889089753686267"
"Random_Index6_32_0999","-3.19111336393193","2.35087007865653","5.89250404103964","3.49068216037028","5.1938354911227","1.85003630474531","5.15757397011194","-12.9554760961127","-3.1719576920378","-0.517608568670946","-4.04781060459052","-1.3904173752387","-0.958610538786355","7.04465096583179","-1.61415390172461","3.25172845716313","6.36074841812951","-4.88846169626692","-0.00325581414605417","1.04426292235684","-4.05516144390761","6.97815680585739","-2.19274567005516","0.29428531504381","2.54762111111324","0.986755048438072","0.506557702893303","-4.00815549365428","-0.329489318467777","-1.29535516497292","-4.26967069290096","-3.41062233797477","-4.07594435603744","-2.92965681745429","3.12850398562426","1.60513518770256","-4.33465320007356","-3.13718731037217","7.07851580481274","-0.106045415022505","3.62185099671153","1.14179694270249","-1.45340625697643","-3.87392055993315","0.432947946682462","0.954383061587752","5.37561603276706","3.45612196462981","-2.08973662557396","-0.441503979672972","3.68392685172861","-1.63574344555596","-1.01866788996455","-4.36956571628301","-3.66949575171453","-7.3142451733076","-2.09412046799533","1.25521400985681","5.29735605073995","1.4506994684989","-3.44349230003575","6.18606904868069","-2.94315197783155","3.99859176856039","0.977126025269547","3.35744153462726","1.41780270026668","-5.85853179271186","-1.0578494574313","4.7965139232037","-0.201451919739414","6.82504141870623","3.29893378023755","-1.0571922433036","-6.7648117911944","-4.68578730680803","-8.80779843209712","-4.11417424088232","-0.687051371464836","-5.07061283921571","2.63015707499844","0.090149225950452","-3.21454746077986","0.914709009842525","3.90352197631686","-6.75458761934939","-9.40224250868181","-1.01177407165652","3.62772640738632","-5.56008355125785","-0.90413378470935","5.33951263894052","-4.76223109515985","-2.04297495458931","1.67965800176643","-8.41341311897969","1.89578171629052","-0.699977554282494","-2.26260990981816","3.55404578668457","-5.32506008639808","2.99468778023138","3.00673506530006","0.605048540166843","-0.855040616670131","-7.57772437699441","4.80413158201115","0.157145969246067","0.947438179048677","-2.85326443234454","-1.59603963490166","6.46986515481342","-2.10862371983505","-9.73210040586177","0.734390100498625"
"Random_Index6_32_1000","-3.26332064021509","2.10751646586591","5.61807291223061","3.20430681593397","4.83795745157198","1.92709597878139","5.14856048700949","-12.9940171908283","-2.99725974615695","-0.528821209918149","-3.92748117192376","-1.43582407442339","-0.791804186496001","6.94893867345412","-1.46457585086775","2.99692361727948","6.54807085292009","-4.90994281053735","-0.0361171288976554","0.951310662359533","-4.21353789440671","6.78339862977628","-2.08972178479789","-0.00231208644312387","2.38425237098855","0.915475107060659","0.559284300758742","-3.90781111873893","-0.644847465895866","-1.18026810809495","-3.87851599033047","-3.17218166219844","-4.13571917360173","-3.2099167694192","3.28080169750393","1.45152543315016","-4.2043844862386","-2.99823210479923","7.12306743351301","-0.0328116188473749","3.31297066886578","1.20890802384638","-1.37340313191415","-3.6880448106602","0.150535270692066","1.30810962595757","5.00909342347662","3.45139715566665","-1.97907154382982","-0.64569767130507","3.34126748852807","-1.56782560657611","-0.874005629127983","-4.40525598168048","-3.64913828579793","-7.10135178410931","-1.87273368185596","1.29308206529533","5.13269896605266","1.14965830141233","-3.35362208836239","5.8285146670031","-2.897126980287","3.47637222919951","0.987562987391587","3.58798800473936","1.38241792043959","-5.89599577270291","-1.1569147689461","4.43369149995538","-0.225968297635475","6.78036047300808","3.15848811686921","-1.06320800679498","-6.86945324196353","-4.73469488148283","-8.99201873935439","-4.10901088821166","-0.317969907532471","-5.32586918329874","2.45367274420817","0.143934812341992","-3.04277956777494","1.01992041810598","3.80309567558337","-6.80106120857531","-9.42950588142438","-0.875636410965264","3.59840928326953","-5.32150787870731","-1.08409180557104","5.4531817826216","-4.97776698181179","-2.1765680151981","1.50667925406991","-8.46908056693926","1.62266248443396","-0.487873551981251","-2.33738433537006","3.66411146954883","-4.98369024323754","3.22270399134933","2.91319445609767","0.703815758942394","-0.63319172838332","-7.66287521653009","4.7663755706578","0.134208437305981","0.631613062192727","-2.91585404649496","-1.68962783350034","6.26263679961787","-2.14361027421453","-9.68933610576612","0.88020926686204"
